MS SubClass,MS Zoning,Lot Frontage,Lot Area,Alley,Lot Shape,Land Contour,Lot Config,Land Slope,Neighborhood,Condition 1,Bldg Type,House Style,Overall Qual,Overall Cond,Year Built,Year Remod/Add,Roof Style,Exterior 1st,Exterior 2nd,Mas Vnr Type,Mas Vnr Area,Exter Qual,Exter Cond,Foundation,Bsmt Qual,Bsmt Cond,Bsmt Exposure,BsmtFin Type 1,BsmtFin SF 1,BsmtFin Type 2,BsmtFin SF 2,Bsmt Unf SF,Total Bsmt SF,Heating QC,Central Air,Electrical,1st Flr SF,2nd Flr SF,Low Qual Fin SF,Gr Liv Area,Bsmt Full Bath,Bsmt Half Bath,Full Bath,Half Bath,Bedroom AbvGr,Kitchen AbvGr,Kitchen Qual,TotRms AbvGrd,Functional,Fireplaces,Fireplace Qu,Garage Type,Garage Yr Blt,Garage Finish,Garage Cars,Garage Area,Garage Qual,Paved Drive,Wood Deck SF,Open Porch SF,Enclosed Porch,3Ssn Porch,Screen Porch,Pool Area,Fence,Misc Val,Mo Sold,Yr Sold,Sale Type,Sale Condition,SalePrice,HasPool,HasFire,HasAC,HasFence,HasGarage,AmenitiesCount,Garage Yr Blt_was_missing,Garage Area_was_missing,Garage Cars_was_missing,BsmtFin SF 1_was_missing,BsmtFin SF 2_was_missing,Bsmt Unf SF_was_missing,Total Bsmt SF_was_missing,Bsmt Full Bath_was_missing,Bsmt Half Bath_was_missing,Pool Area_was_missing,Mas Vnr Area_was_missing
20,RL,60.0,7200,NoAlley,3.0,Lvl,Inside,2.0,NAmes,Norm,1Fam,1Story,5,7,1955,2007,Gable,VinylSd,VinylSd,None,0.0,2.0,2.0,Slab,0.0,0.0,0.0,0.0,0.0,0.0,0.0,0.0,0.0,4.0,Y,4.0,827,0,0,827,0.0,0.0,1,0,2,1,2.0,5,Mod,1,1.0,Detchd,1967.0,1.0,1.0,392.0,3.0,2.0,0,0,0,0,0,0,NoFence,0,4,2010,WD ,Normal,107500,0,1,1,0,1,3,0,0,0,0,0,0,0,0,0,0,0
160,RL,36.0,2268,NoAlley,3.0,Lvl,Inside,2.0,NridgHt,Norm,Twnhs,2Story,7,5,2003,2004,Gable,VinylSd,Wd Shng,Stone,106.0,3.0,2.0,PConc,4.0,3.0,1.0,6.0,567.0,1.0,0.0,197.0,764.0,4.0,Y,4.0,764,862,0,1626,0.0,0.0,2,0,2,1,3.0,6,Typ,0,0.0,BuiltIn,2003.0,2.0,2.0,474.0,3.0,2.0,0,27,0,0,0,0,NoFence,0,7,2009,WD ,Normal,173000,0,0,1,0,1,2,0,0,0,0,0,0,0,0,0,0,0
20,RL,80.0,9605,NoAlley,3.0,Lvl,Corner,2.0,SawyerW,Norm,1Fam,1Story,7,6,2007,2007,Gable,VinylSd,VinylSd,None,0.0,3.0,2.0,PConc,4.0,3.0,1.0,1.0,0.0,1.0,0.0,1218.0,1218.0,4.0,Y,4.0,1218,0,0,1218,0.0,0.0,1,1,3,1,3.0,6,Typ,0,0.0,Detchd,2007.0,2.0,2.0,576.0,3.0,2.0,0,178,0,0,0,0,NoFence,0,4,2009,WD ,Normal,159000,0,0,1,0,1,2,0,0,0,0,0,0,0,0,0,0,0
50,RM,60.0,10320,Grvl,3.0,Lvl,Corner,2.0,IDOTRR,Artery,1Fam,1.5Fin,4,1,1910,1950,Gable,Wd Sdng,Wd Sdng,None,0.0,1.0,1.0,CBlock,3.0,2.0,1.0,1.0,0.0,1.0,0.0,771.0,771.0,1.0,Y,4.0,866,504,114,1484,0.0,0.0,2,0,3,1,2.0,6,Sal,0,0.0,Detchd,1910.0,1.0,1.0,264.0,3.0,0.0,14,211,0,0,84,0,NoFence,0,9,2007,COD,Abnorml,50000,0,0,1,0,1,2,0,0,0,0,0,0,0,0,0,0,0
70,RL,63.0,15576,NoAlley,3.0,Lvl,Inside,2.0,Crawfor,Norm,1Fam,2Story,6,7,1915,1976,Gable,Wd Sdng,Plywood,None,0.0,2.0,2.0,BrkTil,4.0,3.0,1.0,1.0,0.0,1.0,0.0,840.0,840.0,4.0,Y,4.0,840,840,0,1680,0.0,0.0,2,0,4,1,2.0,8,Typ,0,0.0,Attchd,1960.0,1.0,1.0,308.0,3.0,2.0,0,0,160,0,0,0,NoFence,0,3,2008,WD ,Normal,177000,0,0,1,0,1,2,0,0,0,0,0,0,0,0,0,0,0
50,RM,50.0,5925,NoAlley,3.0,Lvl,Inside,2.0,OldTown,Norm,1Fam,1.5Fin,4,6,1900,1950,Gable,MetalSd,MetalSd,None,0.0,2.0,2.0,BrkTil,2.0,3.0,1.0,2.0,122.0,3.0,448.0,0.0,570.0,3.0,N,4.0,761,380,0,1141,0.0,0.0,1,0,3,1,2.0,6,Typ,0,0.0,Detchd,1930.0,1.0,1.0,252.0,2.0,2.0,0,0,96,0,0,0,NoFence,0,5,2007,ConLw,Normal,85000,0,0,0,0,1,1,0,0,0,0,0,0,0,0,0,0,0
90,RL,64.0,7018,NoAlley,3.0,Lvl,Inside,2.0,SawyerW,Feedr,Duplex,2Story,5,5,1979,1979,Gable,HdBoard,HdBoard,None,0.0,2.0,2.0,Slab,0.0,0.0,0.0,0.0,0.0,0.0,0.0,0.0,0.0,2.0,Y,4.0,1114,1114,0,2228,0.0,0.0,2,0,6,2,2.0,8,Typ,0,0.0,Detchd,1979.0,1.0,2.0,720.0,3.0,2.0,73,0,0,0,0,0,NoFence,0,6,2009,WD ,Alloca,147983,0,0,1,0,1,2,0,0,0,0,0,0,0,0,0,0,0
20,RL,70.0,8197,NoAlley,3.0,Lvl,Inside,2.0,NAmes,Norm,1Fam,1Story,7,5,2003,2009,Gable,VinylSd,VinylSd,BrkFace,506.0,3.0,2.0,PConc,4.0,3.0,1.0,6.0,1188.0,1.0,0.0,292.0,1480.0,4.0,Y,4.0,1480,0,0,1480,1.0,0.0,2,0,3,1,3.0,7,Typ,0,0.0,Attchd,2003.0,2.0,2.0,620.0,3.0,2.0,252,73,0,0,0,0,MnPrv,300,2,2010,WD ,Normal,214000,0,0,1,1,1,3,0,0,0,0,0,0,0,0,0,0,0
90,RL,73.0,8917,NoAlley,2.0,Lvl,Inside,2.0,NAmes,Norm,Duplex,1Story,5,5,1967,1967,Gable,Plywood,Plywood,None,0.0,2.0,2.0,CBlock,3.0,3.0,1.0,1.0,0.0,1.0,0.0,1584.0,1584.0,2.0,Y,4.0,1584,0,0,1584,0.0,0.0,2,0,4,2,2.0,8,Typ,0,0.0,Detchd,1967.0,1.0,2.0,506.0,3.0,2.0,0,0,0,0,0,0,NoFence,0,10,2006,WD ,Normal,119000,0,0,1,0,1,2,0,0,0,0,0,0,0,0,0,0,0
70,RL,53.0,7155,NoAlley,3.0,Lvl,Inside,2.0,Crawfor,Norm,1Fam,2Story,7,8,1918,1990,Gambrel,Wd Sdng,Wd Sdng,None,0.0,2.0,2.0,BrkTil,3.0,2.0,2.0,1.0,0.0,1.0,0.0,600.0,600.0,4.0,Y,4.0,628,600,0,1228,0.0,0.0,1,0,3,1,2.0,6,Typ,1,4.0,Detchd,1918.0,1.0,1.0,215.0,2.0,2.0,0,113,0,0,195,0,MnPrv,0,5,2009,WD ,Normal,137000,0,1,1,1,1,4,0,0,0,0,0,0,0,0,0,0,0
20,RL,73.0,10530,NoAlley,2.0,Lvl,Corner,2.0,NAmes,Norm,1Fam,1Story,6,5,1971,1971,Hip,Plywood,Plywood,None,0.0,2.0,2.0,CBlock,3.0,3.0,1.0,5.0,282.0,2.0,35.0,664.0,981.0,2.0,Y,4.0,981,0,0,981,1.0,0.0,1,1,3,1,2.0,5,Typ,0,0.0,Detchd,1979.0,1.0,2.0,576.0,3.0,2.0,0,312,40,0,0,0,NoFence,0,3,2007,WD ,Normal,143250,0,0,1,0,1,2,0,0,0,0,0,0,0,0,0,0,0
20,RL,107.0,14450,NoAlley,3.0,Lvl,Inside,2.0,NridgHt,Norm,1Fam,1Story,9,5,2006,2007,Gable,CemntBd,CmentBd,BrkFace,315.0,4.0,2.0,PConc,5.0,3.0,4.0,1.0,0.0,1.0,0.0,2121.0,2121.0,4.0,Y,4.0,2121,0,0,2121,0.0,0.0,2,1,3,1,4.0,8,Typ,1,5.0,Attchd,2007.0,3.0,3.0,732.0,3.0,2.0,124,98,0,0,142,0,NoFence,0,5,2007,New,Partial,415298,0,1,1,0,1,3,0,0,0,0,0,0,0,0,0,0,0
30,RM,51.0,6120,NoAlley,3.0,Lvl,Inside,2.0,BrkSide,Norm,1Fam,1Story,5,7,1925,1950,Gable,MetalSd,MetalSd,None,0.0,2.0,2.0,BrkTil,3.0,3.0,1.0,3.0,489.0,1.0,0.0,279.0,768.0,2.0,N,4.0,1015,0,0,1015,0.0,0.0,1,0,3,1,2.0,6,Min1,0,0.0,Detchd,1925.0,1.0,1.0,450.0,3.0,2.0,0,0,112,0,120,0,MnPrv,620,7,2006,WD ,Abnorml,88000,0,0,0,1,1,2,0,0,0,0,0,0,0,0,0,0,0
20,RL,95.0,10324,NoAlley,2.0,Lvl,Corner,2.0,CollgCr,Norm,1Fam,1Story,8,5,2008,2008,Gable,VinylSd,VinylSd,BrkFace,140.0,3.0,2.0,PConc,4.0,3.0,3.0,6.0,872.0,1.0,0.0,382.0,1254.0,4.0,Y,4.0,1254,0,0,1254,1.0,0.0,2,0,2,1,3.0,5,Typ,0,0.0,Attchd,2008.0,2.0,3.0,810.0,3.0,2.0,168,92,0,0,0,0,NoFence,0,3,2009,WD ,Normal,221800,0,0,1,0,1,2,0,0,0,0,0,0,0,0,0,0,0
160,RM,24.0,1879,NoAlley,3.0,Lvl,CulDSac,2.0,Blueste,Norm,Twnhs,2Story,6,6,1980,1980,Gable,MetalSd,MetalSd,None,0.0,2.0,2.0,CBlock,4.0,3.0,1.0,6.0,366.0,1.0,0.0,150.0,516.0,2.0,Y,4.0,516,516,0,1032,0.0,0.0,1,0,2,1,2.0,5,Typ,1,3.0,Detchd,1980.0,1.0,2.0,462.0,3.0,2.0,213,0,0,0,0,0,GdPrv,0,12,2008,WD ,Normal,116500,0,1,1,1,1,4,0,0,0,0,0,0,0,0,0,0,0
20,RL,40.0,13673,NoAlley,2.0,Lvl,CulDSac,2.0,Sawyer,RRAe,1Fam,1Story,5,5,1962,1962,Gable,HdBoard,HdBoard,None,0.0,2.0,3.0,CBlock,3.0,3.0,1.0,1.0,0.0,1.0,0.0,1140.0,1140.0,2.0,Y,4.0,1696,0,0,1696,0.0,0.0,1,1,3,1,2.0,8,Min2,1,3.0,Attchd,1962.0,2.0,1.0,349.0,3.0,2.0,0,30,0,0,0,0,NoFence,0,3,2007,WD ,Normal,143900,0,1,1,0,1,3,0,0,0,0,0,0,0,0,0,0,0
20,RL,42.0,14892,NoAlley,2.0,HLS,CulDSac,2.0,Gilbert,Norm,1Fam,1Story,9,5,2006,2007,Gable,VinylSd,VinylSd,Stone,160.0,4.0,2.0,PConc,5.0,3.0,4.0,6.0,1320.0,1.0,0.0,426.0,1746.0,4.0,Y,4.0,1746,0,0,1746,1.0,0.0,2,0,3,1,4.0,7,Typ,2,4.0,Attchd,2006.0,3.0,3.0,758.0,3.0,2.0,201,39,0,0,0,0,NoFence,0,10,2009,WD ,Normal,377500,0,1,1,0,1,3,0,0,0,0,0,0,0,0,0,0,0
20,RL,65.0,11479,NoAlley,3.0,Lvl,Inside,2.0,Edwards,Norm,1Fam,1Story,6,7,1950,1987,Gable,Wd Sdng,Plywood,None,0.0,2.0,2.0,CBlock,3.0,3.0,1.0,6.0,104.0,3.0,387.0,172.0,663.0,4.0,Y,4.0,1074,0,0,1074,1.0,0.0,1,0,3,1,3.0,6,Typ,1,3.0,Attchd,1987.0,1.0,1.0,467.0,3.0,2.0,0,52,52,0,0,0,MnPrv,0,6,2010,WD ,Normal,144500,0,1,1,1,1,4,0,0,0,0,0,0,0,0,0,0,0
60,RL,64.0,7713,NoAlley,3.0,Lvl,Inside,2.0,Gilbert,Norm,1Fam,2Story,7,5,2007,2007,Gable,VinylSd,VinylSd,Stone,16.0,3.0,2.0,PConc,4.0,3.0,1.0,1.0,0.0,1.0,0.0,728.0,728.0,4.0,Y,4.0,728,728,0,1456,0.0,0.0,2,1,3,1,3.0,7,Typ,0,0.0,Attchd,2007.0,3.0,2.0,400.0,3.0,2.0,100,24,0,0,0,0,NoFence,0,7,2007,New,Partial,177594,0,0,1,0,1,2,0,0,0,0,0,0,0,0,0,0,0
20,RL,102.0,11660,NoAlley,2.0,Lvl,Inside,2.0,Gilbert,Norm,1Fam,1Story,6,5,2006,2006,Gable,VinylSd,VinylSd,None,0.0,3.0,2.0,PConc,4.0,3.0,3.0,1.0,0.0,1.0,0.0,1326.0,1326.0,4.0,Y,4.0,1326,0,0,1326,0.0,0.0,2,0,3,1,3.0,6,Typ,0,0.0,Attchd,2006.0,3.0,2.0,427.0,3.0,2.0,100,0,0,0,0,0,NoFence,0,7,2006,New,Partial,174190,0,0,1,0,1,2,0,0,0,0,0,0,0,0,0,0,0
60,RL,85.0,11800,NoAlley,2.0,Lvl,Inside,2.0,Timber,Norm,1Fam,2Story,7,5,2003,2004,Gable,VinylSd,VinylSd,BrkFace,94.0,3.0,2.0,PConc,4.0,3.0,4.0,6.0,766.0,1.0,0.0,356.0,1122.0,4.0,Y,4.0,1146,1340,0,2486,1.0,0.0,3,1,5,1,3.0,10,Typ,1,4.0,BuiltIn,2003.0,3.0,2.0,452.0,3.0,2.0,143,32,0,0,0,0,NoFence,0,7,2007,WD ,Normal,279900,0,1,1,0,1,3,0,0,0,0,0,0,0,0,0,0,0
50,RM,60.0,8239,NoAlley,3.0,Lvl,Inside,2.0,OldTown,Artery,1Fam,1.5Fin,5,6,1920,1962,Gable,MetalSd,MetalSd,None,0.0,2.0,2.0,BrkTil,3.0,3.0,1.0,3.0,176.0,1.0,0.0,832.0,1008.0,2.0,Y,4.0,1060,185,0,1245,0.0,0.0,1,0,3,1,2.0,6,Typ,0,0.0,Detchd,1962.0,1.0,1.0,315.0,3.0,2.0,0,0,334,0,0,0,NoFence,0,3,2010,WD ,Normal,100000,0,0,1,0,1,2,0,0,0,0,0,0,0,0,0,0,0
60,FV,114.0,8314,Pave,2.0,Lvl,Corner,2.0,Somerst,Norm,1Fam,2Story,7,5,1997,1998,Hip,Wd Sdng,Wd Sdng,None,0.0,3.0,2.0,PConc,4.0,3.0,1.0,1.0,0.0,1.0,0.0,569.0,569.0,4.0,Y,4.0,854,840,0,1694,0.0,0.0,2,1,3,1,3.0,6,Typ,1,3.0,BuiltIn,1997.0,1.0,1.0,434.0,3.0,2.0,0,382,0,0,110,0,GdPrv,0,11,2006,WD ,Normal,200000,0,1,1,1,1,4,0,0,0,0,0,0,0,0,0,0,0
20,RL,73.0,12285,NoAlley,2.0,Lvl,Inside,2.0,NAmes,Norm,1Fam,1Story,7,6,1960,1960,Gable,Plywood,Plywood,BrkFace,128.0,2.0,2.0,CBlock,3.0,3.0,1.0,4.0,544.0,1.0,0.0,785.0,1329.0,3.0,Y,4.0,1329,0,0,1329,0.0,0.0,1,1,3,1,2.0,5,Typ,2,4.0,Attchd,1960.0,1.0,2.0,441.0,3.0,2.0,0,0,203,0,0,0,NoFence,0,8,2009,WD ,Normal,176000,0,1,1,0,1,3,0,0,0,0,0,0,0,0,0,0,0
50,RL,60.0,7200,NoAlley,3.0,Lvl,Inside,2.0,NAmes,Norm,1Fam,1.5Fin,5,4,1950,1982,Gable,VinylSd,Wd Sdng,None,0.0,2.0,2.0,CBlock,3.0,3.0,1.0,3.0,180.0,4.0,352.0,676.0,1208.0,3.0,Y,3.0,1136,768,0,1904,1.0,0.0,1,1,3,1,2.0,7,Min1,0,0.0,Attchd,1950.0,1.0,1.0,240.0,3.0,2.0,0,0,168,0,0,0,GdPrv,0,5,2009,WD ,Normal,138000,0,0,1,1,1,3,0,0,0,0,0,0,0,0,0,0,0
50,RL,80.0,8480,NoAlley,3.0,Lvl,Inside,2.0,NAmes,Norm,1Fam,1.5Fin,5,5,1947,1950,Gable,MetalSd,MetalSd,None,0.0,2.0,2.0,CBlock,3.0,3.0,1.0,3.0,442.0,1.0,0.0,390.0,832.0,2.0,Y,4.0,832,384,0,1216,0.0,0.0,1,0,2,1,2.0,6,Typ,0,0.0,Detchd,1947.0,1.0,1.0,336.0,3.0,2.0,158,0,102,0,0,0,NoFence,0,10,2008,COD,Abnorml,118500,0,0,1,0,1,2,0,0,0,0,0,0,0,0,0,0,0
20,RL,60.0,12450,NoAlley,3.0,Lvl,Inside,2.0,SawyerW,RRAe,1Fam,1Story,5,5,2003,2004,Gable,VinylSd,VinylSd,BrkFace,126.0,3.0,2.0,PConc,4.0,3.0,1.0,6.0,729.0,1.0,0.0,365.0,1094.0,4.0,Y,4.0,1094,0,0,1094,1.0,0.0,1,0,3,1,3.0,6,Typ,0,0.0,Detchd,2004.0,1.0,2.0,576.0,3.0,2.0,0,0,0,0,0,0,NoFence,0,5,2007,WD ,Normal,149000,0,0,1,0,1,2,0,0,0,0,0,0,0,0,0,0,0
80,RL,66.0,19255,NoAlley,2.0,Lvl,Inside,2.0,SawyerW,Norm,1Fam,SLvl,6,5,1983,1983,Gable,Wd Sdng,Wd Sdng,BrkFace,100.0,3.0,2.0,CBlock,4.0,3.0,3.0,3.0,70.0,6.0,450.0,0.0,520.0,3.0,Y,4.0,1338,0,0,1338,0.0,0.0,1,1,2,1,3.0,5,Min2,1,1.0,Attchd,1983.0,1.0,2.0,576.0,3.0,2.0,0,0,0,0,0,0,NoFence,600,9,2009,WD ,Normal,156500,0,1,1,0,1,3,0,0,0,0,0,0,0,0,0,0,0
50,RL,78.0,17503,NoAlley,3.0,Lvl,Inside,2.0,NAmes,Artery,1Fam,1.5Fin,6,5,1948,1950,Gable,VinylSd,VinylSd,None,0.0,2.0,2.0,CBlock,3.0,3.0,1.0,1.0,0.0,1.0,0.0,912.0,912.0,2.0,Y,4.0,912,546,0,1458,0.0,1.0,1,0,3,1,2.0,6,Typ,1,4.0,Attchd,1948.0,1.0,1.0,330.0,3.0,2.0,192,0,0,0,0,0,NoFence,0,1,2010,WD ,Abnorml,97500,0,1,1,0,1,3,0,0,0,0,0,0,0,0,0,0,0
60,RL,97.0,13478,NoAlley,2.0,Lvl,Corner,2.0,NridgHt,Norm,1Fam,2Story,10,5,2008,2008,Gable,CemntBd,CmentBd,Stone,420.0,4.0,2.0,PConc,5.0,3.0,4.0,6.0,1338.0,1.0,0.0,384.0,1722.0,4.0,Y,4.0,1728,568,0,2296,1.0,0.0,2,1,3,1,4.0,10,Typ,1,4.0,BuiltIn,2008.0,2.0,3.0,842.0,3.0,2.0,382,274,0,0,0,0,NoFence,0,6,2009,ConLI,Normal,451950,0,1,1,0,1,3,0,0,0,0,0,0,0,0,0,0,0
60,RL,85.0,11475,NoAlley,3.0,Lvl,Inside,2.0,NWAmes,RRAn,1Fam,2Story,6,6,1975,1975,Gable,VinylSd,VinylSd,None,0.0,2.0,2.0,CBlock,4.0,3.0,1.0,5.0,550.0,1.0,0.0,163.0,713.0,2.0,Y,4.0,811,741,0,1552,1.0,0.0,2,1,3,1,2.0,6,Typ,1,3.0,Attchd,1975.0,2.0,2.0,434.0,3.0,2.0,209,208,0,0,0,0,MnPrv,0,2,2006,WD ,Normal,179900,0,1,1,1,1,4,0,0,0,0,0,0,0,0,0,0,0
30,RL,45.0,8212,Grvl,3.0,Lvl,Inside,2.0,Edwards,Norm,1Fam,1Story,3,3,1914,1950,Gable,Stucco,Stucco,None,0.0,2.0,1.0,BrkTil,3.0,2.0,1.0,3.0,203.0,1.0,0.0,661.0,864.0,2.0,N,1.0,864,0,0,864,1.0,0.0,1,0,2,1,2.0,5,Typ,0,0.0,Detchd,1938.0,1.0,1.0,200.0,3.0,2.0,0,0,96,0,0,0,NoFence,0,6,2010,WD ,Normal,58500,0,0,0,0,1,1,0,0,0,0,0,0,0,0,0,0,0
20,RL,102.0,9373,NoAlley,2.0,Lvl,Corner,2.0,NAmes,Norm,1Fam,1Story,5,6,1953,1953,Gable,MetalSd,MetalSd,BrkFace,84.0,2.0,2.0,CBlock,3.0,3.0,1.0,3.0,500.0,2.0,196.0,456.0,1152.0,2.0,Y,4.0,1152,0,0,1152,0.0,0.0,1,1,3,1,2.0,6,Typ,0,0.0,Detchd,1971.0,1.0,2.0,636.0,3.0,2.0,0,0,0,0,0,0,NoFence,0,5,2008,WD ,Normal,137500,0,0,1,0,1,2,0,0,0,0,0,0,0,0,0,0,0
20,RL,95.0,19508,NoAlley,3.0,Lvl,Inside,2.0,Veenker,Norm,1Fam,1Story,6,5,1974,1974,Gable,HdBoard,ImStucc,BrkFace,144.0,2.0,2.0,CBlock,3.0,3.0,3.0,5.0,800.0,1.0,0.0,630.0,1430.0,2.0,Y,4.0,1430,0,0,1430,0.0,1.0,2,0,3,1,2.0,6,Typ,2,3.0,Attchd,1974.0,1.0,2.0,484.0,3.0,2.0,117,108,165,0,0,0,NoFence,0,7,2008,WD ,Normal,192000,0,1,1,0,1,3,0,0,0,0,0,0,0,0,0,0,0
80,RL,80.0,8000,NoAlley,3.0,Lvl,Inside,2.0,NAmes,Norm,1Fam,SLvl,5,5,1959,1959,Gable,BrkFace,Plywood,None,0.0,2.0,2.0,CBlock,4.0,3.0,3.0,6.0,433.0,3.0,95.0,0.0,528.0,2.0,Y,4.0,1183,0,0,1183,1.0,0.0,1,0,3,1,2.0,6,Typ,0,0.0,Attchd,1959.0,2.0,1.0,288.0,3.0,2.0,0,0,0,0,0,0,GdWo,0,7,2009,WD ,Normal,138000,0,0,1,1,1,3,0,0,0,0,0,0,0,0,0,0,0
30,RM,51.0,6120,NoAlley,3.0,Lvl,Inside,2.0,BrkSide,Norm,1Fam,1Story,5,6,1925,1999,Gable,MetalSd,MetalSd,None,0.0,2.0,2.0,BrkTil,3.0,3.0,1.0,1.0,0.0,1.0,0.0,960.0,960.0,3.0,Y,4.0,995,0,0,995,0.0,0.0,1,0,2,1,2.0,5,Typ,0,0.0,Detchd,1926.0,1.0,1.0,264.0,3.0,2.0,0,15,51,0,0,0,MnPrv,0,3,2009,WD ,Abnorml,115000,0,0,1,1,1,3,0,0,0,0,0,0,0,0,0,0,0
20,RL,70.0,11200,NoAlley,3.0,Lvl,Inside,2.0,Sawyer,Norm,1Fam,1Story,5,5,1965,1965,Hip,HdBoard,HdBoard,None,0.0,2.0,2.0,CBlock,3.0,3.0,1.0,3.0,906.0,1.0,0.0,134.0,1040.0,4.0,Y,4.0,1040,0,0,1040,1.0,0.0,1,0,3,1,2.0,5,Typ,0,0.0,Detchd,1965.0,1.0,1.0,384.0,3.0,2.0,0,0,0,0,0,0,NoFence,0,2,2008,WD ,Normal,129500,0,0,1,0,1,2,0,0,0,0,0,0,0,0,0,0,0
20,RL,76.0,9591,NoAlley,3.0,Lvl,Inside,2.0,NridgHt,Norm,1Fam,1Story,8,5,2004,2005,Hip,VinylSd,VinylSd,BrkFace,262.0,3.0,2.0,PConc,5.0,3.0,3.0,6.0,1088.0,1.0,0.0,625.0,1713.0,4.0,Y,4.0,1713,0,0,1713,1.0,0.0,2,0,3,1,4.0,7,Typ,1,4.0,Attchd,2004.0,3.0,3.0,856.0,3.0,2.0,0,26,0,0,170,0,NoFence,0,1,2009,WD ,Normal,274900,0,1,1,0,1,3,0,0,0,0,0,0,0,0,0,0,0
90,RM,70.0,9100,NoAlley,3.0,Lvl,Inside,2.0,Sawyer,RRAe,Duplex,1Story,5,5,1963,1963,Gable,HdBoard,HdBoard,BrkFace,336.0,2.0,2.0,CBlock,3.0,3.0,1.0,3.0,1332.0,1.0,0.0,396.0,1728.0,2.0,Y,4.0,1728,0,0,1728,1.0,0.0,2,0,6,2,2.0,10,Typ,0,0.0,Detchd,1963.0,1.0,2.0,504.0,3.0,2.0,0,0,0,0,0,0,NoFence,0,11,2006,ConLI,Abnorml,125000,0,0,1,0,1,2,0,0,0,0,0,0,0,0,0,0,0
20,RL,80.0,9600,NoAlley,3.0,Lvl,Inside,2.0,NWAmes,Norm,1Fam,1Story,7,5,1969,1969,Hip,HdBoard,HdBoard,BrkFace,168.0,2.0,2.0,CBlock,3.0,3.0,1.0,1.0,0.0,1.0,0.0,1164.0,1164.0,2.0,Y,4.0,1164,0,0,1164,0.0,0.0,1,1,3,1,2.0,6,Typ,0,0.0,Attchd,1969.0,1.0,2.0,528.0,3.0,2.0,0,0,0,0,0,0,NoFence,0,7,2006,COD,Normal,140000,0,0,1,0,1,2,0,0,0,0,0,0,0,0,0,0,0
20,RL,65.0,8773,NoAlley,3.0,Lvl,FR2,2.0,CollgCr,Norm,1Fam,1Story,7,5,2004,2004,Gable,VinylSd,VinylSd,BrkFace,98.0,3.0,2.0,PConc,4.0,3.0,3.0,6.0,24.0,1.0,0.0,1390.0,1414.0,4.0,Y,4.0,1414,0,0,1414,0.0,0.0,2,0,3,1,3.0,6,Typ,0,0.0,Attchd,2004.0,2.0,2.0,494.0,3.0,2.0,132,105,0,0,0,0,NoFence,0,5,2010,WD ,Normal,185500,0,0,1,0,1,2,0,0,0,0,0,0,0,0,0,0,0
85,RL,69.0,10205,NoAlley,2.0,Lvl,Inside,2.0,NAmes,Norm,1Fam,SFoyer,5,5,1962,1962,Gable,MetalSd,MetalSd,None,0.0,2.0,2.0,CBlock,3.0,3.0,3.0,4.0,784.0,1.0,0.0,141.0,925.0,2.0,Y,4.0,999,0,0,999,1.0,0.0,1,0,3,1,2.0,6,Typ,0,0.0,Attchd,1962.0,1.0,1.0,300.0,3.0,2.0,150,72,0,0,0,0,NoFence,0,5,2006,WD ,Normal,134500,0,0,1,0,1,2,0,0,0,0,0,0,0,0,0,0,0
20,RL,60.0,7180,NoAlley,2.0,Lvl,Inside,2.0,CollgCr,Norm,1Fam,1Story,5,7,1972,1972,Hip,HdBoard,HdBoard,None,0.0,2.0,2.0,CBlock,3.0,3.0,3.0,5.0,390.0,1.0,0.0,474.0,864.0,2.0,Y,4.0,864,0,0,864,0.0,0.0,1,0,3,1,2.0,5,Typ,0,0.0,Detchd,1989.0,1.0,1.0,352.0,3.0,2.0,0,0,0,0,0,0,NoFence,0,5,2008,WD ,Normal,127000,0,0,1,0,1,2,0,0,0,0,0,0,0,0,0,0,0
20,RL,80.0,15387,NoAlley,2.0,Lvl,CulDSac,2.0,NWAmes,Norm,1Fam,1Story,7,7,1967,1967,Gable,Plywood,Plywood,None,0.0,2.0,2.0,CBlock,3.0,3.0,1.0,5.0,603.0,4.0,294.0,723.0,1620.0,4.0,Y,4.0,1620,0,0,1620,0.0,0.0,2,0,4,1,3.0,8,Typ,1,4.0,Attchd,1967.0,1.0,2.0,578.0,3.0,2.0,0,62,192,0,0,0,NoFence,450,8,2008,WD ,Normal,215000,0,1,1,0,1,3,0,0,0,0,0,0,0,0,0,0,0
50,RL,86.0,11500,NoAlley,2.0,Lvl,Inside,2.0,Crawfor,Norm,1Fam,1.5Fin,7,7,1936,1987,Gable,BrkFace,BrkFace,None,0.0,3.0,2.0,CBlock,4.0,3.0,1.0,3.0,223.0,1.0,0.0,794.0,1017.0,3.0,Y,4.0,1020,1037,0,2057,0.0,0.0,1,1,3,1,3.0,6,Typ,1,4.0,Attchd,1936.0,3.0,1.0,180.0,2.0,2.0,0,0,0,0,322,0,NoFence,0,6,2006,WD ,Normal,250000,0,1,1,0,1,3,0,0,0,0,0,0,0,0,0,0,0
120,RM,70.0,4426,NoAlley,3.0,Lvl,Inside,2.0,CollgCr,Norm,TwnhsE,1Story,6,5,2004,2004,Gable,VinylSd,VinylSd,BrkFace,169.0,3.0,2.0,PConc,4.0,3.0,3.0,6.0,662.0,1.0,0.0,186.0,848.0,4.0,Y,4.0,848,0,0,848,1.0,0.0,1,0,1,1,3.0,3,Typ,0,0.0,Attchd,2004.0,2.0,2.0,420.0,3.0,2.0,160,0,0,0,0,0,NoFence,0,5,2010,WD ,Normal,143000,0,0,1,0,1,2,0,0,0,0,0,0,0,0,0,0,0
60,RL,88.0,12665,NoAlley,2.0,Lvl,Inside,2.0,Timber,Norm,1Fam,2Story,8,5,2005,2006,Hip,VinylSd,VinylSd,BrkFace,245.0,3.0,2.0,PConc,4.0,4.0,4.0,1.0,0.0,1.0,0.0,1094.0,1094.0,4.0,Y,4.0,1133,1349,0,2482,0.0,0.0,2,1,4,1,3.0,9,Typ,1,4.0,BuiltIn,2005.0,3.0,3.0,642.0,3.0,2.0,144,39,0,0,0,0,NoFence,0,2,2007,WD ,Normal,281213,0,1,1,0,1,3,0,0,0,0,0,0,0,0,0,0,0
120,RM,70.0,4435,NoAlley,3.0,Lvl,Inside,2.0,CollgCr,Norm,TwnhsE,1Story,6,5,2003,2003,Gable,VinylSd,VinylSd,BrkFace,170.0,3.0,2.0,PConc,4.0,3.0,3.0,6.0,685.0,1.0,0.0,163.0,848.0,4.0,Y,4.0,848,0,0,848,1.0,0.0,1,0,1,1,3.0,4,Typ,0,0.0,Attchd,2003.0,3.0,2.0,420.0,3.0,2.0,140,0,0,0,0,0,NoFence,0,5,2009,WD ,Normal,140000,0,0,1,0,1,2,0,0,0,0,0,0,0,0,0,0,0
20,RL,70.0,14217,NoAlley,1.0,Lvl,CulDSac,2.0,CollgCr,Norm,1Fam,1Story,5,5,1994,1994,Gable,VinylSd,VinylSd,None,0.0,2.0,2.0,PConc,4.0,3.0,1.0,5.0,550.0,1.0,0.0,472.0,1022.0,3.0,Y,4.0,1022,0,0,1022,0.0,1.0,1,0,3,1,2.0,6,Typ,0,0.0,Detchd,1995.0,1.0,2.0,747.0,3.0,2.0,0,0,0,0,0,0,NoFence,0,8,2007,WD ,Normal,139500,0,0,1,0,1,2,0,0,0,0,0,0,0,0,0,0,0
30,RM,47.0,4608,NoAlley,3.0,Lvl,Corner,2.0,OldTown,Artery,1Fam,1Story,4,6,1945,1950,Gable,MetalSd,MetalSd,None,0.0,2.0,3.0,CBlock,3.0,3.0,1.0,1.0,0.0,1.0,0.0,747.0,747.0,2.0,Y,4.0,747,0,0,747,0.0,0.0,1,0,2,1,2.0,4,Typ,0,0.0,Attchd,1945.0,1.0,1.0,220.0,3.0,2.0,0,0,0,0,0,0,NoFence,0,6,2010,WD ,Normal,80000,0,0,1,0,1,2,0,0,0,0,0,0,0,0,0,0,0
120,RM,21.0,4224,NoAlley,3.0,Lvl,Inside,2.0,MeadowV,Norm,TwnhsE,1Story,5,6,1975,1975,Gable,CemntBd,CmentBd,None,0.0,2.0,2.0,PConc,4.0,3.0,1.0,6.0,769.0,1.0,0.0,271.0,1040.0,3.0,Y,4.0,1040,0,0,1040,0.0,0.0,1,0,3,1,2.0,6,Typ,0,0.0,Attchd,1975.0,1.0,2.0,499.0,3.0,2.0,0,100,0,0,0,0,NoFence,0,6,2008,WD ,Normal,124000,0,0,1,0,1,2,0,0,0,0,0,0,0,0,0,0,0
20,RL,65.0,22692,NoAlley,2.0,Lvl,Inside,2.0,Edwards,Norm,1Fam,1Story,5,5,1953,1953,Gable,MetalSd,MetalSd,None,0.0,2.0,2.0,CBlock,3.0,3.0,1.0,3.0,587.0,1.0,0.0,486.0,1073.0,2.0,Y,4.0,1630,0,0,1630,0.0,0.0,2,0,3,1,2.0,6,Mod,1,3.0,Detchd,1953.0,1.0,2.0,649.0,3.0,1.0,0,64,0,0,0,0,NoFence,0,3,2007,COD,Normal,130000,0,1,1,0,1,3,0,0,0,0,0,0,0,0,0,0,0
85,RL,74.0,8014,NoAlley,2.0,Lvl,CulDSac,2.0,Sawyer,Norm,1Fam,SFoyer,6,5,1978,1978,Gable,Plywood,HdBoard,BrkFace,23.0,2.0,2.0,CBlock,4.0,3.0,4.0,6.0,456.0,1.0,0.0,0.0,456.0,2.0,Y,4.0,1034,0,0,1034,0.0,1.0,1,0,3,1,2.0,5,Typ,1,2.0,Basment,1978.0,3.0,2.0,504.0,3.0,2.0,0,0,0,0,0,0,NoFence,0,6,2009,WD ,Normal,149900,0,1,1,0,1,3,0,0,0,0,0,0,0,0,0,0,0
80,RL,74.0,9620,NoAlley,3.0,Lvl,Inside,2.0,Mitchel,Norm,1Fam,SLvl,6,7,1977,1977,Gable,Plywood,Plywood,None,0.0,2.0,2.0,CBlock,3.0,3.0,1.0,5.0,679.0,1.0,0.0,564.0,1243.0,2.0,Y,4.0,1285,0,0,1285,0.0,1.0,2,0,3,1,3.0,6,Typ,1,2.0,Attchd,1977.0,1.0,2.0,473.0,3.0,2.0,375,26,0,0,0,0,GdPrv,80,5,2010,WD ,Normal,190000,0,1,1,1,1,4,0,0,0,0,0,0,0,0,0,0,0
20,RL,71.0,9187,NoAlley,3.0,Bnk,Corner,2.0,Mitchel,Norm,1Fam,1Story,6,5,1983,1983,Gable,VinylSd,VinylSd,None,0.0,2.0,3.0,PConc,3.0,3.0,1.0,5.0,336.0,1.0,0.0,748.0,1084.0,2.0,Y,4.0,1080,0,0,1080,0.0,0.0,1,1,3,1,2.0,5,Typ,0,0.0,Attchd,1983.0,1.0,2.0,484.0,3.0,2.0,120,0,158,0,0,0,NoFence,0,6,2007,WD ,Normal,134000,0,0,1,0,1,2,0,0,0,0,0,0,0,0,0,0,0
20,RL,83.0,9849,NoAlley,3.0,Lvl,Inside,2.0,Somerst,Norm,1Fam,1Story,7,6,2007,2007,Hip,VinylSd,VinylSd,None,0.0,3.0,2.0,PConc,4.0,3.0,3.0,1.0,0.0,1.0,0.0,1689.0,1689.0,4.0,Y,4.0,1689,0,0,1689,0.0,0.0,2,0,3,1,3.0,7,Typ,0,0.0,Attchd,2007.0,2.0,3.0,954.0,3.0,2.0,0,56,0,0,0,0,NoFence,0,6,2007,New,Partial,248328,0,0,1,0,1,2,0,0,0,0,0,0,0,0,0,0,0
20,RL,105.0,13693,NoAlley,3.0,Lvl,Inside,2.0,NridgHt,PosA,1Fam,1Story,10,5,2007,2007,Hip,VinylSd,VinylSd,Stone,472.0,4.0,2.0,PConc,5.0,3.0,4.0,6.0,2288.0,1.0,0.0,342.0,2630.0,4.0,Y,4.0,2674,0,0,2674,2.0,0.0,2,1,2,1,4.0,8,Typ,2,4.0,Attchd,2007.0,3.0,3.0,762.0,3.0,2.0,360,50,0,0,0,0,NoFence,0,3,2009,WD ,Normal,610000,0,1,1,0,1,3,0,0,0,0,0,0,0,0,0,0,0
20,RL,73.0,8050,NoAlley,2.0,Lvl,Inside,2.0,NAmes,Norm,1Fam,1Story,5,5,1959,1959,Hip,MetalSd,MetalSd,BrkFace,150.0,2.0,2.0,CBlock,3.0,3.0,1.0,4.0,856.0,3.0,162.0,125.0,1143.0,2.0,Y,4.0,1143,0,0,1143,1.0,0.0,1,0,3,1,2.0,6,Typ,0,0.0,Attchd,1959.0,2.0,1.0,308.0,3.0,2.0,0,0,0,0,0,0,GdPrv,0,5,2010,WD ,Normal,136000,0,0,1,1,1,3,0,0,0,0,0,0,0,0,0,0,0
60,RL,81.0,12018,NoAlley,2.0,HLS,Corner,2.0,Timber,Norm,1Fam,2Story,7,5,2008,2008,Gable,VinylSd,VinylSd,Stone,60.0,3.0,2.0,PConc,4.0,3.0,3.0,1.0,0.0,1.0,0.0,796.0,796.0,4.0,Y,4.0,796,816,0,1612,0.0,0.0,2,1,3,1,3.0,6,Typ,0,0.0,Attchd,2008.0,3.0,3.0,666.0,3.0,2.0,0,64,0,0,0,0,NoFence,0,10,2008,New,Partial,218689,0,0,1,0,1,2,0,0,0,0,0,0,0,0,0,0,0
20,RL,80.0,10721,NoAlley,2.0,Lvl,Inside,2.0,NAmes,Norm,1Fam,1Story,6,6,1959,1959,Hip,HdBoard,HdBoard,Stone,243.0,3.0,2.0,CBlock,3.0,3.0,1.0,1.0,0.0,1.0,0.0,1252.0,1252.0,4.0,Y,4.0,1252,0,0,1252,0.0,0.0,1,0,3,1,3.0,7,Typ,0,0.0,Detchd,1960.0,1.0,2.0,528.0,3.0,2.0,0,39,0,0,0,0,NoFence,0,10,2008,WD ,Normal,142000,0,0,1,0,1,2,0,0,0,0,0,0,0,0,0,0,0
20,RL,91.0,11778,NoAlley,3.0,Lvl,Inside,2.0,CollgCr,PosN,1Fam,1Story,9,5,2008,2008,Hip,VinylSd,VinylSd,Stone,402.0,4.0,2.0,PConc,5.0,3.0,3.0,6.0,1153.0,1.0,0.0,598.0,1751.0,4.0,Y,4.0,1766,0,0,1766,1.0,0.0,2,1,3,1,4.0,8,Typ,2,4.0,Attchd,2008.0,3.0,3.0,874.0,3.0,2.0,216,36,0,0,0,0,NoFence,0,12,2008,New,Partial,395039,0,1,1,0,1,3,0,0,0,0,0,0,0,0,0,0,0
40,RM,50.0,9100,NoAlley,3.0,Lvl,Inside,2.0,BrkSide,RRAn,1Fam,1Story,5,6,1930,1960,Gable,VinylSd,VinylSd,None,0.0,2.0,2.0,BrkTil,3.0,3.0,1.0,1.0,0.0,1.0,0.0,742.0,742.0,2.0,Y,3.0,779,0,156,935,0.0,0.0,1,0,2,1,2.0,4,Typ,0,0.0,Detchd,1988.0,1.0,1.0,308.0,3.0,1.0,0,0,0,0,0,0,NoFence,600,8,2008,WD ,Normal,79500,0,0,1,0,1,2,0,0,0,0,0,0,0,0,0,0,0
20,RL,75.0,9525,NoAlley,3.0,Lvl,Inside,2.0,CollgCr,Norm,1Fam,1Story,5,6,1995,2006,Gable,VinylSd,VinylSd,None,0.0,2.0,2.0,PConc,4.0,3.0,1.0,1.0,0.0,1.0,0.0,1099.0,1099.0,4.0,Y,4.0,1099,0,0,1099,0.0,0.0,1,1,3,1,3.0,6,Typ,0,0.0,Attchd,1999.0,1.0,1.0,352.0,3.0,2.0,278,0,0,0,0,0,NoFence,0,6,2008,WD ,Normal,144000,0,0,1,0,1,2,0,0,0,0,0,0,0,0,0,0,0
20,RL,74.0,7162,NoAlley,2.0,Lvl,Inside,2.0,Sawyer,Norm,1Fam,1Story,5,7,1966,1966,Gable,HdBoard,HdBoard,BrkCmn,41.0,2.0,2.0,PConc,3.0,3.0,1.0,1.0,0.0,1.0,0.0,876.0,876.0,2.0,Y,4.0,904,0,0,904,0.0,0.0,1,0,3,1,2.0,6,Typ,0,0.0,Attchd,1966.0,1.0,1.0,408.0,3.0,2.0,0,0,0,0,0,0,MnPrv,0,12,2008,WD ,Abnorml,109900,0,0,1,1,1,3,0,0,0,0,0,0,0,0,0,0,0
20,RL,63.0,8487,NoAlley,3.0,Lvl,FR2,2.0,CollgCr,Norm,1Fam,1Story,7,5,2004,2004,Gable,VinylSd,VinylSd,BrkFace,210.0,3.0,2.0,PConc,4.0,3.0,3.0,6.0,20.0,1.0,0.0,1480.0,1500.0,4.0,Y,4.0,1500,0,0,1500,0.0,0.0,2,0,3,1,3.0,6,Typ,0,0.0,Attchd,2004.0,2.0,2.0,570.0,3.0,2.0,192,36,0,0,0,0,NoFence,0,8,2009,WD ,Normal,190000,0,0,1,0,1,2,0,0,0,0,0,0,0,0,0,0,0
120,RL,38.0,14963,NoAlley,1.0,Lvl,Inside,2.0,Veenker,Norm,TwnhsE,1Story,8,5,1996,1996,Gable,BrkFace,BrkFace,None,0.0,3.0,2.0,PConc,4.0,3.0,1.0,6.0,786.0,1.0,0.0,474.0,1260.0,4.0,Y,4.0,1288,0,0,1288,1.0,0.0,1,1,1,1,4.0,4,Typ,2,4.0,Attchd,1996.0,3.0,2.0,500.0,3.0,2.0,120,30,0,0,224,0,NoFence,0,12,2008,WD ,Normal,245500,0,1,1,0,1,3,0,0,0,0,0,0,0,0,0,0,0
50,RM,52.0,6240,NoAlley,3.0,Lvl,Inside,2.0,BrkSide,Norm,1Fam,1.5Fin,6,6,1934,1950,Gable,Wd Sdng,Wd Sdng,None,0.0,2.0,2.0,PConc,3.0,3.0,1.0,1.0,0.0,1.0,0.0,816.0,816.0,2.0,Y,4.0,816,0,360,1176,0.0,0.0,1,0,3,1,2.0,6,Typ,1,4.0,Detchd,1985.0,1.0,2.0,528.0,3.0,2.0,112,0,0,0,0,0,MnPrv,400,9,2006,WD ,Normal,114500,0,1,1,1,1,4,0,0,0,0,0,0,0,0,0,0,0
50,RM,63.0,7628,NoAlley,3.0,Lvl,Inside,2.0,OldTown,Norm,1Fam,1.5Fin,4,6,1940,1985,Gable,MetalSd,MetalSd,None,0.0,2.0,3.0,BrkTil,3.0,3.0,1.0,1.0,0.0,1.0,0.0,801.0,801.0,3.0,Y,3.0,1095,561,0,1656,0.0,0.0,2,0,2,1,2.0,8,Mod,0,0.0,Detchd,1958.0,1.0,2.0,440.0,3.0,2.0,187,0,0,0,0,0,NoFence,0,5,2008,WD ,Normal,119164,0,0,1,0,1,2,0,0,0,0,0,0,0,0,0,0,0
20,RL,73.0,17199,NoAlley,3.0,Lvl,FR2,2.0,NAmes,Norm,1Fam,1Story,4,7,1961,1961,Gable,MetalSd,MetalSd,None,0.0,2.0,3.0,BrkTil,3.0,3.0,1.0,5.0,314.0,1.0,0.0,600.0,914.0,4.0,Y,4.0,914,0,0,914,0.0,0.0,1,0,2,1,2.0,4,Typ,0,0.0,Basment,1961.0,1.0,1.0,270.0,2.0,2.0,140,0,0,0,0,0,GdWo,0,7,2007,WD ,Normal,128000,0,0,1,1,1,3,0,0,0,0,0,0,0,0,0,0,0
90,RL,74.0,7424,NoAlley,2.0,Lvl,Inside,2.0,Sawyer,Norm,Duplex,SFoyer,5,5,1978,1978,Gable,Plywood,Plywood,None,0.0,2.0,2.0,CBlock,4.0,3.0,3.0,6.0,1319.0,1.0,0.0,0.0,1319.0,2.0,Y,4.0,1373,0,0,1373,1.0,0.0,1,0,3,1,2.0,5,Typ,2,3.0,Attchd,1978.0,3.0,2.0,591.0,3.0,2.0,0,0,0,0,0,0,NoFence,0,5,2010,WD ,Normal,160250,0,1,1,0,1,3,0,0,0,0,0,0,0,0,0,0,0
50,RM,51.0,6120,NoAlley,3.0,Lvl,Inside,2.0,BrkSide,Norm,1Fam,1.5Fin,5,6,1926,1950,Gable,Wd Sdng,Wd Sdng,None,0.0,2.0,2.0,BrkTil,3.0,3.0,1.0,5.0,351.0,1.0,0.0,405.0,756.0,3.0,Y,3.0,903,378,0,1281,1.0,0.0,1,0,2,1,3.0,6,Typ,0,0.0,Detchd,1926.0,1.0,2.0,379.0,3.0,2.0,25,0,0,0,0,0,NoFence,0,8,2007,WD ,Normal,132500,0,0,1,0,1,2,0,0,0,0,0,0,0,0,0,0,0
50,RM,52.0,6240,NoAlley,3.0,Lvl,Inside,2.0,BrkSide,Norm,1Fam,1.5Fin,5,4,1936,1950,Gable,MetalSd,MetalSd,None,0.0,2.0,2.0,BrkTil,4.0,3.0,1.0,1.0,0.0,1.0,0.0,896.0,896.0,3.0,Y,3.0,896,448,0,1344,0.0,0.0,1,0,3,1,2.0,7,Typ,0,0.0,Detchd,1936.0,1.0,1.0,240.0,2.0,2.0,200,114,0,0,0,0,NoFence,0,4,2006,WD ,Normal,115000,0,0,1,0,1,2,0,0,0,0,0,0,0,0,0,0,0
60,RL,68.0,8846,NoAlley,3.0,Lvl,Inside,2.0,CollgCr,Norm,1Fam,2Story,6,5,2005,2006,Gable,VinylSd,VinylSd,None,0.0,2.0,2.0,PConc,4.0,3.0,1.0,1.0,0.0,1.0,0.0,750.0,750.0,4.0,Y,4.0,750,750,0,1500,0.0,0.0,2,1,3,1,3.0,6,Typ,0,0.0,Attchd,2005.0,2.0,2.0,564.0,3.0,2.0,0,35,0,0,0,0,NoFence,0,8,2006,New,Partial,173900,0,0,1,0,1,2,0,0,0,0,0,0,0,0,0,0,0
30,RM,50.0,5784,NoAlley,3.0,Lvl,Inside,2.0,OldTown,Artery,1Fam,1Story,5,8,1938,1996,Gable,MetalSd,MetalSd,None,0.0,2.0,2.0,BrkTil,2.0,3.0,1.0,1.0,0.0,1.0,0.0,190.0,190.0,3.0,Y,3.0,886,0,0,886,0.0,0.0,1,0,2,1,2.0,4,Typ,0,0.0,Attchd,1938.0,1.0,1.0,273.0,3.0,2.0,144,20,80,0,0,0,NoFence,0,12,2009,WD ,Normal,91300,0,0,1,0,1,2,0,0,0,0,0,0,0,0,0,0,0
50,RL,50.0,8405,Grvl,3.0,Lvl,Inside,2.0,Edwards,Norm,1Fam,1.5Fin,5,8,1900,1950,Gable,MetalSd,MetalSd,None,0.0,2.0,2.0,BrkTil,3.0,4.0,1.0,3.0,241.0,4.0,391.0,229.0,861.0,4.0,Y,4.0,961,406,0,1367,1.0,0.0,1,0,4,1,2.0,7,Typ,0,0.0,Detchd,1978.0,1.0,1.0,384.0,3.0,2.0,0,130,112,0,0,0,MnPrv,0,4,2008,WD ,Normal,119000,0,0,1,1,1,3,0,0,0,0,0,0,0,0,0,0,0
60,RL,64.0,8740,NoAlley,2.0,Lvl,Inside,2.0,Gilbert,Norm,1Fam,2Story,7,5,2002,2002,Gable,VinylSd,VinylSd,None,0.0,3.0,2.0,PConc,4.0,3.0,1.0,6.0,574.0,1.0,0.0,280.0,854.0,4.0,Y,4.0,864,1131,0,1995,0.0,0.0,2,1,4,1,3.0,8,Typ,1,4.0,BuiltIn,2002.0,3.0,2.0,435.0,3.0,2.0,264,48,0,0,0,0,NoFence,0,7,2007,WD ,Normal,219500,0,1,1,0,1,3,0,0,0,0,0,0,0,0,0,0,0
80,RL,59.0,9587,NoAlley,2.0,Lvl,Inside,2.0,Gilbert,Norm,1Fam,SLvl,7,5,2005,2005,Gable,VinylSd,VinylSd,Stone,182.0,3.0,2.0,PConc,4.0,3.0,4.0,6.0,655.0,1.0,0.0,201.0,856.0,4.0,Y,4.0,1166,0,0,1166,1.0,0.0,2,0,2,1,3.0,5,Typ,0,0.0,Attchd,2005.0,3.0,2.0,400.0,3.0,2.0,212,0,0,0,0,0,NoFence,0,7,2008,WD ,Normal,190000,0,0,1,0,1,2,0,0,0,0,0,0,0,0,0,0,0
20,RL,80.0,9547,NoAlley,3.0,Lvl,Inside,2.0,NWAmes,Norm,1Fam,1Story,7,6,1993,1993,Gable,VinylSd,VinylSd,BrkFace,112.0,2.0,2.0,PConc,4.0,3.0,1.0,1.0,0.0,1.0,0.0,1594.0,1594.0,4.0,Y,4.0,1594,0,0,1594,0.0,0.0,2,0,2,1,3.0,6,Typ,1,3.0,Attchd,1993.0,2.0,2.0,472.0,3.0,2.0,190,80,0,0,0,0,NoFence,0,7,2007,WD ,Normal,188500,0,1,1,0,1,3,0,0,0,0,0,0,0,0,0,0,0
20,RL,73.0,10920,NoAlley,2.0,Lvl,Corner,2.0,NAmes,Norm,1Fam,1Story,6,5,1960,1960,Hip,MetalSd,MetalSd,BrkFace,212.0,2.0,2.0,CBlock,3.0,3.0,1.0,4.0,733.0,1.0,0.0,520.0,1253.0,2.0,Y,4.0,1253,0,0,1253,1.0,0.0,1,1,2,1,2.0,5,Typ,1,2.0,Attchd,1960.0,2.0,1.0,352.0,3.0,2.0,0,213,176,0,0,0,GdWo,0,5,2008,WD ,Normal,157000,0,1,1,1,1,4,0,0,0,0,0,0,0,0,0,0,0
80,RL,55.0,7700,NoAlley,3.0,Lvl,Inside,2.0,NAmes,Norm,1Fam,SLvl,5,7,1956,1956,Gable,VinylSd,VinylSd,None,0.0,2.0,2.0,CBlock,4.0,3.0,1.0,4.0,271.0,1.0,0.0,30.0,301.0,4.0,Y,3.0,1145,0,0,1145,0.0,0.0,1,0,3,1,2.0,6,Min2,0,0.0,Detchd,1993.0,1.0,2.0,684.0,3.0,2.0,0,0,0,0,0,0,GdWo,0,9,2006,WD ,Normal,127000,0,0,1,1,1,3,0,0,0,0,0,0,0,0,0,0,0
50,RM,51.0,6120,NoAlley,3.0,Lvl,Inside,2.0,OldTown,Artery,1Fam,1.5Fin,7,5,1931,1950,Gable,BrkFace,Wd Shng,None,0.0,2.0,2.0,BrkTil,3.0,3.0,1.0,1.0,0.0,1.0,0.0,952.0,952.0,3.0,Y,1.0,1022,752,0,1774,0.0,0.0,2,0,2,2,2.0,8,Min1,2,3.0,Detchd,1931.0,1.0,2.0,468.0,2.0,2.0,90,0,205,0,0,0,NoFence,0,4,2008,WD ,Abnorml,129900,0,1,1,0,1,3,0,0,0,0,0,0,0,0,0,0,0
30,RM,50.0,5925,NoAlley,3.0,Lvl,Corner,2.0,OldTown,Norm,1Fam,1Story,2,4,1940,1950,Gable,MetalSd,MetalSd,None,0.0,2.0,3.0,BrkTil,0.0,0.0,0.0,0.0,0.0,0.0,0.0,0.0,0.0,1.0,N,3.0,612,0,0,612,0.0,0.0,1,0,1,1,2.0,4,Typ,0,0.0,Detchd,1965.0,1.0,1.0,308.0,3.0,0.0,0,0,25,0,0,0,NoFence,0,10,2009,WD ,Normal,45000,0,0,0,0,1,1,0,0,0,0,0,0,0,0,0,0,0
20,RL,78.0,10140,NoAlley,3.0,Lvl,Inside,2.0,NWAmes,RRAn,1Fam,1Story,7,6,1967,1967,Hip,HdBoard,HdBoard,BrkFace,264.0,2.0,2.0,CBlock,3.0,3.0,1.0,4.0,553.0,2.0,68.0,713.0,1334.0,3.0,Y,4.0,1334,0,0,1334,1.0,0.0,2,0,3,1,2.0,7,Typ,0,0.0,Attchd,1967.0,2.0,2.0,477.0,3.0,2.0,0,20,35,0,264,0,NoFence,0,4,2006,WD ,Normal,164500,0,0,1,0,1,2,0,0,0,0,0,0,0,0,0,0,0
60,RL,60.0,7500,NoAlley,3.0,Lvl,Inside,2.0,Gilbert,Norm,1Fam,2Story,6,5,1998,1999,Gable,VinylSd,VinylSd,None,0.0,3.0,2.0,PConc,4.0,3.0,1.0,6.0,476.0,1.0,0.0,476.0,952.0,3.0,Y,4.0,952,684,0,1636,1.0,0.0,2,1,3,1,2.0,7,Typ,1,3.0,Attchd,1998.0,3.0,2.0,440.0,3.0,2.0,0,84,0,0,0,0,NoFence,0,10,2009,WD ,Normal,191000,0,1,1,0,1,3,0,0,0,0,0,0,0,0,0,0,0
180,RM,35.0,3675,NoAlley,3.0,Lvl,Inside,2.0,Edwards,Norm,TwnhsE,SFoyer,6,5,2005,2006,Gable,VinylSd,VinylSd,BrkFace,80.0,2.0,2.0,Wood,4.0,3.0,4.0,6.0,547.0,1.0,0.0,0.0,547.0,3.0,Y,4.0,1072,0,0,1072,1.0,0.0,1,0,2,1,2.0,5,Typ,0,0.0,Basment,2005.0,3.0,2.0,525.0,3.0,2.0,0,28,0,0,0,0,NoFence,0,4,2009,WD ,Normal,145500,0,0,1,0,1,2,0,0,0,0,0,0,0,0,0,0,0
60,RL,64.0,12891,NoAlley,2.0,Lvl,Corner,2.0,Gilbert,Norm,1Fam,2Story,8,5,2002,2002,Gable,VinylSd,VinylSd,None,0.0,3.0,2.0,PConc,5.0,3.0,1.0,6.0,651.0,1.0,0.0,219.0,870.0,4.0,Y,4.0,878,1126,0,2004,1.0,0.0,2,1,4,1,3.0,8,Typ,1,4.0,BuiltIn,2002.0,3.0,3.0,644.0,3.0,2.0,0,48,0,0,0,0,NoFence,0,7,2009,WD ,Normal,257500,0,1,1,0,1,3,0,0,0,0,0,0,0,0,0,0,1
60,RL,77.0,8390,NoAlley,2.0,Lvl,Inside,2.0,Gilbert,Norm,1Fam,2Story,7,5,1999,1999,Gable,VinylSd,VinylSd,None,0.0,2.0,2.0,PConc,4.0,3.0,1.0,1.0,0.0,1.0,0.0,831.0,831.0,4.0,Y,4.0,873,778,0,1651,0.0,0.0,2,1,3,1,2.0,7,Typ,1,3.0,BuiltIn,1999.0,3.0,2.0,450.0,3.0,2.0,0,103,0,0,0,0,NoFence,0,5,2008,WD ,Normal,185900,0,1,1,0,1,3,0,0,0,0,0,0,0,0,0,0,0
60,RL,69.0,9337,NoAlley,2.0,Lvl,Inside,2.0,CollgCr,Norm,1Fam,2Story,6,5,1997,1997,Gable,VinylSd,VinylSd,None,0.0,2.0,3.0,PConc,4.0,3.0,1.0,6.0,648.0,1.0,0.0,176.0,824.0,4.0,Y,4.0,905,881,0,1786,1.0,0.0,2,1,3,1,3.0,7,Typ,0,0.0,Attchd,1997.0,2.0,2.0,684.0,3.0,2.0,0,162,0,0,0,0,NoFence,0,5,2007,WD ,Normal,204750,0,0,1,0,1,2,0,0,0,0,0,0,0,0,0,0,0
90,RL,64.0,7018,NoAlley,3.0,Lvl,Inside,2.0,SawyerW,Feedr,Duplex,2Story,5,5,1979,1979,Gable,Plywood,Plywood,None,0.0,2.0,2.0,Slab,0.0,0.0,0.0,0.0,0.0,0.0,0.0,0.0,0.0,2.0,Y,4.0,1120,1120,0,2240,0.0,0.0,2,0,6,2,2.0,12,Typ,0,0.0,Detchd,1979.0,1.0,2.0,528.0,3.0,2.0,154,0,0,0,0,0,NoFence,0,6,2009,WD ,Alloca,142953,0,0,1,0,1,2,0,0,0,0,0,0,0,0,0,0,0
20,RL,75.0,8100,NoAlley,3.0,Lvl,Inside,2.0,Sawyer,Feedr,1Fam,1Story,5,8,1961,2007,Gable,Wd Sdng,Wd Sdng,None,0.0,2.0,3.0,CBlock,3.0,3.0,1.0,5.0,764.0,1.0,0.0,100.0,864.0,4.0,Y,4.0,864,0,0,864,1.0,0.0,1,0,3,1,3.0,5,Typ,1,3.0,Detchd,1962.0,1.0,1.0,420.0,3.0,2.0,132,0,0,0,0,0,NoFence,0,7,2008,WD ,Normal,135000,0,1,1,0,1,3,0,0,0,0,0,0,0,0,0,0,0
60,RL,69.0,9588,NoAlley,2.0,Lvl,Inside,2.0,CollgCr,Norm,1Fam,2Story,8,5,2007,2007,Gable,CemntBd,CmentBd,Stone,270.0,3.0,2.0,PConc,5.0,3.0,1.0,1.0,0.0,1.0,0.0,1482.0,1482.0,4.0,Y,4.0,1482,1092,0,2574,0.0,0.0,2,1,3,1,4.0,10,Typ,1,4.0,BuiltIn,2007.0,3.0,3.0,868.0,3.0,2.0,0,148,0,0,0,0,NoFence,0,11,2007,New,Partial,276000,0,1,1,0,1,3,0,0,0,0,0,0,0,0,0,0,0
120,RL,80.0,10307,NoAlley,2.0,Lvl,Inside,2.0,NridgHt,Norm,TwnhsE,1Story,7,5,2007,2008,Gable,VinylSd,VinylSd,Stone,176.0,3.0,2.0,PConc,4.0,3.0,1.0,6.0,876.0,1.0,0.0,474.0,1350.0,4.0,Y,4.0,1358,0,0,1358,1.0,0.0,2,0,2,1,3.0,6,Typ,1,4.0,Attchd,2008.0,2.0,2.0,484.0,3.0,2.0,192,26,0,0,0,0,NoFence,0,5,2009,WD ,Normal,212500,0,1,1,0,1,3,0,0,0,0,0,0,0,0,0,0,0
20,RL,100.0,15263,NoAlley,2.0,Lvl,Inside,2.0,ClearCr,Feedr,1Fam,1Story,5,5,1959,1959,Gable,HdBoard,HdBoard,BrkFace,90.0,2.0,2.0,CBlock,4.0,3.0,1.0,3.0,766.0,1.0,0.0,656.0,1422.0,3.0,Y,4.0,1675,0,0,1675,0.0,0.0,2,0,3,1,2.0,8,Typ,2,4.0,Attchd,1959.0,1.0,1.0,365.0,3.0,2.0,0,132,0,0,0,0,NoFence,0,5,2010,WD ,Normal,173000,0,1,1,0,1,3,0,0,0,0,0,0,0,0,0,0,0
80,RL,37.0,7937,NoAlley,2.0,Lvl,CulDSac,2.0,Mitchel,Norm,1Fam,SLvl,6,6,1984,1984,Gable,HdBoard,HdBoard,None,0.0,2.0,2.0,CBlock,3.0,3.0,3.0,6.0,819.0,1.0,0.0,184.0,1003.0,2.0,Y,4.0,1003,0,0,1003,1.0,0.0,1,0,3,1,2.0,6,Typ,0,0.0,Detchd,1984.0,1.0,2.0,588.0,3.0,2.0,120,0,0,0,0,0,GdPrv,0,3,2006,WD ,Normal,142500,0,0,1,1,1,3,0,0,0,0,0,0,0,0,0,0,0
50,RM,56.0,8398,Grvl,3.0,Lvl,Inside,2.0,OldTown,Norm,1Fam,1.5Fin,6,8,1910,1990,Gable,Wd Sdng,Wd Sdng,None,0.0,2.0,2.0,CBlock,4.0,4.0,1.0,4.0,259.0,1.0,0.0,667.0,926.0,2.0,Y,4.0,991,659,0,1650,0.0,0.0,2,0,3,1,2.0,6,Typ,0,0.0,Detchd,1979.0,1.0,2.0,468.0,3.0,0.0,128,103,0,0,0,0,NoFence,0,11,2007,WD ,Normal,144100,0,0,1,0,1,2,0,0,0,0,0,0,0,0,0,0,0
120,RM,44.0,3811,NoAlley,2.0,HLS,Corner,1.0,Crawfor,Artery,TwnhsE,1Story,8,5,2004,2005,Hip,CemntBd,CmentBd,Stone,186.0,3.0,2.0,PConc,5.0,3.0,4.0,6.0,1373.0,1.0,0.0,221.0,1594.0,4.0,Y,4.0,1646,0,0,1646,1.0,1.0,2,0,2,1,3.0,5,Typ,1,4.0,Attchd,2004.0,3.0,2.0,525.0,3.0,2.0,128,53,0,0,155,0,NoFence,0,5,2010,WD ,Normal,246000,0,1,1,0,1,3,0,0,0,0,0,0,0,0,0,0,0
20,RL,75.0,10650,NoAlley,3.0,Lvl,Corner,2.0,CollgCr,Norm,1Fam,1Story,5,6,1976,1976,Gable,HdBoard,HdBoard,None,0.0,2.0,2.0,CBlock,3.0,4.0,3.0,2.0,182.0,5.0,712.0,0.0,894.0,2.0,Y,4.0,894,0,0,894,1.0,0.0,1,0,3,1,2.0,5,Typ,0,0.0,Attchd,1976.0,1.0,1.0,308.0,3.0,2.0,365,0,0,0,0,0,MnPrv,0,2,2010,WD ,Normal,128200,0,0,1,1,1,3,0,0,0,0,0,0,0,0,0,0,0
70,RL,60.0,7200,Grvl,3.0,Lvl,Inside,2.0,OldTown,Norm,1Fam,2Story,6,8,1915,1950,Gable,MetalSd,MetalSd,None,0.0,2.0,4.0,CBlock,3.0,3.0,1.0,3.0,338.0,1.0,0.0,325.0,663.0,4.0,Y,4.0,774,821,0,1595,0.0,0.0,2,0,3,1,2.0,7,Typ,1,4.0,Detchd,1974.0,1.0,2.0,528.0,3.0,2.0,49,0,231,0,0,0,NoFence,0,4,2006,WD ,Normal,155500,0,1,1,0,1,3,0,0,0,0,0,0,0,0,0,0,0
60,RL,84.0,14260,NoAlley,2.0,Lvl,FR2,2.0,NoRidge,Norm,1Fam,2Story,8,5,2000,2000,Gable,VinylSd,VinylSd,BrkFace,350.0,3.0,2.0,PConc,4.0,3.0,3.0,6.0,655.0,1.0,0.0,490.0,1145.0,4.0,Y,4.0,1145,1053,0,2198,1.0,0.0,2,1,4,1,3.0,9,Typ,1,3.0,Attchd,2000.0,2.0,3.0,836.0,3.0,2.0,192,84,0,0,0,0,NoFence,0,12,2008,WD ,Normal,250000,0,1,1,0,1,3,0,0,0,0,0,0,0,0,0,0,0
20,RL,70.0,11200,NoAlley,3.0,Lvl,Inside,2.0,SawyerW,Norm,1Fam,1Story,6,5,1985,1985,Gable,Wd Sdng,Wd Shng,BrkFace,85.0,3.0,2.0,CBlock,4.0,3.0,1.0,6.0,1258.0,1.0,0.0,40.0,1298.0,2.0,Y,4.0,1298,0,0,1298,1.0,0.0,2,0,3,1,3.0,5,Typ,1,3.0,Attchd,1985.0,1.0,2.0,403.0,3.0,2.0,165,26,0,0,0,0,NoFence,0,5,2006,WD ,Normal,180000,0,1,1,0,1,3,0,0,0,0,0,0,0,0,0,0,0
20,RL,88.0,13125,NoAlley,3.0,Lvl,Corner,2.0,Sawyer,Norm,1Fam,1Story,5,4,1957,2000,Gable,Wd Sdng,Wd Sdng,BrkCmn,67.0,2.0,2.0,CBlock,3.0,3.0,1.0,3.0,168.0,4.0,682.0,284.0,1134.0,4.0,Y,4.0,1803,0,0,1803,1.0,0.0,2,0,3,1,2.0,8,Maj1,1,3.0,Attchd,1957.0,2.0,2.0,484.0,3.0,2.0,0,0,0,0,0,0,GdPrv,0,1,2006,WD ,Normal,155000,0,1,1,1,1,4,0,0,0,0,0,0,0,0,0,0,0
20,RL,67.0,13070,NoAlley,3.0,Lvl,Corner,2.0,NAmes,Norm,1Fam,1Story,5,5,1951,1951,Hip,MetalSd,MetalSd,None,0.0,2.0,2.0,CBlock,3.0,3.0,1.0,3.0,308.0,1.0,0.0,323.0,631.0,2.0,Y,3.0,1112,0,0,1112,0.0,0.0,1,0,2,1,2.0,5,Typ,0,0.0,Basment,1951.0,1.0,2.0,480.0,3.0,2.0,0,0,0,0,255,0,NoFence,0,10,2009,WD ,Normal,126000,0,0,1,0,1,2,0,0,0,0,0,0,0,0,0,0,0
20,RL,85.0,10655,NoAlley,2.0,Lvl,Inside,2.0,NridgHt,Norm,1Fam,1Story,8,5,2003,2004,Gable,VinylSd,VinylSd,BrkFace,296.0,3.0,2.0,PConc,4.0,3.0,1.0,6.0,1124.0,0.0,479.0,1603.0,3206.0,4.0,Y,4.0,1629,0,0,1629,1.0,0.0,2,0,3,1,3.0,7,Typ,1,4.0,Attchd,2003.0,2.0,3.0,880.0,3.0,2.0,0,0,0,0,0,0,NoFence,0,10,2009,WD ,Normal,284000,0,1,1,0,1,3,0,0,0,0,0,0,0,0,0,0,0
30,RM,60.0,8520,NoAlley,3.0,Lvl,Inside,2.0,OldTown,Norm,1Fam,1Story,5,8,1923,1950,Gable,Stucco,Stucco,None,0.0,3.0,2.0,PConc,2.0,3.0,1.0,1.0,0.0,1.0,0.0,624.0,624.0,2.0,Y,4.0,792,0,0,792,0.0,0.0,1,0,2,1,2.0,5,Typ,0,0.0,Detchd,1963.0,1.0,1.0,287.0,3.0,2.0,0,0,81,0,0,0,GdWo,0,2,2009,WD ,Normal,99500,0,0,1,1,1,3,0,0,0,0,0,0,0,0,0,0,0
20,RL,62.0,70761,NoAlley,2.0,Low,Inside,1.0,ClearCr,Norm,1Fam,1Story,7,5,1975,1975,Gable,Plywood,Plywood,None,0.0,2.0,2.0,CBlock,4.0,3.0,4.0,5.0,655.0,1.0,0.0,878.0,1533.0,2.0,Y,4.0,1533,0,0,1533,1.0,0.0,2,0,2,1,3.0,5,Typ,2,3.0,Attchd,1975.0,1.0,2.0,576.0,3.0,2.0,200,54,0,0,0,0,NoFence,0,12,2006,WD ,Normal,280000,0,1,1,0,1,3,0,0,0,0,0,0,0,0,0,0,0
20,RL,102.0,17920,NoAlley,3.0,Lvl,Inside,2.0,Sawyer,Norm,1Fam,1Story,5,4,1955,1974,Hip,Wd Sdng,Plywood,None,0.0,2.0,2.0,CBlock,3.0,3.0,2.0,5.0,306.0,3.0,1085.0,372.0,1763.0,2.0,Y,4.0,1779,0,0,1779,1.0,0.0,1,1,3,1,2.0,6,Typ,1,4.0,Attchd,1955.0,1.0,2.0,454.0,3.0,2.0,0,418,0,0,312,0,NoFence,0,7,2006,WD ,Abnorml,170000,0,1,1,0,1,3,0,0,0,0,0,0,0,0,0,0,0
20,RL,75.0,11310,NoAlley,3.0,Lvl,Inside,2.0,NAmes,Norm,1Fam,1Story,6,5,1954,1954,Hip,Wd Sdng,BrkFace,None,0.0,2.0,2.0,CBlock,3.0,3.0,1.0,1.0,0.0,1.0,0.0,1367.0,1367.0,4.0,Y,4.0,1375,0,0,1375,0.0,0.0,1,0,2,1,2.0,5,Typ,1,3.0,Attchd,1954.0,1.0,2.0,451.0,3.0,2.0,0,30,0,0,0,0,NoFence,0,6,2006,WD ,Normal,140000,0,1,1,0,1,3,0,0,0,0,0,0,0,0,0,0,0
20,RL,65.0,13680,NoAlley,2.0,Lvl,CulDSac,2.0,Edwards,Norm,1Fam,1Story,3,5,1955,1955,Hip,BrkFace,Wd Sdng,None,0.0,2.0,2.0,Slab,0.0,0.0,0.0,0.0,0.0,0.0,0.0,0.0,0.0,4.0,Y,3.0,1733,0,0,1733,0.0,0.0,2,0,4,1,2.0,8,Min2,1,4.0,Attchd,1955.0,1.0,2.0,452.0,3.0,2.0,0,0,0,0,0,0,NoFence,0,6,2009,WD ,Normal,139600,0,1,1,0,1,3,0,0,0,0,0,0,0,0,0,0,0
60,RL,88.0,12128,NoAlley,2.0,Bnk,Inside,2.0,SawyerW,Norm,1Fam,2Story,6,4,1989,1989,Gable,HdBoard,HdBoard,BrkFace,232.0,3.0,2.0,CBlock,4.0,3.0,1.0,5.0,549.0,1.0,0.0,319.0,868.0,4.0,Y,4.0,1313,1246,0,2559,0.0,0.0,2,1,4,1,4.0,9,Typ,1,3.0,Attchd,1989.0,2.0,2.0,506.0,3.0,2.0,0,245,0,0,168,0,MnPrv,0,11,2006,WD ,Abnorml,209000,0,1,1,1,1,4,0,0,0,0,0,0,0,0,0,0,0
70,RL,79.0,9480,NoAlley,3.0,Lvl,Inside,2.0,NAmes,Artery,1Fam,2Story,5,7,1942,1995,Gable,MetalSd,MetalSd,Stone,224.0,2.0,2.0,CBlock,3.0,3.0,1.0,2.0,386.0,1.0,0.0,342.0,728.0,4.0,Y,4.0,888,756,0,1644,0.0,0.0,1,1,3,1,3.0,7,Typ,2,4.0,Attchd,1942.0,1.0,1.0,312.0,3.0,2.0,168,0,0,0,0,0,NoFence,0,6,2007,WD ,Normal,146500,0,1,1,0,1,3,0,0,0,0,0,0,0,0,0,0,0
190,RL,79.0,13110,NoAlley,2.0,Lvl,Corner,2.0,NWAmes,RRAn,2fmCon,1Story,5,6,1972,1972,Gable,Plywood,Plywood,BrkFace,144.0,2.0,2.0,CBlock,4.0,3.0,1.0,6.0,962.0,1.0,0.0,191.0,1153.0,4.0,Y,4.0,1193,0,0,1193,1.0,0.0,2,0,2,1,2.0,6,Typ,0,0.0,Attchd,1972.0,3.0,2.0,501.0,3.0,2.0,140,153,0,0,0,0,MnPrv,0,7,2006,WD ,Normal,146500,0,0,1,1,1,3,0,0,0,0,0,0,0,0,0,0,0
20,RL,80.0,8000,NoAlley,3.0,Lvl,Inside,2.0,NAmes,Norm,1Fam,1Story,5,6,1959,1959,Gable,BrkFace,Wd Sdng,None,0.0,2.0,2.0,PConc,3.0,3.0,1.0,4.0,476.0,3.0,488.0,292.0,1256.0,3.0,Y,3.0,1256,0,0,1256,1.0,0.0,1,1,3,1,3.0,6,Typ,0,0.0,Attchd,1959.0,2.0,1.0,311.0,3.0,2.0,0,240,0,0,0,0,NoFence,0,5,2008,WD ,Normal,159000,0,0,1,0,1,2,0,0,0,0,0,0,0,0,0,0,0
20,RL,95.0,14250,NoAlley,3.0,Lvl,Inside,2.0,NAmes,Norm,1Fam,1Story,6,5,1957,1957,Gable,Plywood,Plywood,BrkFace,360.0,2.0,2.0,CBlock,3.0,3.0,1.0,1.0,0.0,1.0,0.0,998.0,998.0,2.0,Y,4.0,1790,0,0,1790,0.0,0.0,2,0,3,1,2.0,6,Typ,2,4.0,Attchd,1957.0,3.0,2.0,540.0,3.0,2.0,0,40,0,0,0,0,NoFence,1500,9,2008,WD ,Normal,180000,0,1,1,0,1,3,0,0,0,0,0,0,0,0,0,0,0
60,FV,68.0,7379,NoAlley,2.0,Lvl,Inside,2.0,Somerst,Norm,1Fam,2Story,8,5,2000,2000,Gable,VinylSd,VinylSd,None,0.0,3.0,2.0,PConc,4.0,3.0,1.0,6.0,484.0,1.0,0.0,491.0,975.0,4.0,Y,4.0,975,873,0,1848,1.0,0.0,2,1,3,1,3.0,7,Typ,1,3.0,Attchd,2000.0,2.0,2.0,592.0,3.0,2.0,280,184,0,0,0,0,NoFence,0,4,2010,WD ,Normal,254000,0,1,1,0,1,3,0,0,0,0,0,0,0,0,0,0,0
70,RL,60.0,8730,NoAlley,3.0,Lvl,Inside,2.0,BrkSide,RRAn,1Fam,2Story,6,7,1915,2003,Gable,Wd Sdng,Wd Sdng,None,0.0,2.0,2.0,BrkTil,3.0,3.0,1.0,1.0,0.0,1.0,0.0,698.0,698.0,4.0,Y,3.0,698,698,0,1396,0.0,0.0,1,0,3,1,2.0,7,Typ,0,0.0,Detchd,2003.0,1.0,1.0,384.0,3.0,2.0,0,0,0,0,259,0,NoFence,0,7,2007,WD ,Normal,153575,0,0,1,0,1,2,0,0,0,0,0,0,0,0,0,0,0
60,RL,64.0,12104,NoAlley,2.0,Lvl,FR3,2.0,Gilbert,Norm,1Fam,2Story,7,5,2006,2006,Gable,VinylSd,VinylSd,None,0.0,3.0,2.0,PConc,4.0,3.0,1.0,1.0,0.0,1.0,0.0,1035.0,1035.0,3.0,Y,4.0,1082,1240,0,2322,0.0,0.0,3,1,4,1,3.0,8,Typ,0,0.0,Attchd,2006.0,2.0,3.0,617.0,3.0,2.0,400,45,0,0,0,0,NoFence,0,8,2006,New,Partial,287602,0,0,1,0,1,2,0,0,0,0,0,0,0,0,0,0,0
20,RL,70.0,8696,NoAlley,2.0,Lvl,Inside,2.0,CollgCr,Norm,1Fam,1Story,7,5,1997,1998,Gable,VinylSd,VinylSd,BrkFace,150.0,2.0,2.0,PConc,4.0,3.0,4.0,6.0,1308.0,1.0,0.0,110.0,1418.0,4.0,Y,4.0,1418,0,0,1418,1.0,0.0,2,0,3,1,3.0,5,Typ,1,3.0,Attchd,1997.0,2.0,2.0,558.0,3.0,2.0,208,110,0,0,0,0,NoFence,0,5,2008,WD ,Normal,226001,0,1,1,0,1,3,0,0,0,0,0,0,0,0,0,0,0
50,RL,60.0,10800,Grvl,3.0,Lvl,Inside,2.0,OldTown,Norm,1Fam,1.5Fin,5,8,1936,1989,Gable,Wd Sdng,Wd Sdng,None,0.0,2.0,2.0,CBlock,2.0,3.0,1.0,5.0,626.0,1.0,0.0,170.0,796.0,3.0,Y,4.0,1096,370,0,1466,0.0,1.0,2,0,3,1,3.0,7,Min1,1,3.0,Attchd,1950.0,1.0,2.0,566.0,3.0,2.0,436,21,0,0,0,0,NoFence,500,4,2006,WD ,Normal,170000,0,1,1,0,1,3,0,0,0,0,0,0,0,0,0,0,0
20,RL,62.0,7130,NoAlley,3.0,Lvl,Inside,2.0,NAmes,Norm,1Fam,1Story,5,6,1967,1967,Gable,HdBoard,HdBoard,None,0.0,2.0,2.0,PConc,3.0,3.0,1.0,4.0,648.0,1.0,0.0,216.0,864.0,2.0,Y,4.0,864,0,0,864,0.0,1.0,1,0,2,1,2.0,5,Typ,0,0.0,Attchd,1967.0,3.0,1.0,312.0,3.0,2.0,0,0,0,0,0,0,GdPrv,0,6,2009,WD ,Normal,130000,0,0,1,1,1,3,0,0,0,0,0,0,0,0,0,0,0
60,RL,80.0,12205,NoAlley,2.0,Low,Inside,2.0,ClearCr,Norm,1Fam,2Story,6,8,1966,2007,Gable,HdBoard,HdBoard,BrkFace,157.0,2.0,2.0,CBlock,3.0,2.0,4.0,2.0,568.0,1.0,0.0,264.0,832.0,3.0,Y,4.0,976,1111,0,2087,0.0,0.0,2,1,5,1,3.0,9,Typ,0,0.0,Attchd,1966.0,3.0,2.0,444.0,3.0,2.0,133,168,0,0,0,0,NoFence,0,7,2007,WD ,Normal,187500,0,0,1,0,1,2,0,0,0,0,0,0,0,0,0,0,0
20,RL,44.0,17485,NoAlley,1.0,Lvl,Inside,2.0,Edwards,Norm,1Fam,1Story,7,5,2009,2010,Gable,VinylSd,VinylSd,Stone,96.0,3.0,2.0,PConc,4.0,3.0,4.0,6.0,1346.0,1.0,0.0,162.0,1508.0,4.0,Y,4.0,1508,0,0,1508,1.0,0.0,1,0,1,1,3.0,5,Typ,2,3.0,Attchd,2009.0,2.0,2.0,572.0,3.0,2.0,0,0,0,0,0,0,NoFence,0,1,2010,Con,Partial,308030,0,1,1,0,1,3,0,0,0,0,0,0,0,0,0,0,0
60,RL,87.0,12361,NoAlley,2.0,Lvl,CulDSac,2.0,SawyerW,Norm,1Fam,2Story,6,7,1993,1993,Gable,VinylSd,VinylSd,BrkFace,85.0,3.0,3.0,PConc,4.0,3.0,1.0,6.0,860.0,1.0,0.0,86.0,946.0,4.0,Y,4.0,964,838,0,1802,0.0,1.0,2,1,3,1,3.0,8,Typ,1,4.0,2Types,2000.0,2.0,4.0,1017.0,3.0,2.0,450,92,0,0,0,0,NoFence,0,5,2010,WD ,Normal,218000,0,1,1,0,1,3,0,0,0,0,0,0,0,0,0,0,0
20,RL,70.0,8400,NoAlley,3.0,Lvl,Inside,2.0,NAmes,Feedr,1Fam,1Story,5,5,1968,1968,Hip,HdBoard,HdBoard,BrkFace,168.0,2.0,2.0,CBlock,3.0,3.0,3.0,4.0,1016.0,1.0,0.0,36.0,1052.0,3.0,Y,4.0,1052,0,0,1052,1.0,0.0,1,1,3,1,2.0,5,Typ,0,0.0,Attchd,1968.0,2.0,1.0,288.0,3.0,2.0,356,0,0,0,0,0,GdWo,0,11,2006,WD ,Normal,138500,0,0,1,1,1,3,0,0,0,0,0,0,0,0,0,0,0
20,RL,86.0,8665,NoAlley,2.0,Lvl,Inside,2.0,Sawyer,Norm,1Fam,1Story,5,5,1968,1968,Gable,HdBoard,HdBoard,BrkFace,89.0,2.0,2.0,CBlock,3.0,3.0,2.0,3.0,168.0,4.0,288.0,420.0,876.0,2.0,Y,4.0,897,0,0,897,0.0,0.0,1,0,3,1,2.0,5,Typ,0,0.0,Attchd,1968.0,2.0,1.0,264.0,3.0,2.0,0,0,0,0,0,0,NoFence,0,1,2007,WD ,Normal,115000,0,0,1,0,1,2,0,0,0,0,0,0,0,0,0,0,0
20,RL,80.0,10603,NoAlley,2.0,Lvl,Inside,2.0,NWAmes,Norm,1Fam,1Story,6,7,1977,2001,Gable,Plywood,Plywood,BrkFace,28.0,2.0,2.0,PConc,3.0,3.0,2.0,5.0,1200.0,1.0,0.0,410.0,1610.0,3.0,Y,4.0,1610,0,0,1610,1.0,0.0,2,0,3,1,3.0,6,Typ,2,3.0,Attchd,1977.0,2.0,2.0,480.0,3.0,2.0,168,68,0,0,0,0,NoFence,0,2,2010,WD ,Normal,205000,0,1,1,0,1,3,0,0,0,0,0,0,0,0,0,0,0
120,RL,43.0,3203,NoAlley,3.0,Lvl,Inside,2.0,Blmngtn,Norm,TwnhsE,1Story,7,5,2006,2006,Gable,VinylSd,VinylSd,BrkFace,14.0,3.0,2.0,PConc,4.0,3.0,3.0,6.0,16.0,1.0,0.0,1129.0,1145.0,4.0,Y,4.0,1145,0,0,1145,0.0,0.0,2,0,2,1,3.0,6,Typ,0,0.0,Attchd,2006.0,3.0,2.0,437.0,3.0,2.0,100,116,0,0,0,0,NoFence,0,1,2010,WD ,Normal,160000,0,0,1,0,1,2,0,0,0,0,0,0,0,0,0,0,0
180,RM,21.0,1596,NoAlley,3.0,Lvl,Inside,2.0,MeadowV,Norm,Twnhs,SLvl,4,6,1973,1973,Gable,CemntBd,CmentBd,None,0.0,2.0,2.0,CBlock,4.0,3.0,4.0,6.0,437.0,1.0,0.0,25.0,462.0,2.0,Y,4.0,526,462,0,988,1.0,0.0,1,0,1,1,2.0,4,Typ,1,1.0,BuiltIn,1973.0,2.0,1.0,297.0,3.0,2.0,0,101,0,120,0,0,GdWo,0,7,2008,WD ,Normal,94900,0,1,1,1,1,4,0,0,0,0,0,0,0,0,0,0,0
20,RL,89.0,12461,NoAlley,3.0,Lvl,Corner,2.0,NoRidge,Norm,1Fam,1Story,8,5,1994,1995,Gable,ImStucc,ImStucc,None,0.0,3.0,2.0,PConc,4.0,3.0,1.0,6.0,1456.0,1.0,0.0,168.0,1624.0,4.0,Y,4.0,1624,0,0,1624,1.0,0.0,2,0,2,1,3.0,5,Typ,1,2.0,Attchd,1994.0,2.0,3.0,757.0,3.0,2.0,0,114,192,0,0,0,GdPrv,0,7,2006,WD ,Normal,262000,0,1,1,1,1,4,0,0,0,0,0,0,0,0,0,0,0
20,RL,74.0,8638,NoAlley,2.0,Lvl,Inside,2.0,Sawyer,RRAe,1Fam,1Story,5,6,1963,1963,Gable,HdBoard,HdBoard,None,0.0,2.0,2.0,PConc,3.0,3.0,1.0,5.0,181.0,1.0,0.0,744.0,925.0,3.0,Y,4.0,925,0,0,925,1.0,0.0,1,0,2,1,2.0,5,Typ,0,0.0,Detchd,1990.0,1.0,2.0,484.0,3.0,2.0,203,74,0,0,0,0,NoFence,0,10,2006,WD ,Normal,133500,0,0,1,0,1,2,0,0,0,0,0,0,0,0,0,0,0
180,RM,35.0,3675,NoAlley,3.0,Lvl,Inside,2.0,Edwards,Norm,TwnhsE,SFoyer,6,5,2005,2006,Gable,VinylSd,VinylSd,BrkFace,82.0,2.0,2.0,PConc,4.0,3.0,4.0,6.0,547.0,1.0,0.0,0.0,547.0,3.0,Y,4.0,1072,0,0,1072,1.0,0.0,2,0,2,1,2.0,5,Typ,0,0.0,Basment,2005.0,3.0,2.0,525.0,3.0,2.0,0,44,0,0,0,0,NoFence,0,6,2006,New,Partial,140000,0,0,1,0,1,2,0,0,0,0,0,0,0,0,0,0,0
85,RL,72.0,7540,NoAlley,2.0,Lvl,CulDSac,2.0,Mitchel,Norm,1Fam,SFoyer,6,6,1978,1978,Gable,VinylSd,VinylSd,None,0.0,2.0,2.0,CBlock,4.0,3.0,3.0,6.0,773.0,1.0,0.0,115.0,888.0,4.0,Y,4.0,912,0,0,912,1.0,0.0,1,0,2,1,2.0,5,Typ,1,3.0,Attchd,1978.0,2.0,2.0,470.0,3.0,2.0,0,0,0,0,192,0,MnPrv,0,6,2007,WD ,Normal,156000,0,1,1,1,1,4,0,0,0,0,0,0,0,0,0,0,0
20,RL,68.0,9571,NoAlley,3.0,Lvl,Inside,2.0,Edwards,Norm,1Fam,1Story,5,6,1956,1956,Hip,Wd Sdng,Wd Sdng,None,0.0,2.0,2.0,CBlock,3.0,3.0,3.0,3.0,870.0,1.0,0.0,639.0,1509.0,2.0,Y,3.0,1509,0,0,1509,1.0,0.0,1,0,3,1,3.0,6,Typ,1,3.0,Attchd,1956.0,1.0,1.0,322.0,3.0,2.0,158,0,0,0,576,0,MnPrv,0,7,2008,WD ,Normal,159900,0,1,1,1,1,4,0,0,0,0,0,0,0,0,0,0,0
20,RL,70.0,7315,NoAlley,3.0,Lvl,Inside,2.0,NAmes,Norm,1Fam,1Story,5,6,1958,1958,Hip,BrkFace,BrkFace,None,0.0,2.0,2.0,CBlock,3.0,3.0,1.0,3.0,625.0,1.0,0.0,545.0,1170.0,2.0,Y,4.0,1170,0,0,1170,0.0,1.0,1,0,3,1,2.0,6,Typ,1,3.0,Attchd,1958.0,2.0,1.0,338.0,3.0,2.0,0,0,0,0,225,0,NoFence,0,3,2007,WD ,Normal,140000,0,1,1,0,1,3,0,0,0,0,0,0,0,0,0,0,0
20,RL,117.0,15262,NoAlley,2.0,Lvl,Corner,2.0,NridgHt,Norm,1Fam,1Story,8,5,2003,2004,Hip,VinylSd,VinylSd,BrkFace,470.0,3.0,2.0,PConc,5.0,3.0,4.0,6.0,1557.0,1.0,0.0,643.0,2200.0,4.0,Y,4.0,2200,0,0,2200,1.0,0.0,2,1,3,1,4.0,8,Typ,1,4.0,Attchd,2003.0,3.0,3.0,685.0,3.0,2.0,208,55,0,0,0,0,NoFence,0,7,2009,WD ,Normal,382500,0,1,1,0,1,3,0,0,0,0,0,0,0,0,0,0,0
20,RL,72.0,11846,NoAlley,2.0,HLS,Inside,2.0,NridgHt,Norm,1Fam,1Story,9,5,2003,2004,Hip,VinylSd,VinylSd,BrkFace,562.0,3.0,2.0,PConc,5.0,3.0,4.0,6.0,1567.0,1.0,0.0,225.0,1792.0,4.0,Y,4.0,1792,0,0,1792,1.0,0.0,2,0,2,1,4.0,6,Typ,1,4.0,Attchd,2003.0,3.0,3.0,874.0,3.0,2.0,206,49,0,0,0,0,NoFence,0,8,2006,WD ,Normal,374000,0,1,1,0,1,3,0,0,0,0,0,0,0,0,0,0,0
85,RL,72.0,9101,NoAlley,2.0,Lvl,Corner,2.0,Mitchel,Norm,1Fam,SFoyer,5,6,1978,1978,Gable,Plywood,Plywood,BrkFace,104.0,2.0,3.0,PConc,4.0,3.0,3.0,6.0,1097.0,1.0,0.0,0.0,1097.0,4.0,Y,4.0,1110,0,0,1110,1.0,0.0,1,0,1,1,3.0,4,Typ,1,3.0,Attchd,1978.0,3.0,2.0,602.0,3.0,2.0,303,30,0,0,0,0,NoFence,0,7,2009,WD ,Normal,165500,0,1,1,0,1,3,0,0,0,0,0,0,0,0,0,0,0
60,RL,70.0,10316,NoAlley,2.0,Lvl,Inside,2.0,CollgCr,Norm,1Fam,2Story,7,5,2000,2000,Gable,VinylSd,VinylSd,None,0.0,3.0,2.0,PConc,4.0,3.0,1.0,6.0,735.0,1.0,0.0,257.0,992.0,4.0,Y,4.0,992,873,0,1865,1.0,0.0,2,1,3,1,3.0,7,Typ,1,3.0,Attchd,2000.0,2.0,3.0,839.0,3.0,2.0,0,184,0,0,0,0,NoFence,0,6,2008,WD ,Normal,235000,0,1,1,0,1,3,0,0,0,0,0,0,0,0,0,0,0
20,RL,63.0,9750,NoAlley,2.0,Lvl,Inside,2.0,Sawyer,Norm,1Fam,1Story,5,5,1962,1962,Hip,HdBoard,Plywood,None,0.0,2.0,2.0,CBlock,3.0,3.0,1.0,2.0,68.0,4.0,884.0,28.0,980.0,3.0,Y,4.0,980,0,0,980,1.0,0.0,1,0,3,1,2.0,5,Typ,0,0.0,Detchd,1969.0,1.0,2.0,400.0,3.0,2.0,0,28,0,0,0,0,MnPrv,0,11,2009,WD ,Normal,110000,0,0,1,1,1,3,0,0,0,0,0,0,0,0,0,0,0
70,RM,51.0,6120,NoAlley,3.0,Lvl,Inside,2.0,BrkSide,Norm,1Fam,2Story,5,8,1920,2004,Gable,MetalSd,MetalSd,None,0.0,2.0,2.0,BrkTil,3.0,3.0,2.0,1.0,0.0,1.0,0.0,939.0,939.0,4.0,Y,4.0,939,574,0,1513,0.0,0.0,1,1,4,1,2.0,8,Typ,0,0.0,Detchd,1933.0,1.0,1.0,180.0,2.0,0.0,24,0,150,0,0,0,NoFence,0,5,2007,WD ,Normal,137500,0,0,1,0,1,2,0,0,0,0,0,0,0,0,0,0,0
20,RL,64.0,6400,NoAlley,3.0,Lvl,Inside,2.0,Edwards,Norm,1Fam,1Story,5,7,1959,2000,Gable,WdShing,Wd Shng,None,0.0,2.0,2.0,CBlock,3.0,3.0,3.0,3.0,77.0,5.0,831.0,52.0,960.0,4.0,Y,4.0,960,0,0,960,1.0,0.0,1,0,2,1,1.0,4,Typ,0,0.0,Detchd,1959.0,1.0,1.0,392.0,3.0,2.0,144,0,35,0,0,0,NoFence,0,12,2007,WD ,Normal,131750,0,0,1,0,1,2,0,0,0,0,0,0,0,0,0,0,0
60,RL,105.0,11025,NoAlley,3.0,Lvl,Inside,2.0,NoRidge,Norm,1Fam,1.5Fin,9,5,1993,1994,Hip,Wd Sdng,Wd Sdng,BrkFace,568.0,3.0,2.0,PConc,4.0,3.0,4.0,4.0,520.0,1.0,0.0,1328.0,1848.0,4.0,Y,4.0,1827,959,0,2786,1.0,0.0,2,1,4,1,3.0,10,Typ,1,5.0,Attchd,1993.0,3.0,2.0,636.0,3.0,2.0,294,49,0,0,0,0,NoFence,0,6,2008,WD ,Normal,372500,0,1,1,0,1,3,0,0,0,0,0,0,0,0,0,0,0
50,RL,50.0,7000,NoAlley,3.0,Lvl,Corner,2.0,OldTown,Artery,1Fam,1.5Fin,6,6,1924,1950,Gable,MetalSd,MetalSd,None,0.0,2.0,3.0,BrkTil,2.0,3.0,1.0,2.0,617.0,1.0,0.0,0.0,617.0,3.0,Y,4.0,865,445,0,1310,0.0,0.0,2,0,2,1,2.0,6,Min1,0,0.0,Attchd,1924.0,1.0,1.0,398.0,3.0,2.0,0,0,126,0,0,0,NoFence,0,5,2006,COD,Normal,112000,0,0,1,0,1,2,0,0,0,0,0,0,0,0,0,0,0
20,RL,65.0,8772,NoAlley,3.0,Lvl,FR2,2.0,CollgCr,Norm,1Fam,1Story,7,5,2005,2006,Gable,VinylSd,VinylSd,None,0.0,3.0,2.0,PConc,4.0,3.0,2.0,6.0,996.0,1.0,0.0,340.0,1336.0,4.0,Y,4.0,1336,0,0,1336,1.0,0.0,2,0,3,1,3.0,6,Typ,0,0.0,Attchd,2005.0,1.0,2.0,502.0,3.0,2.0,136,43,0,0,0,0,NoFence,0,9,2006,New,Partial,198000,0,0,1,0,1,2,0,0,0,0,0,0,0,0,0,0,0
60,RL,313.0,63887,NoAlley,0.0,Bnk,Corner,2.0,Edwards,Feedr,1Fam,2Story,10,5,2008,2008,Hip,Stucco,Stucco,Stone,796.0,4.0,2.0,PConc,5.0,3.0,4.0,6.0,5644.0,1.0,0.0,466.0,6110.0,4.0,Y,4.0,4692,950,0,5642,2.0,0.0,2,1,3,1,4.0,12,Typ,3,4.0,Attchd,2008.0,3.0,2.0,1418.0,3.0,2.0,214,292,0,0,0,480,NoFence,0,1,2008,New,Partial,160000,1,1,1,0,1,4,0,0,0,0,0,0,0,0,0,0,0
60,RL,74.0,11616,NoAlley,2.0,Lvl,CulDSac,2.0,Sawyer,Norm,1Fam,2Story,6,5,1978,1978,Hip,HdBoard,HdBoard,BrkCmn,328.0,2.0,2.0,CBlock,3.0,3.0,2.0,3.0,438.0,1.0,0.0,234.0,672.0,2.0,Y,4.0,672,714,0,1386,0.0,0.0,2,1,3,1,2.0,6,Typ,1,3.0,Attchd,1978.0,3.0,2.0,440.0,3.0,2.0,335,0,0,0,0,0,GdPrv,0,4,2010,WD ,Abnorml,158900,0,1,1,1,1,4,0,0,0,0,0,0,0,0,0,0,0
20,RM,52.0,8626,NoAlley,3.0,Lvl,Inside,2.0,OldTown,Norm,1Fam,1Story,4,6,1956,1956,Gable,MetalSd,MetalSd,BrkFace,1.0,2.0,2.0,CBlock,0.0,0.0,0.0,0.0,0.0,0.0,0.0,0.0,0.0,3.0,Y,4.0,968,0,0,968,0.0,0.0,1,0,2,1,2.0,5,Typ,0,0.0,Attchd,1956.0,1.0,1.0,331.0,2.0,2.0,0,0,0,0,0,0,NoFence,0,5,2007,WD ,Normal,104500,0,0,1,0,1,2,0,0,0,0,0,0,0,0,0,0,0
20,RL,80.0,9600,NoAlley,3.0,Lvl,Corner,2.0,NAmes,Feedr,1Fam,1Story,5,5,1968,1968,Gable,MetalSd,MetalSd,None,0.0,2.0,2.0,CBlock,3.0,3.0,1.0,5.0,758.0,1.0,0.0,293.0,1051.0,3.0,Y,4.0,1051,0,0,1051,1.0,0.0,1,0,3,1,2.0,6,Typ,0,0.0,Attchd,1968.0,2.0,2.0,504.0,3.0,2.0,0,0,0,0,0,0,NoFence,0,7,2006,WD ,Normal,142000,0,0,1,0,1,2,0,0,0,0,0,0,0,0,0,0,0
30,RM,60.0,5890,NoAlley,3.0,Lvl,Corner,2.0,IDOTRR,Norm,1Fam,1Story,6,8,1930,2007,Gable,Wd Sdng,Wd Sdng,None,0.0,3.0,3.0,BrkTil,3.0,3.0,3.0,5.0,538.0,1.0,0.0,278.0,816.0,4.0,Y,4.0,816,0,0,816,0.0,0.0,1,0,2,1,2.0,5,Typ,0,0.0,Detchd,2002.0,1.0,1.0,432.0,3.0,2.0,0,0,96,0,0,0,NoFence,0,6,2008,WD ,Normal,120500,0,0,1,0,1,2,0,0,0,0,0,0,0,0,0,0,0
20,RL,79.0,9541,NoAlley,2.0,Lvl,Inside,2.0,NridgHt,Norm,1Fam,1Story,7,5,2009,2009,Gable,VinylSd,VinylSd,Stone,268.0,3.0,2.0,PConc,4.0,3.0,1.0,1.0,0.0,1.0,0.0,1502.0,1502.0,4.0,Y,4.0,1502,0,0,1502,0.0,0.0,2,0,3,1,3.0,7,Typ,0,0.0,Attchd,2009.0,2.0,2.0,644.0,3.0,2.0,0,114,0,0,0,0,NoFence,0,9,2009,New,Partial,233170,0,0,1,0,1,2,0,0,0,0,0,0,0,0,0,0,0
85,RL,64.0,12102,NoAlley,3.0,Lvl,Inside,2.0,Edwards,Norm,1Fam,SFoyer,5,5,1976,1976,Gable,HdBoard,Plywood,BrkFace,222.0,2.0,2.0,CBlock,4.0,4.0,4.0,5.0,456.0,1.0,0.0,0.0,456.0,4.0,Y,4.0,1033,0,0,1033,0.0,1.0,1,0,3,1,2.0,6,Typ,0,0.0,BuiltIn,1976.0,2.0,2.0,504.0,2.0,2.0,224,0,0,0,0,0,NoFence,0,4,2008,WD ,Family,165000,0,0,1,0,1,2,0,0,0,0,0,0,0,0,0,0,0
90,RL,70.0,7700,NoAlley,3.0,Lvl,Inside,2.0,Mitchel,Norm,Duplex,2Story,5,2,1985,1986,Gable,HdBoard,HdBoard,None,0.0,2.0,0.0,PConc,3.0,3.0,1.0,1.0,0.0,1.0,0.0,1216.0,1216.0,3.0,Y,4.0,1216,1216,0,2432,0.0,0.0,4,2,4,2,2.0,10,Typ,0,0.0,Attchd,1985.0,1.0,2.0,616.0,3.0,2.0,200,0,0,0,0,0,NoFence,600,2,2010,WD ,Normal,159000,0,0,1,0,1,2,0,0,0,0,0,0,0,0,0,0,0
70,RL,70.0,10570,NoAlley,3.0,Bnk,Inside,1.0,Crawfor,Norm,1Fam,2Story,8,8,1932,1994,Hip,BrkFace,BrkFace,None,0.0,3.0,2.0,CBlock,4.0,4.0,1.0,3.0,297.0,1.0,0.0,556.0,853.0,2.0,Y,4.0,1549,1178,0,2727,0.0,0.0,2,1,3,1,3.0,10,Maj1,2,3.0,Detchd,1932.0,1.0,2.0,440.0,3.0,2.0,0,74,0,0,0,0,NoFence,0,12,2007,WD ,Normal,315000,0,1,1,0,1,3,0,0,0,0,0,0,0,0,0,0,0
80,RL,64.0,11950,NoAlley,2.0,Lvl,Corner,2.0,Gilbert,Norm,1Fam,SLvl,7,5,2003,2003,Gable,VinylSd,VinylSd,None,0.0,3.0,2.0,PConc,4.0,3.0,1.0,1.0,0.0,1.0,0.0,384.0,384.0,4.0,Y,4.0,754,640,0,1394,0.0,0.0,2,1,3,1,3.0,7,Typ,1,3.0,BuiltIn,2003.0,3.0,2.0,400.0,3.0,2.0,100,0,0,0,0,0,NoFence,0,10,2007,WD ,Normal,165500,0,1,1,0,1,3,0,0,0,0,0,0,0,0,0,0,1
20,RL,115.0,10500,NoAlley,2.0,Lvl,Inside,2.0,NAmes,Norm,1Fam,1Story,5,5,1964,1964,Gable,HdBoard,HdBoard,Stone,144.0,2.0,3.0,CBlock,3.0,3.0,1.0,2.0,998.0,1.0,0.0,294.0,1292.0,2.0,Y,4.0,1292,0,0,1292,1.0,0.0,1,1,3,1,2.0,6,Typ,2,4.0,Detchd,1964.0,1.0,2.0,520.0,3.0,2.0,0,32,0,0,92,0,NoFence,0,7,2009,COD,Abnorml,145100,0,1,1,0,1,3,0,0,0,0,0,0,0,0,0,0,0
60,RL,80.0,16698,NoAlley,2.0,HLS,CulDSac,1.0,ClearCr,Norm,1Fam,2Story,7,5,1992,1993,Gable,VinylSd,VinylSd,None,0.0,3.0,2.0,PConc,4.0,3.0,3.0,6.0,800.0,1.0,0.0,649.0,1449.0,3.0,Y,4.0,944,815,0,1759,1.0,0.0,2,1,3,1,3.0,7,Typ,1,3.0,Attchd,1992.0,1.0,2.0,525.0,3.0,2.0,150,193,0,0,0,0,NoFence,0,6,2009,WD ,Normal,233500,0,1,1,0,1,3,0,0,0,0,0,0,0,0,0,0,0
20,RL,40.0,14330,NoAlley,2.0,Lvl,CulDSac,2.0,CollgCr,Norm,1Fam,1Story,5,6,1975,2001,Gable,Plywood,Wd Sdng,None,0.0,2.0,2.0,CBlock,3.0,3.0,1.0,3.0,88.0,5.0,596.0,180.0,864.0,2.0,Y,4.0,1558,0,0,1558,1.0,0.0,2,0,2,1,2.0,5,Min2,0,0.0,Attchd,1975.0,3.0,2.0,440.0,3.0,2.0,140,0,239,0,227,0,NoFence,0,8,2008,WD ,Normal,163000,0,0,1,0,1,2,0,0,0,0,0,0,0,0,0,0,0
20,RL,60.0,8281,NoAlley,2.0,Lvl,Inside,2.0,Sawyer,Norm,1Fam,1Story,5,5,1965,1965,Gable,MetalSd,MetalSd,None,0.0,2.0,2.0,CBlock,3.0,3.0,1.0,3.0,553.0,4.0,311.0,0.0,864.0,3.0,Y,4.0,864,0,0,864,0.0,0.0,1,0,3,1,2.0,5,Typ,1,1.0,Detchd,1965.0,1.0,1.0,360.0,3.0,2.0,0,0,236,0,0,0,GdWo,0,12,2009,WD ,Normal,62383,0,1,1,1,1,4,0,0,0,0,0,0,0,0,0,0,0
60,RL,80.0,17082,NoAlley,2.0,Low,CulDSac,1.0,ClearCr,Norm,1Fam,2Story,6,5,1978,1992,Gable,VinylSd,VinylSd,BrkFace,288.0,2.0,2.0,PConc,4.0,3.0,3.0,5.0,964.0,1.0,0.0,153.0,1117.0,4.0,Y,4.0,1117,864,0,1981,1.0,0.0,2,1,4,1,3.0,8,Typ,1,3.0,Attchd,1978.0,3.0,2.0,522.0,3.0,2.0,336,104,0,0,0,0,NoFence,0,5,2010,WD ,Normal,230000,0,1,1,0,1,3,0,0,0,0,0,0,0,0,0,0,0
60,RL,81.0,10530,NoAlley,3.0,Lvl,Inside,2.0,NWAmes,PosA,1Fam,2Story,7,5,1978,1978,Gable,Plywood,Plywood,BrkFace,68.0,2.0,2.0,CBlock,3.0,3.0,1.0,1.0,0.0,1.0,0.0,945.0,945.0,2.0,Y,4.0,945,912,0,1857,0.0,0.0,2,1,4,1,2.0,8,Typ,1,3.0,Attchd,1978.0,2.0,2.0,482.0,3.0,2.0,400,105,0,0,0,0,GdPrv,0,7,2006,WD ,Normal,188900,0,1,1,1,1,4,0,0,0,0,0,0,0,0,0,0,0
160,FV,24.0,2280,Pave,3.0,Lvl,Inside,2.0,Somerst,Norm,Twnhs,2Story,7,5,1999,1999,Gable,MetalSd,MetalSd,BrkFace,360.0,2.0,2.0,PConc,4.0,3.0,1.0,5.0,549.0,1.0,0.0,195.0,744.0,3.0,Y,4.0,757,744,0,1501,0.0,0.0,2,1,3,1,2.0,6,Typ,0,0.0,Detchd,1999.0,1.0,2.0,440.0,3.0,2.0,0,0,0,0,0,0,NoFence,0,8,2008,WD ,Normal,179400,0,0,1,0,1,2,0,0,0,0,0,0,0,0,0,0,0
20,RL,84.0,12615,NoAlley,3.0,Lvl,Corner,2.0,Edwards,Norm,1Fam,1Story,6,7,1950,2001,Gable,WdShing,Wd Shng,None,0.0,2.0,2.0,CBlock,3.0,4.0,3.0,5.0,477.0,1.0,0.0,725.0,1202.0,2.0,Y,4.0,2158,0,0,2158,1.0,0.0,2,0,4,1,3.0,7,Typ,1,4.0,Attchd,1950.0,1.0,2.0,576.0,3.0,2.0,0,29,39,0,0,0,MnPrv,0,6,2007,WD ,Normal,243000,0,1,1,1,1,4,0,0,0,0,0,0,0,0,0,0,0
60,RL,60.0,15384,NoAlley,2.0,Lvl,Inside,2.0,Gilbert,RRAn,1Fam,2Story,7,5,2004,2005,Gable,VinylSd,VinylSd,None,0.0,3.0,2.0,PConc,4.0,3.0,3.0,6.0,724.0,1.0,0.0,64.0,788.0,4.0,Y,4.0,788,702,0,1490,1.0,0.0,2,1,3,1,3.0,8,Typ,1,4.0,Attchd,2004.0,3.0,2.0,388.0,3.0,2.0,100,75,0,0,0,0,NoFence,0,2,2008,WD ,Normal,184000,0,1,1,0,1,3,0,0,0,0,0,0,0,0,0,0,0
50,RL,78.0,15600,NoAlley,3.0,Bnk,Inside,2.0,Crawfor,Norm,1Fam,1.5Fin,5,7,1949,2005,Gable,BrkComm,Brk Cmn,None,0.0,2.0,2.0,BrkTil,3.0,3.0,1.0,4.0,312.0,3.0,507.0,248.0,1067.0,1.0,N,4.0,986,537,0,1523,1.0,0.0,2,0,3,1,1.0,7,Maj2,1,3.0,Attchd,1949.0,1.0,1.0,295.0,3.0,2.0,0,0,81,0,0,0,NoFence,0,10,2009,WD ,Normal,158000,0,1,0,0,1,2,0,0,0,0,0,0,0,0,0,0,0
60,RL,65.0,8139,NoAlley,3.0,Lvl,Inside,2.0,Gilbert,Norm,1Fam,2Story,6,5,1995,1996,Gable,VinylSd,VinylSd,BrkFace,119.0,2.0,2.0,PConc,4.0,3.0,1.0,5.0,476.0,1.0,0.0,204.0,680.0,3.0,Y,4.0,680,790,0,1470,0.0,0.0,2,1,3,1,2.0,7,Typ,1,3.0,BuiltIn,1995.0,3.0,2.0,420.0,3.0,2.0,192,49,0,0,0,0,NoFence,0,10,2008,WD ,Normal,165000,0,1,1,0,1,3,0,0,0,0,0,0,0,0,0,0,0
120,RL,135.0,12304,NoAlley,0.0,Lvl,Corner,2.0,NridgHt,Norm,TwnhsE,1Story,7,5,2005,2005,Gable,VinylSd,VinylSd,Stone,144.0,3.0,2.0,PConc,4.0,3.0,1.0,6.0,20.0,1.0,0.0,1347.0,1367.0,4.0,Y,4.0,1367,0,0,1367,0.0,0.0,2,0,2,1,3.0,6,Typ,1,4.0,Attchd,2005.0,2.0,2.0,484.0,3.0,2.0,0,33,0,0,0,0,NoFence,0,6,2008,WD ,Normal,192000,0,1,1,0,1,3,0,0,0,0,0,0,0,0,0,0,0
60,FV,100.0,13162,NoAlley,3.0,Lvl,Corner,2.0,Somerst,Feedr,1Fam,2Story,9,5,2006,2006,Gable,VinylSd,VinylSd,None,0.0,3.0,2.0,PConc,5.0,3.0,1.0,6.0,1836.0,1.0,0.0,200.0,2036.0,4.0,Y,4.0,2036,604,0,2640,1.0,0.0,3,1,3,1,4.0,11,Typ,1,4.0,Attchd,2006.0,2.0,3.0,792.0,3.0,2.0,0,265,0,0,0,0,NoFence,0,11,2006,New,Partial,405749,0,1,1,0,1,3,0,0,0,0,0,0,0,0,0,0,0
20,RL,80.0,11600,NoAlley,3.0,Lvl,Inside,2.0,NAmes,Norm,1Fam,1Story,6,5,1960,1960,Hip,Wd Sdng,Wd Sdng,BrkFace,175.0,2.0,2.0,CBlock,3.0,3.0,1.0,3.0,565.0,1.0,0.0,818.0,1383.0,2.0,Y,4.0,1383,0,0,1383,0.0,0.0,1,1,3,1,2.0,7,Typ,0,0.0,Attchd,1960.0,2.0,1.0,292.0,3.0,2.0,0,45,0,0,0,0,NoFence,0,4,2006,WD ,Normal,145250,0,0,1,0,1,2,0,0,0,0,0,0,0,0,0,0,0
60,RL,64.0,13041,NoAlley,1.0,Lvl,Inside,2.0,Gilbert,Norm,1Fam,2Story,6,5,1995,1995,Gable,HdBoard,HdBoard,None,0.0,2.0,2.0,PConc,4.0,3.0,1.0,1.0,0.0,1.0,0.0,781.0,781.0,3.0,Y,4.0,781,890,0,1671,0.0,0.0,2,1,3,1,2.0,7,Typ,1,3.0,Attchd,1995.0,3.0,2.0,423.0,3.0,2.0,0,84,0,0,0,0,NoFence,0,2,2006,WD ,Normal,170000,0,1,1,0,1,3,0,0,0,0,0,0,0,0,0,0,0
20,RL,69.0,7599,NoAlley,3.0,Lvl,Corner,2.0,Mitchel,Norm,1Fam,1Story,4,6,1982,2006,Gable,HdBoard,Plywood,None,0.0,2.0,2.0,CBlock,3.0,3.0,1.0,5.0,565.0,1.0,0.0,280.0,845.0,2.0,Y,4.0,845,0,0,845,1.0,0.0,1,0,2,1,2.0,4,Typ,0,0.0,Detchd,1987.0,1.0,2.0,360.0,3.0,2.0,0,0,0,0,0,0,NoFence,0,6,2007,WD ,Normal,129500,0,0,1,0,1,2,0,0,0,0,0,0,0,0,0,0,0
30,RL,55.0,10267,NoAlley,3.0,Lvl,Inside,2.0,BrkSide,RRAn,1Fam,1Story,6,7,1918,2000,Gable,Stucco,Wd Shng,None,0.0,2.0,3.0,BrkTil,3.0,4.0,2.0,3.0,210.0,5.0,606.0,0.0,816.0,4.0,Y,4.0,838,0,0,838,1.0,0.0,1,0,2,1,1.0,5,Typ,0,0.0,Detchd,1961.0,3.0,1.0,275.0,3.0,0.0,0,0,112,0,0,0,MnWw,0,5,2008,WD ,Normal,130000,0,0,1,1,1,3,0,0,0,0,0,0,0,0,0,0,0
60,RL,70.0,8749,NoAlley,3.0,Lvl,Inside,2.0,CollgCr,Norm,1Fam,2Story,7,5,2003,2003,Gable,VinylSd,VinylSd,None,0.0,3.0,2.0,PConc,4.0,3.0,1.0,6.0,654.0,1.0,0.0,325.0,979.0,4.0,Y,4.0,992,940,0,1932,1.0,0.0,2,1,3,1,3.0,7,Typ,1,4.0,Attchd,2003.0,2.0,2.0,610.0,3.0,2.0,0,120,0,0,0,0,NoFence,0,6,2007,WD ,Normal,213000,0,1,1,0,1,3,0,0,0,0,0,0,0,0,0,0,0
20,RL,70.0,7000,NoAlley,2.0,Lvl,CulDSac,2.0,CollgCr,Norm,1Fam,1Story,5,8,1978,2005,Gable,VinylSd,VinylSd,BrkFace,90.0,3.0,3.0,CBlock,3.0,3.0,1.0,5.0,646.0,1.0,0.0,218.0,864.0,4.0,Y,4.0,864,0,0,864,1.0,0.0,1,0,3,1,2.0,6,Typ,0,0.0,Attchd,1978.0,1.0,1.0,336.0,3.0,2.0,0,0,0,0,0,0,GdWo,0,7,2009,WD ,Normal,136500,0,0,1,1,1,3,0,0,0,0,0,0,0,0,0,0,0
60,RL,70.0,8304,NoAlley,2.0,Lvl,Inside,2.0,SawyerW,Norm,1Fam,2Story,6,5,1997,1998,Gable,VinylSd,VinylSd,None,0.0,2.0,2.0,PConc,4.0,3.0,1.0,1.0,0.0,1.0,0.0,941.0,941.0,4.0,Y,4.0,941,896,0,1837,0.0,0.0,2,1,3,1,2.0,7,Typ,0,0.0,Attchd,1997.0,2.0,2.0,688.0,3.0,2.0,150,165,0,0,0,0,GdPrv,0,7,2006,WD ,Normal,187000,0,0,1,1,1,3,0,0,0,0,0,0,0,0,0,0,0
20,RL,78.0,9262,NoAlley,3.0,Lvl,Inside,2.0,Somerst,Norm,1Fam,1Story,8,5,2008,2009,Gable,CemntBd,CmentBd,Stone,194.0,3.0,2.0,PConc,4.0,3.0,1.0,1.0,0.0,1.0,0.0,1573.0,1573.0,4.0,Y,4.0,1578,0,0,1578,0.0,0.0,2,0,3,1,4.0,7,Typ,1,4.0,Attchd,2008.0,3.0,3.0,840.0,3.0,2.0,0,36,0,0,0,0,NoFence,0,5,2009,New,Partial,287090,0,1,1,0,1,3,0,0,0,0,0,0,0,0,0,0,0
50,RM,52.0,6240,NoAlley,3.0,Lvl,Inside,2.0,BrkSide,Norm,1Fam,1.5Fin,5,7,1930,1992,Gable,MetalSd,MetalSd,None,0.0,2.0,2.0,PConc,3.0,3.0,1.0,1.0,0.0,1.0,0.0,1078.0,1078.0,2.0,Y,4.0,1128,445,0,1573,0.0,0.0,2,0,3,1,2.0,8,Typ,1,4.0,Detchd,1930.0,1.0,2.0,360.0,3.0,1.0,0,0,0,0,0,0,NoFence,0,6,2008,WD ,Normal,162900,0,1,1,0,1,3,0,0,0,0,0,0,0,0,0,0,0
30,RM,60.0,4800,NoAlley,3.0,Lvl,Corner,2.0,OldTown,Norm,1Fam,1Story,5,4,1940,1950,Gable,MetalSd,MetalSd,None,0.0,2.0,2.0,CBlock,2.0,3.0,1.0,1.0,0.0,1.0,0.0,672.0,672.0,2.0,Y,4.0,672,0,0,672,0.0,0.0,1,0,2,1,2.0,4,Typ,0,0.0,Detchd,1950.0,1.0,1.0,256.0,3.0,2.0,0,0,0,0,0,0,MnPrv,0,8,2008,WD ,Normal,64000,0,0,1,1,1,3,0,0,0,0,0,0,0,0,0,0,0
20,RL,50.0,5175,NoAlley,3.0,Lvl,Inside,2.0,BrkSide,RRAn,1Fam,1Story,5,8,1958,2000,Gable,VinylSd,VinylSd,None,0.0,2.0,2.0,CBlock,3.0,3.0,1.0,4.0,150.0,5.0,404.0,254.0,808.0,4.0,Y,4.0,808,0,0,808,0.0,0.0,1,0,2,1,2.0,5,Typ,0,0.0,Detchd,1963.0,1.0,1.0,308.0,3.0,0.0,143,0,0,0,0,0,NoFence,0,7,2007,COD,Normal,112000,0,0,1,0,1,2,0,0,0,0,0,0,0,0,0,0,0
75,RM,53.0,5350,NoAlley,3.0,Lvl,Corner,2.0,OldTown,Artery,1Fam,2Story,7,8,1920,1965,Gable,Wd Sdng,Wd Shng,None,0.0,2.0,2.0,BrkTil,3.0,3.0,1.0,4.0,116.0,1.0,0.0,508.0,624.0,4.0,Y,4.0,730,720,0,1450,0.0,0.0,1,0,3,1,2.0,7,Typ,0,0.0,Detchd,1935.0,1.0,1.0,288.0,3.0,2.0,0,192,0,0,0,0,MnPrv,0,3,2008,WD ,Normal,132000,0,0,1,1,1,3,0,0,0,0,0,0,0,0,0,0,0
60,RL,64.0,8174,NoAlley,2.0,Lvl,Inside,2.0,Gilbert,Norm,1Fam,2Story,7,5,2003,2003,Gable,VinylSd,VinylSd,None,0.0,3.0,2.0,PConc,4.0,3.0,1.0,6.0,494.0,1.0,0.0,204.0,698.0,4.0,Y,4.0,698,644,0,1342,1.0,0.0,2,1,3,1,3.0,7,Typ,1,3.0,Attchd,2003.0,3.0,2.0,393.0,3.0,2.0,100,56,0,0,0,0,NoFence,0,5,2009,WD ,Normal,178000,0,1,1,0,1,3,0,0,0,0,0,0,0,0,0,0,0
20,RL,73.0,15870,NoAlley,2.0,Lvl,Corner,2.0,NAmes,Norm,1Fam,1Story,5,5,1969,1969,Gable,VinylSd,Plywood,None,0.0,2.0,2.0,CBlock,3.0,3.0,2.0,4.0,75.0,3.0,791.0,230.0,1096.0,4.0,Y,4.0,1096,0,0,1096,1.0,0.0,1,0,3,1,2.0,6,Typ,0,0.0,Attchd,1969.0,3.0,1.0,299.0,3.0,2.0,240,32,0,0,0,0,NoFence,0,3,2006,WD ,Abnorml,138800,0,0,1,0,1,2,0,0,0,0,0,0,0,0,0,0,0
60,RM,57.0,8094,Grvl,3.0,Lvl,Inside,2.0,OldTown,Norm,2fmCon,2.5Unf,6,8,1910,1983,Gable,Wd Sdng,Wd Sdng,None,0.0,2.0,2.0,PConc,3.0,3.0,2.0,3.0,196.0,1.0,0.0,1046.0,1242.0,3.0,Y,4.0,1242,742,0,1984,0.0,0.0,2,0,5,1,2.0,8,Typ,0,0.0,Detchd,0.0,0.0,1.0,360.0,0.0,2.0,64,0,180,0,0,0,MnPrv,1000,9,2008,WD ,Normal,160000,0,0,1,1,1,3,1,0,0,0,0,0,0,0,0,0,0
50,RL,56.0,6956,NoAlley,3.0,Lvl,Inside,2.0,Edwards,Norm,1Fam,1.5Fin,4,7,1948,1950,Gable,VinylSd,VinylSd,None,0.0,2.0,3.0,CBlock,2.0,3.0,2.0,1.0,0.0,1.0,0.0,624.0,624.0,4.0,Y,4.0,624,312,0,936,0.0,0.0,1,0,3,1,2.0,5,Typ,0,0.0,Attchd,1948.0,1.0,1.0,265.0,3.0,2.0,0,0,0,0,0,0,NoFence,0,4,2006,WD ,Normal,97900,0,0,1,0,1,2,0,0,0,0,0,0,0,0,0,0,0
20,RL,80.0,10400,NoAlley,3.0,Lvl,Inside,2.0,NWAmes,Norm,1Fam,1Story,7,5,1976,1976,Gable,HdBoard,HdBoard,BrkFace,189.0,2.0,2.0,CBlock,4.0,3.0,1.0,1.0,0.0,1.0,0.0,1090.0,1090.0,2.0,Y,4.0,1370,0,0,1370,0.0,0.0,2,0,3,1,2.0,6,Typ,1,3.0,Attchd,1976.0,2.0,2.0,479.0,3.0,2.0,0,0,0,0,0,0,MnPrv,0,6,2009,WD ,Family,152000,0,1,1,1,1,4,0,0,0,0,0,0,0,0,0,0,0
60,RL,80.0,14311,NoAlley,2.0,Lvl,FR3,2.0,NWAmes,Norm,1Fam,2Story,8,5,1996,1996,Gable,VinylSd,VinylSd,BrkFace,402.0,3.0,2.0,PConc,4.0,3.0,1.0,6.0,1023.0,1.0,0.0,213.0,1236.0,4.0,Y,4.0,1236,1104,0,2340,1.0,0.0,2,1,4,1,3.0,9,Typ,1,4.0,Attchd,1996.0,2.0,3.0,787.0,3.0,2.0,192,180,218,0,0,0,GdPrv,0,6,2008,WD ,Normal,306000,0,1,1,1,1,4,0,0,0,0,0,0,0,0,0,0,0
30,RL,60.0,7890,NoAlley,3.0,Lvl,Corner,2.0,SWISU,Norm,1Fam,1Story,6,6,1939,1950,Gable,Wd Sdng,Wd Sdng,None,0.0,2.0,2.0,CBlock,3.0,3.0,1.0,3.0,238.0,1.0,0.0,618.0,856.0,2.0,Y,4.0,856,0,0,856,1.0,0.0,1,0,2,1,2.0,4,Typ,1,4.0,Detchd,1939.0,1.0,2.0,399.0,3.0,2.0,0,0,0,0,166,0,NoFence,0,3,2010,WD ,Normal,126000,0,1,1,0,1,3,0,0,0,0,0,0,0,0,0,0,0
60,RL,80.0,16692,NoAlley,2.0,Lvl,Inside,2.0,NWAmes,RRAn,1Fam,2Story,7,5,1978,1978,Gable,Plywood,Plywood,BrkFace,184.0,2.0,2.0,CBlock,4.0,3.0,1.0,4.0,790.0,2.0,469.0,133.0,1392.0,2.0,Y,4.0,1392,1392,0,2784,1.0,0.0,3,1,5,1,3.0,12,Typ,2,3.0,Attchd,1978.0,2.0,2.0,564.0,3.0,2.0,0,112,0,0,440,519,MnPrv,2000,7,2006,WD ,Normal,250000,1,1,1,1,1,5,0,0,0,0,0,0,0,0,0,0,0
160,FV,73.0,2403,NoAlley,2.0,Lvl,FR2,2.0,Somerst,Norm,TwnhsE,2Story,7,5,2003,2003,Gable,VinylSd,VinylSd,None,0.0,3.0,2.0,PConc,4.0,3.0,1.0,6.0,244.0,1.0,0.0,286.0,530.0,4.0,Y,4.0,530,550,0,1080,0.0,0.0,2,1,2,1,3.0,4,Typ,0,0.0,Attchd,2003.0,2.0,2.0,496.0,3.0,2.0,0,50,0,0,0,0,NoFence,0,6,2010,WD ,Normal,147110,0,0,1,0,1,2,0,0,0,0,0,0,0,0,0,0,0
20,RL,74.0,7791,NoAlley,2.0,Lvl,Inside,2.0,Sawyer,RRAe,1Fam,1Story,5,8,1963,1995,Gable,Plywood,Plywood,None,0.0,3.0,3.0,CBlock,3.0,3.0,1.0,5.0,624.0,1.0,0.0,288.0,912.0,4.0,Y,4.0,912,0,0,912,1.0,0.0,1,0,3,1,3.0,6,Typ,0,0.0,Attchd,1963.0,2.0,1.0,300.0,3.0,2.0,0,0,0,0,0,0,GdWo,0,10,2009,WD ,Normal,129000,0,0,1,1,1,3,0,0,0,0,0,0,0,0,0,0,0
20,RL,68.0,8842,NoAlley,3.0,Lvl,Corner,2.0,Edwards,Norm,1Fam,1Story,5,6,1954,1954,Gable,VinylSd,VinylSd,None,0.0,2.0,3.0,CBlock,2.0,3.0,1.0,1.0,0.0,1.0,0.0,381.0,381.0,4.0,Y,4.0,992,0,0,992,0.0,0.0,1,0,3,1,2.0,6,Typ,0,0.0,Detchd,1954.0,1.0,1.0,319.0,3.0,2.0,60,0,56,0,0,0,MnPrv,0,1,2010,Oth,Abnorml,155891,0,0,1,1,1,3,0,0,0,0,0,0,0,0,0,0,0
160,FV,24.0,2544,Pave,3.0,Lvl,Inside,2.0,Somerst,Norm,Twnhs,2Story,7,5,2004,2005,Gable,MetalSd,MetalSd,None,0.0,3.0,2.0,PConc,4.0,3.0,1.0,6.0,368.0,5.0,42.0,190.0,600.0,4.0,Y,4.0,600,600,0,1200,1.0,0.0,2,1,2,1,3.0,4,Typ,0,0.0,Detchd,2004.0,2.0,2.0,480.0,3.0,2.0,0,172,0,0,0,0,NoFence,0,2,2010,WD ,Normal,149500,0,0,1,0,1,2,0,0,0,0,0,0,0,0,0,0,0
60,RL,75.0,9375,NoAlley,3.0,Lvl,Inside,2.0,CollgCr,Norm,1Fam,2Story,7,5,1997,1997,Gable,VinylSd,VinylSd,None,0.0,3.0,2.0,PConc,4.0,3.0,1.0,1.0,0.0,1.0,0.0,1040.0,1040.0,4.0,Y,4.0,1044,1054,0,2098,0.0,0.0,2,1,4,1,3.0,9,Typ,1,3.0,Attchd,1997.0,3.0,2.0,621.0,3.0,2.0,331,38,0,0,0,0,NoFence,0,4,2010,WD ,Normal,240000,0,1,1,0,1,3,0,0,0,0,0,0,0,0,0,0,0
20,RL,87.0,13050,NoAlley,3.0,Low,Inside,1.0,ClearCr,Norm,1Fam,1Story,5,6,1963,1963,Flat,WdShing,Wd Shng,None,0.0,2.0,2.0,CBlock,4.0,3.0,3.0,3.0,104.0,5.0,850.0,46.0,1000.0,4.0,Y,4.0,1000,0,0,1000,1.0,0.0,1,0,1,1,2.0,4,Typ,2,3.0,Attchd,1993.0,1.0,2.0,575.0,3.0,2.0,238,0,148,0,0,0,NoFence,0,4,2006,WD ,Normal,164000,0,1,1,0,1,3,0,0,0,0,0,0,0,0,0,0,0
60,RL,92.0,15922,NoAlley,2.0,HLS,Corner,2.0,StoneBr,Norm,1Fam,2Story,9,5,2005,2006,Hip,VinylSd,VinylSd,BrkFace,550.0,3.0,2.0,PConc,5.0,3.0,3.0,1.0,0.0,1.0,0.0,1390.0,1390.0,4.0,Y,4.0,1390,1405,0,2795,0.0,0.0,3,1,4,1,4.0,10,Typ,1,4.0,BuiltIn,2005.0,3.0,3.0,660.0,3.0,2.0,272,102,0,0,0,0,NoFence,0,1,2006,New,Partial,401179,0,1,1,0,1,3,0,0,0,0,0,0,0,0,0,0,0
20,RL,59.0,17169,NoAlley,1.0,Lvl,CulDSac,2.0,NridgHt,Norm,1Fam,1Story,10,5,2007,2007,Hip,CemntBd,CmentBd,BrkFace,970.0,4.0,2.0,PConc,5.0,3.0,3.0,6.0,1684.0,1.0,0.0,636.0,2320.0,4.0,Y,4.0,2290,0,0,2290,2.0,0.0,2,1,2,1,4.0,7,Typ,1,4.0,Attchd,2007.0,3.0,3.0,1174.0,3.0,2.0,192,30,0,0,0,0,NoFence,0,8,2007,New,Partial,500067,0,1,1,0,1,3,0,0,0,0,0,0,0,0,0,0,0
20,RL,67.0,8308,NoAlley,3.0,Lvl,Inside,2.0,Edwards,Norm,1Fam,1Story,4,6,1963,1963,Gable,VinylSd,VinylSd,Stone,20.0,2.0,3.0,CBlock,3.0,3.0,1.0,4.0,132.0,2.0,841.0,115.0,1088.0,2.0,Y,4.0,1088,0,0,1088,0.0,0.0,1,0,2,1,2.0,4,Typ,0,0.0,Detchd,2002.0,1.0,2.0,520.0,3.0,1.0,0,0,0,0,0,0,NoFence,0,6,2007,COD,Normal,110000,0,0,1,0,1,2,0,0,0,0,0,0,0,0,0,0,0
20,RL,79.0,10240,NoAlley,3.0,Lvl,Inside,2.0,NWAmes,Norm,1Fam,1Story,6,6,1980,1980,Gable,Plywood,Plywood,BrkFace,157.0,2.0,3.0,CBlock,4.0,3.0,1.0,4.0,625.0,2.0,1061.0,0.0,1686.0,2.0,Y,4.0,1686,0,0,1686,1.0,0.0,2,0,3,1,2.0,7,Typ,1,3.0,Attchd,1980.0,1.0,2.0,612.0,3.0,2.0,384,131,0,0,0,0,NoFence,0,5,2006,WD ,Normal,207500,0,1,1,0,1,3,0,0,0,0,0,0,0,0,0,0,0
120,FV,37.0,3435,Pave,2.0,Lvl,Corner,2.0,Somerst,Norm,TwnhsE,1Story,7,5,2004,2005,Gable,MetalSd,MetalSd,None,0.0,3.0,2.0,PConc,4.0,3.0,1.0,6.0,24.0,1.0,0.0,1211.0,1235.0,4.0,Y,4.0,1245,0,0,1245,0.0,0.0,2,0,1,1,3.0,5,Typ,0,0.0,Attchd,2004.0,2.0,2.0,495.0,3.0,2.0,0,100,0,0,0,0,NoFence,0,6,2008,WD ,Normal,178000,0,0,1,0,1,2,0,0,0,0,0,0,0,0,0,0,0
160,RM,24.0,2522,NoAlley,3.0,Lvl,Inside,2.0,Edwards,Norm,Twnhs,2Story,6,5,2004,2006,Gable,VinylSd,VinylSd,Stone,50.0,3.0,2.0,PConc,4.0,3.0,1.0,1.0,0.0,1.0,0.0,970.0,970.0,4.0,Y,4.0,970,739,0,1709,0.0,0.0,2,0,3,1,3.0,7,Maj1,0,0.0,Detchd,2004.0,1.0,2.0,380.0,3.0,2.0,0,40,0,0,0,0,NoFence,0,4,2006,WD ,Normal,130000,0,0,1,0,1,2,0,0,0,0,0,0,0,0,0,0,0
20,RL,85.0,10452,NoAlley,2.0,Lvl,Inside,2.0,Edwards,Norm,1Fam,1Story,6,5,1953,1953,Hip,Wd Sdng,Wd Sdng,Stone,216.0,2.0,2.0,CBlock,3.0,3.0,2.0,3.0,500.0,1.0,0.0,594.0,1094.0,4.0,Y,4.0,1094,0,0,1094,0.0,0.0,1,0,3,1,2.0,5,Typ,2,4.0,Attchd,1953.0,2.0,2.0,495.0,3.0,2.0,0,0,0,0,287,0,NoFence,0,6,2008,WD ,Normal,155000,0,1,1,0,1,3,0,0,0,0,0,0,0,0,0,0,0
30,RM,50.0,5633,Pave,3.0,Lvl,Inside,2.0,OldTown,Norm,1Fam,1Story,5,7,1925,1950,Gable,MetalSd,Stucco,None,0.0,2.0,2.0,BrkTil,3.0,2.0,1.0,1.0,0.0,1.0,0.0,844.0,844.0,2.0,Y,4.0,844,0,0,844,0.0,0.0,1,0,2,1,2.0,5,Typ,0,0.0,Detchd,1925.0,1.0,1.0,216.0,3.0,0.0,50,81,123,0,0,0,NoFence,0,7,2006,WD ,Normal,111500,0,0,1,0,1,2,0,0,0,0,0,0,0,0,0,0,0
20,RL,70.0,11088,NoAlley,3.0,Lvl,Corner,2.0,CollgCr,Norm,1Fam,1Story,8,5,2002,2002,Hip,Stucco,Stucco,None,0.0,3.0,2.0,PConc,4.0,3.0,1.0,6.0,872.0,1.0,0.0,476.0,1348.0,4.0,Y,4.0,1358,0,0,1358,1.0,0.0,1,1,1,1,3.0,5,Typ,1,3.0,Attchd,2002.0,1.0,2.0,418.0,3.0,2.0,68,166,0,0,0,0,NoFence,0,6,2006,WD ,Normal,220000,0,1,1,0,1,3,0,0,0,0,0,0,0,0,0,0,0
20,RL,74.0,9308,NoAlley,2.0,Lvl,CulDSac,2.0,Sawyer,RRNe,1Fam,1Story,5,5,1965,1965,Gable,HdBoard,HdBoard,None,0.0,2.0,2.0,CBlock,3.0,3.0,1.0,3.0,554.0,1.0,0.0,430.0,984.0,2.0,Y,4.0,984,0,0,984,0.0,0.0,1,0,3,1,2.0,5,Typ,0,0.0,Attchd,1965.0,1.0,1.0,310.0,3.0,2.0,0,0,0,0,0,0,MnPrv,0,7,2006,WD ,Normal,126000,0,0,1,1,1,3,0,0,0,0,0,0,0,0,0,0,0
50,RL,73.0,12513,NoAlley,2.0,Lvl,FR2,2.0,NAmes,Feedr,1Fam,1.5Fin,4,4,1920,2007,Gable,VinylSd,VinylSd,None,0.0,2.0,3.0,BrkTil,3.0,2.0,1.0,1.0,0.0,1.0,0.0,715.0,715.0,3.0,Y,4.0,1281,457,0,1738,0.0,0.0,2,0,4,1,2.0,7,Typ,1,4.0,Attchd,1920.0,1.0,1.0,368.0,3.0,2.0,55,0,0,0,0,0,NoFence,0,6,2009,WD ,Normal,104900,0,1,1,0,1,3,0,0,0,0,0,0,0,0,0,0,0
60,RL,64.0,8965,NoAlley,2.0,Lvl,Inside,2.0,Gilbert,Norm,1Fam,2Story,7,5,2003,2003,Gable,VinylSd,VinylSd,None,0.0,3.0,2.0,PConc,4.0,3.0,1.0,6.0,652.0,1.0,0.0,130.0,782.0,4.0,Y,4.0,806,683,0,1489,1.0,0.0,2,1,3,1,3.0,8,Typ,1,4.0,Attchd,2003.0,3.0,2.0,400.0,3.0,2.0,0,75,0,0,0,0,NoFence,0,6,2009,WD ,Normal,192000,0,1,1,0,1,3,0,0,0,0,0,0,0,0,0,0,0
80,RL,61.0,9734,NoAlley,2.0,Lvl,Inside,2.0,Gilbert,RRAn,1Fam,SLvl,7,5,2004,2004,Gable,VinylSd,VinylSd,None,0.0,3.0,2.0,PConc,4.0,3.0,2.0,6.0,241.0,3.0,113.0,30.0,384.0,4.0,Y,4.0,744,630,0,1374,0.0,0.0,2,1,3,1,3.0,7,Typ,0,0.0,BuiltIn,2004.0,3.0,2.0,400.0,3.0,2.0,0,0,0,0,0,0,NoFence,0,5,2009,WD ,Normal,167000,0,0,1,0,1,2,0,0,0,0,0,0,0,0,0,0,0
60,RL,64.0,8333,NoAlley,3.0,Lvl,Inside,2.0,CollgCr,Norm,1Fam,2Story,7,5,2006,2006,Gable,VinylSd,VinylSd,None,0.0,3.0,2.0,PConc,4.0,3.0,1.0,1.0,0.0,1.0,0.0,738.0,738.0,3.0,Y,4.0,738,753,0,1491,0.0,0.0,2,1,3,1,3.0,7,Typ,1,4.0,Attchd,2006.0,2.0,2.0,484.0,3.0,2.0,100,30,0,0,0,0,NoFence,0,5,2007,WD ,Normal,168675,0,1,1,0,1,3,0,0,0,0,0,0,0,0,0,0,0
20,RL,87.0,10367,NoAlley,2.0,Lvl,Inside,2.0,NridgHt,Norm,1Fam,1Story,9,5,2008,2008,Hip,VinylSd,VinylSd,Stone,284.0,4.0,2.0,PConc,5.0,3.0,2.0,6.0,1015.0,1.0,0.0,724.0,1739.0,4.0,Y,4.0,1743,0,0,1743,1.0,0.0,2,0,3,1,4.0,8,Typ,1,4.0,Attchd,2008.0,2.0,3.0,927.0,3.0,2.0,168,45,0,0,0,0,NoFence,0,6,2009,ConLI,Normal,335000,0,1,1,0,1,3,0,0,0,0,0,0,0,0,0,0,0
20,RL,200.0,43500,NoAlley,3.0,Lvl,Inside,2.0,Mitchel,Artery,1Fam,1Story,3,5,1953,1953,Gable,MetalSd,MetalSd,None,0.0,2.0,2.0,CBlock,0.0,0.0,0.0,0.0,0.0,0.0,0.0,0.0,0.0,4.0,Y,4.0,2034,0,0,2034,0.0,0.0,1,0,2,1,2.0,9,Min1,0,0.0,2Types,1953.0,2.0,4.0,1041.0,3.0,0.0,483,266,0,0,0,561,GdPrv,0,6,2007,WD ,Normal,130000,1,0,1,1,1,4,0,0,0,0,0,0,0,0,0,0,0
30,RL,60.0,8400,NoAlley,3.0,Bnk,Inside,2.0,SWISU,Norm,1Fam,1Story,2,5,1920,1950,Gable,Wd Sdng,Wd Sdng,None,0.0,2.0,2.0,CBlock,3.0,2.0,1.0,3.0,290.0,1.0,0.0,0.0,290.0,2.0,N,1.0,438,0,0,438,0.0,0.0,1,0,1,1,1.0,3,Typ,0,0.0,Detchd,1930.0,1.0,1.0,246.0,3.0,0.0,0,0,0,0,0,0,NoFence,0,1,2009,WD ,Normal,60000,0,0,0,0,1,1,0,0,0,0,0,0,0,0,0,0,0
70,RL,120.0,26400,NoAlley,3.0,Bnk,FR2,2.0,SawyerW,Feedr,1Fam,2Story,5,7,1880,2007,Gable,HdBoard,HdBoard,None,0.0,3.0,2.0,PConc,0.0,0.0,0.0,0.0,0.0,0.0,0.0,0.0,0.0,4.0,Y,4.0,1288,728,0,2016,0.0,0.0,1,0,4,1,2.0,7,Mod,1,3.0,Attchd,1900.0,1.0,2.0,576.0,3.0,1.0,0,0,0,0,0,0,NoFence,0,6,2009,WD ,Normal,131000,0,1,1,0,1,3,0,0,0,0,0,0,0,0,0,0,0
20,RL,106.0,12720,NoAlley,3.0,HLS,Inside,1.0,NridgHt,Norm,1Fam,1Story,10,5,2003,2003,Hip,MetalSd,MetalSd,Stone,680.0,4.0,2.0,PConc,5.0,3.0,4.0,6.0,2257.0,1.0,0.0,278.0,2535.0,4.0,Y,4.0,2470,0,0,2470,2.0,0.0,1,1,1,1,4.0,7,Typ,2,4.0,Attchd,2003.0,3.0,3.0,789.0,3.0,2.0,154,65,0,0,216,144,NoFence,0,2,2008,WD ,Normal,615000,1,1,1,0,1,4,0,0,0,0,0,0,0,0,0,0,0
20,FV,75.0,7500,NoAlley,3.0,Lvl,Inside,2.0,Somerst,Norm,1Fam,1Story,8,5,2006,2007,Gable,VinylSd,VinylSd,Stone,238.0,3.0,2.0,PConc,4.0,3.0,1.0,6.0,24.0,1.0,0.0,1348.0,1372.0,4.0,Y,4.0,1448,0,0,1448,0.0,0.0,2,0,2,1,3.0,6,Typ,1,4.0,Attchd,2006.0,2.0,2.0,692.0,3.0,2.0,0,140,0,0,0,0,NoFence,0,6,2009,WD ,Normal,238500,0,1,1,0,1,3,0,0,0,0,0,0,0,0,0,0,0
20,RL,128.0,13001,NoAlley,2.0,Lvl,Inside,2.0,NWAmes,PosN,1Fam,1Story,6,5,1971,1971,Hip,HdBoard,HdBoard,BrkFace,176.0,2.0,2.0,CBlock,3.0,3.0,2.0,5.0,492.0,4.0,121.0,1012.0,1625.0,2.0,Y,4.0,1220,0,0,1220,0.0,1.0,2,0,2,1,2.0,6,Typ,1,3.0,Attchd,1971.0,1.0,2.0,944.0,3.0,2.0,0,0,249,0,0,0,NoFence,0,9,2007,WD ,Normal,170000,0,1,1,0,1,3,0,0,0,0,0,0,0,0,0,0,0
70,RM,53.0,9863,Pave,3.0,Lvl,Inside,2.0,OldTown,Norm,1Fam,2Story,6,6,1927,1950,Gambrel,Wd Sdng,Wd Sdng,None,0.0,2.0,2.0,BrkTil,3.0,3.0,1.0,2.0,196.0,3.0,210.0,322.0,728.0,2.0,Y,4.0,914,728,0,1642,0.0,1.0,1,1,4,1,2.0,9,Typ,1,4.0,Detchd,1927.0,1.0,1.0,374.0,3.0,2.0,0,0,0,0,0,0,NoFence,0,3,2007,WD ,Abnorml,145000,0,1,1,0,1,3,0,0,0,0,0,0,0,0,0,0,0
60,FV,85.0,10800,NoAlley,3.0,Lvl,Inside,2.0,Somerst,Norm,1Fam,2Story,8,5,2007,2008,Gable,VinylSd,VinylSd,Stone,100.0,3.0,2.0,PConc,5.0,3.0,1.0,6.0,789.0,1.0,0.0,245.0,1034.0,4.0,Y,4.0,1050,1028,0,2078,1.0,0.0,2,1,3,1,4.0,8,Typ,1,4.0,Attchd,2008.0,3.0,3.0,836.0,3.0,2.0,0,102,0,0,0,0,NoFence,0,4,2008,New,Partial,339750,0,1,1,0,1,3,0,0,0,0,0,0,0,0,0,0,0
20,FV,72.0,8640,NoAlley,3.0,Lvl,Inside,2.0,Somerst,Norm,1Fam,1Story,7,5,2008,2008,Hip,VinylSd,VinylSd,None,0.0,3.0,2.0,PConc,4.0,3.0,1.0,1.0,0.0,1.0,0.0,1402.0,1402.0,4.0,Y,4.0,1402,0,0,1402,0.0,0.0,2,0,3,1,3.0,7,Typ,0,0.0,Attchd,2008.0,2.0,2.0,625.0,3.0,2.0,205,126,0,0,0,0,NoFence,0,5,2009,WD ,Normal,229800,0,0,1,0,1,2,0,0,0,0,0,0,0,0,0,0,0
60,RL,72.0,16387,NoAlley,2.0,Lvl,Inside,2.0,NridgHt,Norm,1Fam,2Story,9,5,2006,2006,Hip,VinylSd,VinylSd,Stone,215.0,3.0,2.0,PConc,5.0,4.0,1.0,6.0,1369.0,1.0,0.0,369.0,1738.0,3.0,Y,4.0,1738,851,0,2589,1.0,0.0,2,1,4,1,4.0,11,Typ,1,4.0,Attchd,2006.0,2.0,3.0,831.0,3.0,2.0,0,0,0,0,0,0,NoFence,0,8,2006,New,Partial,412083,0,1,1,0,1,3,0,0,0,0,0,0,0,0,0,0,0
120,RL,43.0,2938,NoAlley,3.0,Lvl,Inside,2.0,Blmngtn,Norm,TwnhsE,1Story,7,5,2002,2002,Gable,VinylSd,VinylSd,BrkFace,40.0,3.0,2.0,PConc,4.0,3.0,3.0,6.0,1038.0,1.0,0.0,330.0,1368.0,4.0,Y,4.0,1511,0,0,1511,1.0,0.0,2,0,2,1,3.0,5,Typ,1,3.0,Attchd,2002.0,3.0,2.0,398.0,3.0,2.0,130,30,0,0,0,0,NoFence,0,5,2006,WD ,Normal,246990,0,1,1,0,1,3,0,0,0,0,0,0,0,0,0,0,0
20,RL,78.0,10180,NoAlley,2.0,Lvl,Corner,2.0,NAmes,Feedr,1Fam,1Story,5,6,1968,1968,Gable,HdBoard,Plywood,None,0.0,2.0,2.0,CBlock,3.0,3.0,1.0,3.0,744.0,1.0,0.0,168.0,912.0,2.0,Y,4.0,1044,0,0,1044,0.0,1.0,1,1,3,1,2.0,5,Typ,1,2.0,Attchd,1990.0,3.0,2.0,372.0,3.0,2.0,200,48,0,0,0,0,GdWo,450,6,2008,WD ,Normal,139000,0,1,1,1,1,4,0,0,0,0,0,0,0,0,0,0,0
20,RL,52.0,51974,NoAlley,2.0,Lvl,CulDSac,2.0,StoneBr,PosN,1Fam,1Story,9,5,2006,2007,Hip,VinylSd,VinylSd,BrkFace,710.0,4.0,2.0,PConc,5.0,3.0,3.0,6.0,1101.0,1.0,0.0,1559.0,2660.0,4.0,Y,4.0,2338,0,0,2338,1.0,0.0,2,1,4,1,3.0,8,Typ,2,4.0,Attchd,2005.0,3.0,3.0,1110.0,4.0,2.0,0,135,0,0,322,0,NoFence,0,6,2007,New,Partial,591587,0,1,1,0,1,3,0,0,0,0,0,0,0,0,0,0,0
20,RL,110.0,16163,NoAlley,3.0,Lvl,Corner,2.0,NridgHt,Norm,1Fam,1Story,8,5,2004,2004,Gable,VinylSd,VinylSd,BrkFace,232.0,3.0,2.0,PConc,4.0,3.0,3.0,1.0,0.0,1.0,0.0,1618.0,1618.0,4.0,Y,4.0,1618,0,0,1618,0.0,0.0,2,0,2,1,3.0,6,Typ,1,4.0,Attchd,2004.0,3.0,3.0,880.0,3.0,2.0,0,0,0,0,0,0,NoFence,0,7,2006,WD ,Normal,252000,0,1,1,0,1,3,0,0,0,0,0,0,0,0,0,0,0
50,RM,60.0,12358,NoAlley,2.0,Lvl,Inside,2.0,OldTown,Feedr,1Fam,1.5Fin,5,6,1941,1950,Gable,MetalSd,MetalSd,None,0.0,2.0,2.0,CBlock,3.0,3.0,1.0,3.0,360.0,1.0,0.0,360.0,720.0,2.0,Y,4.0,854,0,528,1382,0.0,0.0,1,1,2,1,2.0,7,Typ,0,0.0,Detchd,1991.0,1.0,2.0,660.0,3.0,2.0,237,0,0,0,0,0,NoFence,0,5,2007,WD ,Normal,128500,0,0,1,0,1,2,0,0,0,0,0,0,0,0,0,0,0
20,RL,64.0,8712,NoAlley,2.0,Lvl,Inside,2.0,NAmes,Norm,1Fam,1Story,5,7,1957,2000,Hip,MetalSd,MetalSd,None,0.0,2.0,3.0,CBlock,3.0,3.0,2.0,4.0,860.0,1.0,0.0,132.0,992.0,2.0,Y,4.0,1306,0,0,1306,1.0,0.0,1,0,2,1,2.0,5,Typ,0,0.0,Detchd,1968.0,1.0,1.0,756.0,3.0,2.0,0,0,0,0,0,0,NoFence,0,5,2009,WD ,Normal,153000,0,0,1,0,1,2,0,0,0,0,0,0,0,0,0,0,0
20,RL,68.0,9571,NoAlley,3.0,Lvl,Inside,2.0,Edwards,Norm,1Fam,1Story,5,5,1956,1956,Hip,MetalSd,MetalSd,None,0.0,2.0,2.0,CBlock,3.0,3.0,1.0,3.0,257.0,1.0,0.0,816.0,1073.0,2.0,Y,3.0,1073,0,0,1073,1.0,0.0,1,0,2,1,2.0,5,Typ,0,0.0,Attchd,1956.0,1.0,1.0,340.0,3.0,2.0,0,0,0,0,0,0,GdPrv,0,2,2009,WD ,Normal,121500,0,0,1,1,1,3,0,0,0,0,0,0,0,0,0,0,0
60,RL,80.0,24572,NoAlley,2.0,Lvl,CulDSac,2.0,Veenker,Norm,1Fam,2Story,9,3,1977,1977,Mansard,Wd Sdng,Wd Sdng,BrkFace,1050.0,3.0,3.0,CBlock,4.0,3.0,1.0,6.0,410.0,1.0,0.0,584.0,994.0,2.0,Y,4.0,1599,1345,0,2944,0.0,0.0,2,2,3,1,3.0,9,Typ,1,4.0,Attchd,1977.0,2.0,3.0,864.0,3.0,2.0,140,70,16,0,0,0,NoFence,0,6,2008,WD ,Family,150000,0,1,1,0,1,3,0,0,0,0,0,0,0,0,0,0,0
45,RL,60.0,9600,NoAlley,3.0,Lvl,Inside,2.0,NAmes,Norm,1Fam,1.5Unf,5,7,1949,2003,Gable,MetalSd,MetalSd,None,0.0,2.0,2.0,CBlock,3.0,3.0,1.0,5.0,220.0,1.0,0.0,625.0,845.0,2.0,Y,4.0,893,0,0,893,0.0,1.0,1,0,2,1,3.0,4,Typ,0,0.0,Detchd,1985.0,1.0,2.0,576.0,3.0,2.0,0,0,0,0,0,0,NoFence,0,5,2007,WD ,Normal,135000,0,0,1,0,1,2,0,0,0,0,0,0,0,0,0,0,0
20,RL,76.0,8314,NoAlley,3.0,Lvl,Corner,2.0,Mitchel,Norm,1Fam,1Story,5,7,1982,1982,Gable,HdBoard,ImStucc,None,0.0,2.0,2.0,CBlock,3.0,3.0,4.0,5.0,546.0,1.0,0.0,270.0,816.0,2.0,Y,4.0,816,0,0,816,0.0,0.0,1,0,2,1,2.0,5,Typ,0,0.0,Attchd,1982.0,1.0,1.0,264.0,3.0,2.0,168,0,0,0,0,0,NoFence,0,6,2007,WD ,Normal,124500,0,0,1,0,1,2,0,0,0,0,0,0,0,0,0,0,0
120,RM,43.0,3072,NoAlley,3.0,Lvl,Inside,2.0,Blmngtn,Norm,TwnhsE,1Story,7,5,2004,2004,Hip,VinylSd,VinylSd,BrkFace,18.0,3.0,2.0,PConc,4.0,3.0,1.0,1.0,0.0,1.0,0.0,1375.0,1375.0,4.0,Y,4.0,1414,0,0,1414,0.0,0.0,2,0,2,1,3.0,6,Typ,1,3.0,Attchd,2004.0,3.0,2.0,398.0,3.0,2.0,144,20,0,0,0,0,NoFence,0,5,2006,WD ,Normal,178740,0,1,1,0,1,3,0,0,0,0,0,0,0,0,0,0,0
85,RL,70.0,8400,NoAlley,3.0,Lvl,Inside,2.0,NAmes,Feedr,1Fam,SFoyer,5,6,1968,1968,Gable,HdBoard,HdBoard,None,0.0,2.0,2.0,CBlock,4.0,3.0,4.0,6.0,744.0,1.0,0.0,89.0,833.0,3.0,Y,4.0,898,0,0,898,1.0,0.0,1,0,3,1,2.0,6,Typ,0,0.0,Attchd,1968.0,2.0,1.0,326.0,3.0,2.0,143,0,0,0,0,0,NoFence,0,8,2006,WD ,Normal,140000,0,0,1,0,1,2,0,0,0,0,0,0,0,0,0,0,0
20,RL,64.0,6762,NoAlley,3.0,Lvl,Inside,2.0,CollgCr,Norm,1Fam,1Story,7,5,2006,2006,Gable,VinylSd,VinylSd,None,0.0,3.0,2.0,PConc,4.0,4.0,3.0,1.0,0.0,1.0,0.0,1286.0,1286.0,4.0,Y,4.0,1294,0,0,1294,0.0,0.0,2,0,2,1,3.0,6,Typ,1,4.0,Attchd,2006.0,2.0,2.0,662.0,3.0,2.0,168,55,0,0,0,0,NoFence,0,7,2006,New,Partial,193879,0,1,1,0,1,3,0,0,0,0,0,0,0,0,0,0,0
20,RL,60.0,6600,NoAlley,3.0,Lvl,Inside,2.0,NAmes,PosN,1Fam,1Story,5,5,1962,1962,Hip,MetalSd,MetalSd,None,0.0,2.0,2.0,CBlock,3.0,3.0,1.0,1.0,0.0,1.0,0.0,894.0,894.0,3.0,N,4.0,894,0,0,894,0.0,0.0,1,0,2,1,2.0,5,Typ,0,0.0,Detchd,1962.0,1.0,1.0,308.0,3.0,2.0,0,0,0,0,0,0,NoFence,0,8,2009,WD ,Normal,109500,0,0,0,0,1,1,0,0,0,0,0,0,0,0,0,0,0
70,RM,59.0,10690,NoAlley,3.0,Lvl,Inside,2.0,IDOTRR,Norm,1Fam,2Story,5,7,1920,1997,Hip,VinylSd,VinylSd,None,0.0,2.0,3.0,CBlock,3.0,2.0,1.0,3.0,456.0,1.0,0.0,216.0,672.0,3.0,Y,3.0,672,672,0,1344,0.0,0.0,1,0,3,1,2.0,6,Typ,0,0.0,Detchd,1964.0,1.0,1.0,468.0,3.0,2.0,0,128,218,0,0,0,NoFence,0,7,2009,WD ,Normal,147000,0,0,1,0,1,2,0,0,0,0,0,0,0,0,0,0,0
60,RL,70.0,9720,NoAlley,2.0,Lvl,CulDSac,2.0,CollgCr,Norm,1Fam,2Story,9,5,2001,2002,Gable,VinylSd,VinylSd,BrkFace,134.0,3.0,2.0,PConc,4.0,3.0,2.0,6.0,1194.0,1.0,0.0,163.0,1357.0,4.0,Y,4.0,1366,581,0,1947,1.0,0.0,2,1,3,1,3.0,7,Typ,1,3.0,BuiltIn,2001.0,3.0,3.0,725.0,3.0,2.0,168,116,0,0,0,0,NoFence,0,1,2008,WD ,Normal,274000,0,1,1,0,1,3,0,0,0,0,0,0,0,0,0,0,0
160,RM,21.0,1680,NoAlley,3.0,Lvl,Inside,2.0,BrDale,Norm,Twnhs,2Story,6,5,1971,1971,Gable,HdBoard,ImStucc,BrkFace,381.0,2.0,2.0,CBlock,3.0,3.0,1.0,1.0,0.0,1.0,0.0,525.0,525.0,2.0,Y,4.0,525,567,0,1092,0.0,0.0,1,1,3,1,2.0,6,Typ,0,0.0,Detchd,1971.0,1.0,1.0,264.0,3.0,2.0,0,0,0,0,0,0,NoFence,0,3,2010,WD ,Family,88000,0,0,1,0,1,2,0,0,0,0,0,0,0,0,0,0,0
70,RM,60.0,3600,Grvl,3.0,Lvl,Inside,2.0,OldTown,Norm,1Fam,2Story,6,7,1917,2007,Gable,Stucco,Stucco,None,0.0,2.0,2.0,BrkTil,3.0,3.0,1.0,1.0,0.0,1.0,0.0,624.0,624.0,4.0,Y,4.0,664,624,0,1288,1.0,0.0,1,0,3,1,4.0,5,Typ,1,4.0,Attchd,1917.0,1.0,1.0,280.0,3.0,0.0,0,103,0,0,0,0,NoFence,0,5,2009,WD ,Normal,119000,0,1,1,0,1,3,0,0,0,0,0,0,0,0,0,0,0
60,RL,75.0,8285,NoAlley,3.0,Lvl,Corner,2.0,SawyerW,Norm,1Fam,2Story,7,5,1992,1992,Gable,HdBoard,HdBoard,None,0.0,3.0,2.0,PConc,4.0,3.0,1.0,6.0,397.0,1.0,0.0,439.0,836.0,3.0,Y,4.0,844,893,0,1737,0.0,1.0,2,1,3,1,3.0,7,Typ,0,0.0,Attchd,1992.0,3.0,2.0,506.0,3.0,2.0,192,85,0,0,0,0,NoFence,0,5,2008,WD ,Normal,175000,0,0,1,0,1,2,0,0,0,0,0,0,0,0,0,0,0
20,RL,60.0,6600,NoAlley,3.0,Lvl,Inside,2.0,Mitchel,Norm,1Fam,1Story,5,9,1982,2008,Gable,VinylSd,VinylSd,None,0.0,3.0,3.0,CBlock,3.0,3.0,1.0,5.0,641.0,1.0,0.0,175.0,816.0,4.0,Y,4.0,816,0,0,816,0.0,1.0,1,0,3,1,3.0,5,Typ,1,5.0,Attchd,1982.0,1.0,1.0,264.0,3.0,2.0,0,0,0,0,0,0,MnPrv,0,10,2008,WD ,Normal,130500,0,1,1,1,1,4,0,0,0,0,0,0,0,0,0,0,0
60,RL,62.0,7415,NoAlley,2.0,Lvl,Inside,2.0,Gilbert,Norm,1Fam,2Story,6,5,2004,2004,Gable,VinylSd,VinylSd,None,0.0,2.0,2.0,PConc,3.0,3.0,1.0,6.0,759.0,1.0,0.0,80.0,839.0,4.0,Y,4.0,864,729,0,1593,1.0,0.0,2,1,3,1,2.0,8,Typ,1,3.0,Attchd,2004.0,3.0,2.0,398.0,3.0,2.0,100,75,0,0,0,0,NoFence,0,4,2008,WD ,Normal,193000,0,1,1,0,1,3,0,0,0,0,0,0,0,0,0,0,0
20,RL,66.0,7800,NoAlley,2.0,Lvl,Inside,2.0,NAmes,Norm,1Fam,1Story,5,5,1964,1964,Gable,Wd Sdng,Wd Sdng,None,0.0,2.0,2.0,CBlock,3.0,3.0,1.0,3.0,312.0,2.0,600.0,0.0,912.0,2.0,Y,4.0,912,0,0,912,0.0,0.0,1,0,2,1,2.0,5,Typ,0,0.0,Attchd,1964.0,1.0,1.0,288.0,3.0,2.0,0,0,0,0,0,0,NoFence,0,11,2006,WD ,Abnorml,115000,0,0,1,0,1,2,0,0,0,0,0,0,0,0,0,0,0
60,RL,63.0,9729,NoAlley,2.0,Lvl,Inside,2.0,Gilbert,Norm,1Fam,2Story,6,5,2006,2007,Gable,VinylSd,VinylSd,None,0.0,3.0,2.0,PConc,4.0,3.0,1.0,1.0,0.0,1.0,0.0,698.0,698.0,4.0,Y,4.0,698,1048,0,1746,1.0,0.0,2,1,3,1,3.0,6,Typ,1,4.0,BuiltIn,2007.0,1.0,3.0,350.0,3.0,2.0,0,34,0,0,0,0,NoFence,0,6,2007,New,Partial,198444,0,1,1,0,1,3,0,0,0,0,0,0,0,0,0,0,0
20,RL,134.0,17755,NoAlley,3.0,Lvl,Inside,2.0,Edwards,Norm,1Fam,1Story,5,4,1959,1959,Gable,HdBoard,Plywood,BrkFace,132.0,2.0,2.0,CBlock,3.0,3.0,1.0,4.0,176.0,1.0,0.0,1290.0,1466.0,2.0,Y,4.0,1466,0,0,1466,0.0,0.0,1,1,3,1,1.0,6,Typ,2,4.0,Attchd,1959.0,3.0,2.0,528.0,3.0,2.0,0,140,0,0,100,0,NoFence,0,11,2006,WD ,Normal,149900,0,1,1,0,1,3,0,0,0,0,0,0,0,0,0,0,0
20,RL,78.0,11645,NoAlley,3.0,Lvl,Inside,2.0,CollgCr,Norm,1Fam,1Story,8,5,2005,2006,Gable,VinylSd,VinylSd,Stone,76.0,3.0,2.0,PConc,5.0,3.0,4.0,6.0,24.0,1.0,0.0,1474.0,1498.0,4.0,Y,4.0,1498,0,0,1498,0.0,0.0,2,0,3,1,3.0,7,Typ,1,4.0,Attchd,2005.0,3.0,3.0,844.0,3.0,2.0,144,98,0,0,0,0,NoFence,0,3,2009,WD ,Normal,237000,0,1,1,0,1,3,0,0,0,0,0,0,0,0,0,0,0
120,RH,34.0,4058,NoAlley,3.0,Lvl,Inside,2.0,NAmes,Norm,TwnhsE,SFoyer,7,5,1998,1998,Gable,MetalSd,MetalSd,BrkFace,182.0,2.0,2.0,PConc,4.0,3.0,3.0,6.0,584.0,2.0,139.0,0.0,723.0,4.0,Y,4.0,767,0,0,767,1.0,0.0,1,0,1,1,2.0,4,Typ,0,0.0,Attchd,1998.0,3.0,1.0,367.0,3.0,2.0,120,40,0,0,0,0,NoFence,0,6,2007,WD ,Normal,133000,0,0,1,0,1,2,0,0,0,0,0,0,0,0,0,0,0
90,RL,75.0,8235,NoAlley,3.0,Lvl,Inside,2.0,Sawyer,Norm,Duplex,1Story,5,4,1977,1977,Gable,Plywood,Plywood,BrkFace,99.0,2.0,2.0,CBlock,3.0,3.0,1.0,3.0,483.0,1.0,0.0,1466.0,1949.0,2.0,Y,4.0,1949,0,0,1949,0.0,0.0,2,0,6,2,2.0,10,Typ,0,0.0,Attchd,1977.0,2.0,2.0,586.0,3.0,2.0,32,0,0,0,0,0,NoFence,0,5,2006,WD ,Normal,157000,0,0,1,0,1,2,0,0,0,0,0,0,0,0,0,0,0
20,RL,73.0,8475,NoAlley,2.0,Lvl,Inside,2.0,NAmes,Norm,1Fam,1Story,4,7,1956,1956,Gable,VinylSd,VinylSd,None,0.0,2.0,2.0,CBlock,3.0,3.0,1.0,5.0,228.0,1.0,0.0,724.0,952.0,4.0,Y,3.0,952,0,0,952,0.0,0.0,1,0,2,1,2.0,4,Typ,0,0.0,Detchd,1956.0,1.0,1.0,283.0,3.0,2.0,0,0,0,0,0,0,NoFence,0,4,2008,WD ,Normal,135750,0,0,1,0,1,2,0,0,0,0,0,0,0,0,0,0,0
120,RL,48.0,6472,NoAlley,3.0,Lvl,Inside,2.0,NridgHt,Norm,TwnhsE,1Story,9,5,2008,2008,Hip,VinylSd,VinylSd,BrkFace,500.0,4.0,2.0,PConc,5.0,3.0,1.0,1.0,0.0,1.0,0.0,1451.0,1451.0,4.0,Y,4.0,1456,0,0,1456,0.0,0.0,2,0,2,1,4.0,6,Typ,1,4.0,Attchd,2008.0,2.0,2.0,539.0,3.0,2.0,192,42,0,0,0,0,NoFence,0,4,2009,WD ,Normal,248500,0,1,1,0,1,3,0,0,0,0,0,0,0,0,0,0,0
20,RL,70.0,8750,NoAlley,3.0,Lvl,Inside,2.0,NAmes,Norm,1Fam,1Story,5,5,1955,1955,Gable,AsbShng,AsbShng,None,0.0,2.0,2.0,CBlock,3.0,3.0,1.0,3.0,172.0,2.0,483.0,727.0,1382.0,3.0,Y,3.0,1382,0,0,1382,0.0,1.0,1,0,3,1,3.0,6,Typ,0,0.0,Attchd,1955.0,1.0,1.0,350.0,3.0,2.0,280,0,0,0,0,0,GdWo,0,7,2009,WD ,Normal,153000,0,0,1,1,1,3,0,0,0,0,0,0,0,0,0,0,0
20,RL,64.0,7360,NoAlley,3.0,Lvl,Inside,2.0,CollgCr,Norm,1Fam,1Story,7,5,2010,2010,Gable,VinylSd,VinylSd,Stone,80.0,3.0,2.0,PConc,4.0,3.0,1.0,6.0,24.0,1.0,0.0,1198.0,1222.0,4.0,Y,4.0,1222,0,0,1222,0.0,0.0,2,0,2,1,3.0,6,Typ,0,0.0,Attchd,2009.0,2.0,2.0,615.0,3.0,2.0,0,54,0,0,0,0,NoFence,0,3,2010,WD ,Normal,187000,0,0,1,0,1,2,0,0,0,0,0,0,0,0,0,0,0
90,RL,64.0,7018,NoAlley,3.0,Bnk,Inside,2.0,SawyerW,Norm,Duplex,1Story,5,5,1979,1979,Gable,HdBoard,HdBoard,None,0.0,2.0,2.0,Slab,0.0,0.0,0.0,0.0,0.0,0.0,0.0,0.0,0.0,2.0,Y,4.0,1535,0,0,1535,0.0,0.0,2,0,4,2,2.0,8,Typ,0,0.0,Attchd,1979.0,1.0,2.0,400.0,3.0,2.0,0,0,0,0,0,0,GdPrv,0,6,2009,WD ,Alloca,118858,0,0,1,1,1,3,0,0,0,0,0,0,0,0,0,0,0
20,RL,80.0,10456,NoAlley,2.0,Lvl,Inside,2.0,NWAmes,Norm,1Fam,1Story,6,6,1967,1967,Hip,HdBoard,HdBoard,BrkFace,120.0,2.0,2.0,CBlock,3.0,3.0,1.0,6.0,506.0,1.0,0.0,1323.0,1829.0,3.0,Y,4.0,1829,0,0,1829,1.0,0.0,2,0,4,1,2.0,8,Typ,0,0.0,Attchd,1967.0,2.0,2.0,535.0,3.0,2.0,0,76,0,0,0,0,NoFence,0,5,2010,WD ,Normal,218500,0,0,1,0,1,2,0,0,0,0,0,0,0,0,0,0,0
30,RM,60.0,8967,NoAlley,3.0,Lvl,Corner,2.0,IDOTRR,Norm,1Fam,1Story,5,2,1920,1950,Gable,MetalSd,MetalSd,None,0.0,2.0,1.0,BrkTil,2.0,1.0,1.0,1.0,0.0,1.0,0.0,961.0,961.0,3.0,Y,2.0,1077,0,0,1077,0.0,0.0,1,0,2,1,2.0,6,Maj2,0,0.0,Detchd,1920.0,1.0,1.0,338.0,1.0,0.0,0,0,0,0,0,0,NoFence,0,11,2007,WD ,Abnorml,67000,0,0,1,0,1,2,0,0,0,0,0,0,0,0,0,0,0
60,RL,70.0,7700,NoAlley,3.0,Lvl,Inside,2.0,NAmes,PosN,1Fam,2Story,6,5,1966,1966,Gable,MetalSd,MetalSd,BrkFace,351.0,2.0,2.0,CBlock,3.0,3.0,1.0,1.0,0.0,1.0,0.0,756.0,756.0,2.0,Y,4.0,1051,788,0,1839,0.0,0.0,1,1,4,1,2.0,7,Typ,1,3.0,Attchd,1966.0,1.0,2.0,442.0,3.0,2.0,0,124,216,0,0,0,NoFence,0,6,2010,WD ,Normal,155000,0,1,1,0,1,3,0,0,0,0,0,0,0,0,0,0,0
20,RL,57.0,6420,NoAlley,2.0,Lvl,Inside,2.0,Edwards,Norm,1Fam,1Story,5,7,1952,1952,Gable,Wd Sdng,Wd Sdng,None,0.0,2.0,2.0,PConc,5.0,4.0,2.0,2.0,210.0,5.0,551.0,219.0,980.0,1.0,Y,3.0,1148,0,0,1148,0.0,1.0,1,0,2,1,2.0,6,Typ,0,0.0,Detchd,1952.0,1.0,1.0,308.0,3.0,2.0,0,0,0,0,0,0,NoFence,0,9,2006,WD ,Normal,123500,0,0,1,0,1,2,0,0,0,0,0,0,0,0,0,0,0
20,RL,48.0,12137,NoAlley,1.0,Lvl,CulDSac,2.0,CollgCr,Norm,1Fam,1Story,7,5,1998,1998,Gable,VinylSd,VinylSd,BrkFace,442.0,2.0,2.0,PConc,4.0,3.0,1.0,1.0,0.0,1.0,0.0,1649.0,1649.0,4.0,Y,4.0,1661,0,0,1661,0.0,0.0,2,0,3,1,3.0,6,Typ,0,0.0,Attchd,1998.0,2.0,2.0,598.0,3.0,2.0,0,34,0,0,0,0,NoFence,0,5,2010,WD ,Normal,224900,0,0,1,0,1,2,0,0,0,0,0,0,0,0,0,0,0
60,RL,50.0,9360,NoAlley,3.0,Lvl,Corner,2.0,Edwards,Norm,1Fam,2Story,6,8,1962,2001,Gable,VinylSd,VinylSd,BrkCmn,216.0,3.0,2.0,CBlock,3.0,3.0,1.0,3.0,324.0,1.0,0.0,297.0,621.0,2.0,Y,4.0,621,648,0,1269,0.0,0.0,1,1,3,1,2.0,7,Typ,0,0.0,Detchd,1962.0,1.0,1.0,280.0,3.0,2.0,0,236,0,0,0,0,GdWo,0,11,2008,WD ,Normal,134500,0,0,1,1,1,3,0,0,0,0,0,0,0,0,0,0,0
30,RL,60.0,8550,NoAlley,3.0,Lvl,Inside,2.0,NAmes,Norm,1Fam,1Story,6,8,1934,1950,Gable,MetalSd,MetalSd,None,0.0,2.0,2.0,CBlock,3.0,3.0,1.0,4.0,574.0,1.0,0.0,242.0,816.0,4.0,Y,4.0,816,0,0,816,1.0,0.0,1,0,2,1,2.0,4,Typ,1,2.0,Attchd,1949.0,1.0,1.0,240.0,3.0,2.0,228,0,40,0,0,0,MnPrv,0,7,2006,WD ,Normal,129800,0,1,1,1,1,4,0,0,0,0,0,0,0,0,0,0,0
120,FV,37.0,3316,Pave,2.0,Lvl,Inside,2.0,Somerst,Norm,TwnhsE,1Story,8,5,2005,2005,Gable,MetalSd,MetalSd,None,0.0,3.0,2.0,PConc,4.0,3.0,1.0,6.0,1039.0,1.0,0.0,208.0,1247.0,4.0,Y,4.0,1247,0,0,1247,1.0,0.0,1,1,1,1,3.0,4,Typ,1,4.0,Attchd,2005.0,3.0,2.0,550.0,3.0,2.0,0,84,0,0,0,0,NoFence,0,4,2006,WD ,Normal,197000,0,1,1,0,1,3,0,0,0,0,0,0,0,0,0,0,0
60,RL,91.0,9205,NoAlley,2.0,Lvl,Inside,2.0,NoRidge,Norm,1Fam,2Story,6,5,1990,1991,Hip,HdBoard,HdBoard,BrkFace,304.0,3.0,2.0,PConc,4.0,3.0,1.0,5.0,704.0,1.0,0.0,226.0,930.0,4.0,Y,4.0,1364,1319,0,2683,1.0,0.0,2,1,4,1,3.0,9,Typ,2,4.0,Attchd,1990.0,2.0,2.0,473.0,3.0,2.0,237,251,0,0,196,0,NoFence,0,6,2008,WD ,Normal,290000,0,1,1,0,1,3,0,0,0,0,0,0,0,0,0,0,0
20,RL,50.0,35133,NoAlley,3.0,Lvl,Inside,1.0,Timber,Norm,1Fam,1Story,5,4,1963,1963,Hip,MetalSd,MetalSd,BrkFace,226.0,2.0,2.0,CBlock,3.0,3.0,4.0,3.0,1159.0,1.0,0.0,413.0,1572.0,3.0,Y,4.0,1572,0,0,1572,1.0,0.0,1,1,3,1,2.0,5,Typ,2,3.0,2Types,1963.0,2.0,3.0,995.0,3.0,2.0,0,263,0,0,263,0,NoFence,0,5,2007,WD ,Normal,186700,0,1,1,0,1,3,0,0,0,0,0,0,0,0,0,0,0
120,RL,43.0,3013,NoAlley,3.0,Lvl,Inside,2.0,Blmngtn,Norm,TwnhsE,1Story,7,5,2005,2005,Gable,VinylSd,VinylSd,BrkFace,145.0,3.0,2.0,PConc,4.0,3.0,4.0,6.0,16.0,1.0,0.0,1346.0,1362.0,4.0,Y,4.0,1506,0,0,1506,0.0,0.0,2,0,2,1,3.0,6,Typ,1,4.0,Attchd,2005.0,3.0,2.0,440.0,3.0,2.0,142,20,0,0,0,0,NoFence,0,4,2006,WD ,Normal,213490,0,1,1,0,1,3,0,0,0,0,0,0,0,0,0,0,0
20,RL,60.0,5400,NoAlley,3.0,HLS,Inside,2.0,SWISU,Norm,1Fam,1Story,5,5,1958,1958,Gable,MetalSd,MetalSd,None,0.0,2.0,2.0,CBlock,3.0,3.0,1.0,3.0,453.0,1.0,0.0,411.0,864.0,2.0,Y,4.0,864,0,0,864,0.0,1.0,1,0,3,1,2.0,6,Typ,0,0.0,Attchd,1958.0,1.0,1.0,399.0,3.0,2.0,0,0,0,0,0,0,NoFence,0,5,2007,WD ,Normal,118000,0,0,1,0,1,2,0,0,0,0,0,0,0,0,0,0,0
160,FV,35.0,3735,NoAlley,3.0,Lvl,FR3,2.0,Somerst,Norm,TwnhsE,2Story,7,5,1999,1999,Hip,MetalSd,MetalSd,BrkFace,218.0,3.0,2.0,PConc,4.0,3.0,1.0,6.0,450.0,1.0,0.0,241.0,691.0,4.0,Y,4.0,713,739,0,1452,1.0,0.0,2,1,3,1,3.0,6,Typ,0,0.0,Detchd,1999.0,1.0,2.0,506.0,3.0,2.0,0,34,0,0,0,0,NoFence,0,3,2006,WD ,Normal,183900,0,0,1,0,1,2,0,0,0,0,0,0,0,0,0,0,0
60,RL,72.0,13426,NoAlley,2.0,Lvl,Corner,2.0,CollgCr,Norm,1Fam,2Story,7,5,1999,2000,Gable,VinylSd,VinylSd,None,0.0,3.0,2.0,PConc,4.0,3.0,2.0,6.0,894.0,1.0,0.0,57.0,951.0,4.0,Y,4.0,951,828,0,1779,1.0,0.0,2,1,3,1,3.0,7,Typ,1,3.0,Attchd,1999.0,3.0,2.0,586.0,3.0,2.0,208,107,0,0,0,0,NoFence,0,9,2006,WD ,Normal,217000,0,1,1,0,1,3,0,0,0,0,0,0,0,0,0,0,0
70,RL,53.0,6720,NoAlley,3.0,Lvl,Inside,2.0,Crawfor,Norm,1Fam,2Story,6,7,1921,1950,Gable,VinylSd,VinylSd,None,0.0,2.0,2.0,BrkTil,3.0,3.0,1.0,1.0,0.0,1.0,0.0,585.0,585.0,2.0,N,4.0,851,585,0,1436,0.0,0.0,1,0,3,1,2.0,7,Typ,1,4.0,Detchd,1992.0,1.0,1.0,228.0,3.0,2.0,184,0,0,0,0,0,NoFence,0,4,2007,CWD,Normal,141500,0,1,0,0,1,2,0,0,0,0,0,0,0,0,0,0,0
20,RL,90.0,18261,NoAlley,2.0,HLS,Inside,2.0,StoneBr,Norm,1Fam,1Story,9,5,2005,2005,Hip,VinylSd,VinylSd,BrkFace,420.0,4.0,2.0,PConc,5.0,3.0,4.0,6.0,1416.0,1.0,0.0,494.0,1910.0,4.0,Y,4.0,2000,0,0,2000,1.0,0.0,2,1,3,1,4.0,8,Typ,2,4.0,Attchd,2005.0,1.0,3.0,722.0,3.0,2.0,351,102,0,0,123,0,NoFence,0,9,2006,WD ,Normal,470000,0,1,1,0,1,3,0,0,0,0,0,0,0,0,0,0,0
60,RL,64.0,12224,NoAlley,2.0,Lvl,Corner,2.0,Gilbert,Norm,1Fam,2Story,6,5,2000,2000,Gable,VinylSd,VinylSd,BrkFace,40.0,3.0,2.0,PConc,4.0,3.0,1.0,6.0,695.0,1.0,0.0,297.0,992.0,4.0,Y,4.0,1022,1032,0,2054,1.0,0.0,2,1,3,1,3.0,7,Typ,1,3.0,BuiltIn,2000.0,2.0,2.0,390.0,3.0,2.0,24,48,0,0,0,0,NoFence,0,7,2009,WD ,Normal,244000,0,1,1,0,1,3,0,0,0,0,0,0,0,0,0,0,0
60,RL,109.0,14154,NoAlley,3.0,Lvl,Corner,2.0,NridgHt,Norm,1Fam,2Story,7,5,2006,2006,Gable,VinylSd,VinylSd,BrkFace,350.0,3.0,2.0,PConc,5.0,4.0,1.0,1.0,0.0,1.0,0.0,1063.0,1063.0,4.0,Y,4.0,1071,1101,0,2172,0.0,0.0,2,1,3,1,3.0,9,Typ,1,4.0,Attchd,2006.0,2.0,3.0,947.0,3.0,2.0,192,62,0,0,0,0,NoFence,0,8,2007,New,Partial,280000,0,1,1,0,1,3,0,0,0,0,0,0,0,0,0,0,0
20,RL,75.0,7500,NoAlley,3.0,Lvl,Inside,2.0,NAmes,Norm,1Fam,1Story,5,7,1959,1994,Hip,BrkFace,BrkFace,None,0.0,2.0,2.0,CBlock,3.0,3.0,1.0,2.0,340.0,3.0,906.0,0.0,1246.0,4.0,Y,4.0,1246,0,0,1246,1.0,0.0,1,1,3,1,3.0,6,Typ,0,0.0,Attchd,1959.0,2.0,1.0,305.0,3.0,2.0,218,0,0,0,0,0,GdPrv,0,5,2010,WD ,Normal,154000,0,0,1,1,1,3,0,0,0,0,0,0,0,0,0,0,0
20,RL,73.0,8993,NoAlley,2.0,Lvl,Inside,2.0,Gilbert,Norm,1Fam,1Story,7,5,2007,2007,Gable,VinylSd,VinylSd,None,0.0,3.0,2.0,PConc,4.0,3.0,3.0,1.0,0.0,1.0,0.0,1302.0,1302.0,4.0,Y,4.0,1302,0,0,1302,0.0,0.0,2,0,3,1,3.0,6,Typ,0,0.0,Attchd,2007.0,3.0,2.0,436.0,3.0,2.0,0,22,0,0,0,0,NoFence,0,8,2007,New,Partial,176485,0,0,1,0,1,2,0,0,0,0,0,0,0,0,0,0,0
20,RL,85.0,10182,NoAlley,2.0,Lvl,CulDSac,2.0,Somerst,RRNn,1Fam,1Story,8,5,2006,2006,Hip,VinylSd,VinylSd,Stone,420.0,3.0,2.0,PConc,5.0,3.0,2.0,6.0,1220.0,1.0,0.0,440.0,1660.0,4.0,Y,4.0,1660,0,0,1660,1.0,0.0,2,0,3,1,3.0,8,Typ,1,4.0,Attchd,2006.0,2.0,2.0,500.0,3.0,2.0,322,50,0,0,0,0,NoFence,0,5,2006,New,Partial,290000,0,1,1,0,1,3,0,0,0,0,0,0,0,0,0,0,0
60,RL,90.0,12376,NoAlley,3.0,Lvl,Corner,2.0,SawyerW,Norm,1Fam,2Story,7,5,1990,1990,Hip,Plywood,Plywood,None,0.0,2.0,2.0,PConc,4.0,3.0,2.0,6.0,1470.0,1.0,0.0,203.0,1673.0,3.0,Y,4.0,1699,1523,0,3222,1.0,0.0,3,0,5,1,3.0,11,Typ,2,3.0,Attchd,1990.0,1.0,3.0,594.0,3.0,2.0,367,0,0,0,0,0,NoFence,0,5,2010,WD ,Normal,320000,0,1,1,0,1,3,0,0,0,0,0,0,0,0,0,0,0
90,RL,73.0,9069,NoAlley,3.0,Lvl,Inside,2.0,SawyerW,Norm,Duplex,SFoyer,6,8,1993,1993,Gable,HdBoard,HdBoard,None,0.0,3.0,3.0,PConc,4.0,3.0,3.0,2.0,261.0,6.0,1083.0,0.0,1344.0,3.0,Y,4.0,1440,0,0,1440,2.0,0.0,2,0,2,2,3.0,8,Typ,0,0.0,Attchd,1993.0,1.0,4.0,920.0,3.0,2.0,288,0,0,0,0,0,NoFence,0,4,2006,WD ,Normal,224500,0,0,1,0,1,2,0,0,0,0,0,0,0,0,0,0,0
50,RL,54.0,7681,NoAlley,2.0,Lvl,FR2,2.0,Crawfor,Norm,1Fam,1.5Fin,5,6,1921,1950,Gable,Wd Sdng,Wd Sdng,None,0.0,2.0,2.0,BrkTil,3.0,3.0,1.0,1.0,0.0,1.0,0.0,731.0,731.0,4.0,Y,4.0,820,523,0,1343,0.0,0.0,1,1,3,1,2.0,7,Typ,1,4.0,Detchd,1921.0,1.0,1.0,186.0,2.0,2.0,192,0,102,0,0,0,NoFence,0,7,2009,WD ,Normal,154900,0,1,1,0,1,3,0,0,0,0,0,0,0,0,0,0,0
20,RL,60.0,7200,NoAlley,3.0,Lvl,Inside,2.0,CollgCr,Norm,1Fam,1Story,5,5,1972,2000,Gable,VinylSd,VinylSd,None,0.0,2.0,2.0,CBlock,3.0,3.0,1.0,5.0,671.0,1.0,0.0,193.0,864.0,3.0,Y,4.0,864,0,0,864,1.0,0.0,1,0,3,1,4.0,5,Typ,0,0.0,Detchd,1977.0,3.0,2.0,576.0,4.0,2.0,155,0,0,0,0,0,NoFence,0,9,2007,WD ,Normal,127000,0,0,1,0,1,2,0,0,0,0,0,0,0,0,0,0,0
160,FV,73.0,2980,NoAlley,3.0,Lvl,Corner,2.0,Somerst,Norm,TwnhsE,2Story,6,5,2000,2000,Gable,MetalSd,MetalSd,BrkFace,1159.0,3.0,2.0,PConc,4.0,3.0,1.0,6.0,466.0,1.0,0.0,290.0,756.0,4.0,Y,4.0,756,756,0,1512,1.0,0.0,2,1,2,1,3.0,5,Typ,0,0.0,Detchd,2000.0,1.0,2.0,440.0,3.0,2.0,0,32,0,0,0,0,NoFence,0,5,2010,WD ,Normal,177000,0,0,1,0,1,2,0,0,0,0,0,0,0,0,0,0,0
50,RL,68.0,10544,NoAlley,2.0,Lvl,Inside,1.0,Mitchel,Norm,1Fam,1.5Fin,5,5,1969,1969,Gable,HdBoard,HdBoard,None,0.0,2.0,2.0,CBlock,3.0,3.0,3.0,4.0,476.0,1.0,0.0,388.0,864.0,2.0,Y,4.0,864,615,0,1479,0.0,0.0,2,0,5,1,2.0,8,Typ,0,0.0,Attchd,1969.0,3.0,1.0,275.0,3.0,2.0,287,0,280,0,0,0,NoFence,0,4,2010,WD ,Normal,161000,0,0,1,0,1,2,0,0,0,0,0,0,0,0,0,0,0
120,FV,47.0,4230,Pave,3.0,Lvl,Corner,2.0,Somerst,Norm,TwnhsE,1Story,7,5,2006,2007,Gable,VinylSd,VinylSd,None,0.0,3.0,2.0,PConc,5.0,4.0,1.0,1.0,0.0,1.0,0.0,1352.0,1352.0,4.0,Y,4.0,1352,0,0,1352,0.0,0.0,2,0,2,1,3.0,5,Typ,1,4.0,Attchd,2006.0,2.0,2.0,466.0,3.0,2.0,0,241,0,0,0,0,NoFence,0,4,2007,New,Partial,208900,0,1,1,0,1,3,0,0,0,0,0,0,0,0,0,0,0
85,RL,72.0,12150,NoAlley,2.0,Bnk,CulDSac,2.0,Mitchel,Norm,1Fam,SFoyer,6,6,1979,1979,Gable,HdBoard,Wd Shng,None,0.0,2.0,2.0,CBlock,4.0,3.0,3.0,6.0,1001.0,1.0,0.0,0.0,1001.0,2.0,Y,4.0,1299,0,0,1299,1.0,0.0,2,0,2,1,3.0,5,Typ,1,1.0,BuiltIn,1979.0,2.0,2.0,486.0,3.0,2.0,84,0,222,0,0,0,MnPrv,0,1,2007,WD ,Normal,183500,0,1,1,1,1,4,0,0,0,0,0,0,0,0,0,0,0
20,RL,80.0,12984,NoAlley,3.0,Bnk,Inside,2.0,Crawfor,Norm,1Fam,1Story,5,6,1977,1977,Gable,Plywood,Plywood,BrkFace,459.0,2.0,2.0,CBlock,4.0,3.0,2.0,5.0,1283.0,2.0,147.0,0.0,1430.0,4.0,Y,4.0,1647,0,0,1647,1.0,0.0,2,0,3,1,3.0,7,Typ,1,3.0,Attchd,1977.0,3.0,2.0,621.0,3.0,2.0,0,0,0,0,0,0,NoFence,0,3,2006,WD ,Normal,217500,0,1,1,0,1,3,0,0,0,0,0,0,0,0,0,0,0
20,RL,71.0,9353,NoAlley,3.0,Lvl,Inside,2.0,NAmes,Norm,1Fam,1Story,4,5,1970,1970,Gable,MetalSd,MetalSd,None,0.0,2.0,2.0,CBlock,3.0,3.0,1.0,1.0,0.0,1.0,0.0,864.0,864.0,3.0,Y,4.0,864,0,0,864,0.0,0.0,1,0,3,1,2.0,5,Typ,0,0.0,Attchd,1972.0,1.0,1.0,280.0,3.0,2.0,0,0,0,0,0,0,NoFence,0,7,2006,Oth,Abnorml,116050,0,0,1,0,1,2,0,0,0,0,0,0,0,0,0,0,0
50,RL,89.0,11792,NoAlley,3.0,Lvl,Inside,2.0,Edwards,Norm,1Fam,1.5Fin,4,5,1948,1950,Gable,VinylSd,VinylSd,None,0.0,2.0,2.0,CBlock,3.0,3.0,1.0,1.0,0.0,1.0,0.0,744.0,744.0,4.0,N,1.0,792,328,0,1120,0.0,0.0,1,0,2,1,1.0,5,Typ,0,0.0,Detchd,1956.0,1.0,2.0,480.0,3.0,1.0,0,0,0,0,160,0,NoFence,0,6,2010,WD ,Abnorml,64000,0,0,0,0,1,1,0,0,0,0,0,0,0,0,0,0,0
20,RL,73.0,10921,NoAlley,3.0,HLS,Inside,2.0,Edwards,Norm,1Fam,1Story,4,5,1965,1965,Hip,HdBoard,HdBoard,BrkFace,48.0,2.0,2.0,CBlock,3.0,3.0,1.0,3.0,520.0,1.0,0.0,440.0,960.0,2.0,Y,1.0,960,0,0,960,1.0,0.0,1,0,3,1,2.0,6,Typ,0,0.0,Attchd,1965.0,3.0,1.0,432.0,3.0,1.0,120,0,0,0,0,0,NoFence,0,5,2007,WD ,Normal,94750,0,0,1,0,1,2,0,0,0,0,0,0,0,0,0,0,0
60,RL,76.0,9591,NoAlley,3.0,Lvl,Inside,2.0,NridgHt,Norm,1Fam,2Story,8,5,2004,2005,Gable,VinylSd,VinylSd,BrkFace,344.0,3.0,2.0,PConc,5.0,3.0,3.0,1.0,0.0,1.0,0.0,1143.0,1143.0,4.0,Y,4.0,1143,1330,0,2473,0.0,0.0,2,1,4,1,3.0,9,Typ,1,4.0,BuiltIn,2004.0,2.0,3.0,852.0,3.0,2.0,192,151,0,0,0,0,NoFence,0,10,2007,WD ,Normal,317000,0,1,1,0,1,3,0,0,0,0,0,0,0,0,0,0,0
20,RL,73.0,11382,NoAlley,2.0,Lvl,Inside,2.0,NAmes,Norm,1Fam,1Story,6,5,1964,1964,Gable,Wd Sdng,Plywood,BrkFace,212.0,2.0,2.0,CBlock,3.0,3.0,1.0,5.0,54.0,3.0,543.0,533.0,1130.0,2.0,Y,4.0,1374,0,0,1374,0.0,1.0,1,0,3,1,2.0,7,Typ,1,3.0,Attchd,1964.0,2.0,1.0,286.0,3.0,2.0,0,28,84,0,0,0,MnPrv,0,8,2007,WD ,Normal,147000,0,1,1,1,1,4,0,0,0,0,0,0,0,0,0,0,0
20,RL,74.0,7758,NoAlley,2.0,Lvl,Corner,2.0,Sawyer,Norm,1Fam,1Story,5,7,1962,2001,Gable,HdBoard,Plywood,None,0.0,2.0,3.0,CBlock,3.0,3.0,1.0,5.0,588.0,1.0,0.0,411.0,999.0,3.0,Y,4.0,999,0,0,999,1.0,0.0,1,0,3,1,3.0,6,Typ,0,0.0,Detchd,1963.0,1.0,1.0,264.0,3.0,2.0,0,132,0,0,0,0,NoFence,0,3,2007,WD ,Normal,132500,0,0,1,0,1,2,0,0,0,0,0,0,0,0,0,0,0
20,RM,90.0,7407,NoAlley,3.0,Lvl,Inside,2.0,OldTown,Artery,1Fam,1Story,6,7,1957,1996,Gable,MetalSd,MetalSd,None,0.0,2.0,2.0,CBlock,3.0,3.0,1.0,6.0,600.0,1.0,0.0,312.0,912.0,2.0,Y,3.0,1236,0,0,1236,1.0,0.0,1,0,2,1,2.0,6,Typ,0,0.0,Attchd,1957.0,1.0,2.0,923.0,3.0,2.0,0,158,158,0,0,0,MnPrv,0,4,2010,WD ,Normal,149700,0,0,1,1,1,3,0,0,0,0,0,0,0,0,0,0,0
20,RL,74.0,8544,NoAlley,2.0,Lvl,CulDSac,2.0,Sawyer,Norm,1Fam,1Story,5,6,1966,2006,Gable,HdBoard,HdBoard,None,0.0,2.0,2.0,CBlock,3.0,3.0,1.0,1.0,0.0,1.0,0.0,1228.0,1228.0,3.0,Y,4.0,1228,0,0,1228,0.0,0.0,1,1,3,1,3.0,6,Typ,0,0.0,Attchd,1966.0,1.0,1.0,271.0,3.0,2.0,0,65,0,0,0,0,MnPrv,0,6,2008,WD ,Normal,149350,0,0,1,1,1,3,0,0,0,0,0,0,0,0,0,0,0
50,RM,52.0,6240,NoAlley,3.0,Lvl,Inside,2.0,BrkSide,Norm,1Fam,1.5Fin,6,5,1938,1950,Gable,VinylSd,VinylSd,None,0.0,2.0,2.0,BrkTil,3.0,3.0,1.0,2.0,52.0,1.0,0.0,809.0,861.0,3.0,Y,4.0,861,548,0,1409,1.0,0.0,1,1,3,1,2.0,6,Typ,1,4.0,Detchd,1968.0,1.0,2.0,528.0,3.0,2.0,225,0,84,0,0,0,NoFence,0,3,2007,WD ,Normal,126000,0,1,1,0,1,3,0,0,0,0,0,0,0,0,0,0,0
20,RL,69.0,23580,NoAlley,2.0,Lvl,Inside,1.0,Mitchel,Norm,1Fam,1Story,6,6,1979,1979,Gable,Plywood,Plywood,None,0.0,2.0,2.0,CBlock,4.0,3.0,4.0,6.0,776.0,1.0,0.0,849.0,1625.0,2.0,Y,4.0,1625,0,0,1625,0.0,1.0,2,0,3,1,1.0,6,Typ,1,3.0,Attchd,1979.0,3.0,2.0,576.0,3.0,2.0,136,28,0,0,0,0,NoFence,0,9,2006,WD ,Normal,242500,0,1,1,0,1,3,0,0,0,0,0,0,0,0,0,0,0
120,RL,65.0,8769,NoAlley,3.0,Lvl,Corner,2.0,NridgHt,Norm,TwnhsE,1Story,9,5,2008,2008,Hip,MetalSd,MetalSd,BrkFace,766.0,4.0,2.0,PConc,5.0,3.0,1.0,6.0,1540.0,1.0,0.0,162.0,1702.0,4.0,Y,4.0,1702,0,0,1702,1.0,0.0,1,1,1,1,4.0,7,Typ,1,4.0,Attchd,2008.0,3.0,3.0,1052.0,3.0,2.0,0,72,0,0,224,0,NoFence,0,10,2008,New,Partial,367294,0,1,1,0,1,3,0,0,0,0,0,0,0,0,0,0,0
60,RL,52.0,46589,NoAlley,1.0,Lvl,CulDSac,2.0,NoRidge,Norm,1Fam,2Story,8,7,1994,2005,Hip,VinylSd,VinylSd,BrkFace,528.0,3.0,2.0,PConc,4.0,4.0,1.0,6.0,1361.0,3.0,180.0,88.0,1629.0,4.0,Y,4.0,1686,762,0,2448,1.0,0.0,2,1,4,1,3.0,8,Typ,1,3.0,Attchd,1994.0,2.0,3.0,711.0,3.0,2.0,517,76,0,0,0,0,NoFence,0,7,2009,WD ,Normal,402000,0,1,1,0,1,3,0,0,0,0,0,0,0,0,0,0,0
90,RL,65.0,8385,NoAlley,3.0,Lvl,Inside,2.0,Mitchel,Norm,Duplex,1Story,6,5,1978,1978,Gable,Plywood,Plywood,None,0.0,2.0,2.0,CBlock,3.0,3.0,2.0,1.0,0.0,1.0,0.0,1664.0,1664.0,2.0,Y,4.0,1664,0,0,1664,0.0,0.0,2,0,4,2,2.0,10,Typ,0,0.0,2Types,1978.0,1.0,2.0,616.0,3.0,2.0,0,0,0,0,0,0,NoFence,0,10,2006,WD ,Normal,145000,0,0,1,0,1,2,0,0,0,0,0,0,0,0,0,0,0
160,RL,24.0,2179,NoAlley,3.0,Lvl,Inside,2.0,NPkVill,Norm,Twnhs,2Story,6,5,1976,1976,Gable,Plywood,Brk Cmn,None,0.0,2.0,2.0,CBlock,4.0,3.0,1.0,5.0,70.0,1.0,0.0,785.0,855.0,3.0,Y,4.0,855,601,0,1456,0.0,0.0,2,1,3,1,2.0,6,Typ,1,3.0,Attchd,1976.0,2.0,2.0,460.0,3.0,2.0,0,28,0,0,0,0,NoFence,0,7,2006,WD ,Normal,144000,0,1,1,0,1,3,0,0,0,0,0,0,0,0,0,0,0
30,RM,60.0,7200,NoAlley,3.0,Lvl,Corner,2.0,IDOTRR,Norm,1Fam,1Story,6,6,1930,1950,Gable,VinylSd,VinylSd,None,0.0,2.0,2.0,BrkTil,3.0,3.0,1.0,2.0,343.0,1.0,0.0,641.0,984.0,2.0,Y,1.0,984,0,0,984,0.0,0.0,1,0,3,1,2.0,6,Typ,0,0.0,Detchd,1930.0,1.0,1.0,308.0,3.0,0.0,0,0,164,0,0,0,NoFence,0,3,2006,ConLI,Family,90000,0,0,1,0,1,2,0,0,0,0,0,0,0,0,0,0,0
20,RL,82.0,9488,NoAlley,3.0,Lvl,Inside,2.0,Sawyer,Feedr,1Fam,1Story,5,6,1947,1993,Gable,VinylSd,VinylSd,None,0.0,3.0,2.0,CBlock,3.0,3.0,1.0,1.0,0.0,1.0,0.0,1046.0,1046.0,3.0,N,4.0,1054,0,0,1054,0.0,0.0,1,0,3,1,2.0,6,Typ,0,0.0,Detchd,1947.0,1.0,1.0,240.0,3.0,2.0,0,60,122,0,0,0,NoFence,0,9,2008,WD ,Abnorml,124000,0,0,0,0,1,1,0,0,0,0,0,0,0,0,0,0,0
60,RL,130.0,16900,NoAlley,3.0,Lvl,Inside,2.0,NridgHt,Norm,1Fam,2Story,8,5,2001,2002,Gable,VinylSd,VinylSd,BrkFace,1110.0,3.0,2.0,PConc,5.0,3.0,2.0,6.0,1075.0,1.0,0.0,404.0,1479.0,4.0,Y,4.0,1515,1134,0,2649,1.0,0.0,2,1,4,1,3.0,10,Typ,1,3.0,Attchd,2001.0,3.0,3.0,746.0,3.0,2.0,0,60,0,0,0,0,NoFence,0,1,2008,WD ,Normal,421250,0,1,1,0,1,3,0,0,0,0,0,0,0,0,0,0,0
20,RL,78.0,10140,NoAlley,3.0,Lvl,Inside,2.0,NWAmes,Norm,1Fam,1Story,5,6,1975,1975,Gable,HdBoard,HdBoard,None,0.0,2.0,2.0,CBlock,4.0,3.0,1.0,5.0,788.0,1.0,0.0,268.0,1056.0,4.0,Y,4.0,1074,0,0,1074,1.0,0.0,1,1,3,1,2.0,6,Typ,0,0.0,Attchd,1975.0,2.0,2.0,495.0,3.0,2.0,0,88,0,0,0,0,MnPrv,0,7,2006,WD ,Normal,153500,0,0,1,1,1,3,0,0,0,0,0,0,0,0,0,0,0
60,FV,75.0,9000,NoAlley,3.0,Lvl,Inside,2.0,Somerst,Norm,1Fam,2Story,8,5,2006,2006,Gable,VinylSd,VinylSd,None,0.0,3.0,2.0,PConc,4.0,3.0,3.0,1.0,0.0,1.0,0.0,1088.0,1088.0,4.0,Y,4.0,1088,871,0,1959,0.0,0.0,2,1,3,1,3.0,8,Typ,1,4.0,Attchd,2006.0,2.0,3.0,1025.0,3.0,2.0,208,46,0,0,0,0,NoFence,0,12,2007,WD ,Normal,270000,0,1,1,0,1,3,0,0,0,0,0,0,0,0,0,0,0
30,RL,52.0,6615,NoAlley,3.0,Lvl,Inside,2.0,BrkSide,Norm,1Fam,1Story,6,6,1923,1950,Gable,MetalSd,MetalSd,None,0.0,2.0,2.0,BrkTil,3.0,3.0,1.0,1.0,0.0,1.0,0.0,1022.0,1022.0,2.0,N,3.0,1432,0,0,1432,0.0,0.0,1,0,3,1,3.0,6,Typ,1,4.0,BuiltIn,1923.0,1.0,1.0,216.0,2.0,2.0,266,61,0,0,0,0,GdWo,0,9,2009,WD ,Normal,149000,0,1,0,1,1,3,0,0,0,0,0,0,0,0,0,0,0
60,RL,93.0,11999,NoAlley,3.0,Lvl,Inside,2.0,NridgHt,Norm,1Fam,2Story,8,5,2003,2004,Hip,VinylSd,VinylSd,BrkFace,340.0,3.0,2.0,PConc,4.0,3.0,1.0,1.0,0.0,1.0,0.0,1181.0,1181.0,4.0,Y,4.0,1234,1140,0,2374,0.0,0.0,2,1,4,1,4.0,10,Typ,1,4.0,BuiltIn,2003.0,3.0,3.0,656.0,3.0,2.0,104,100,0,0,0,0,NoFence,0,5,2007,WD ,Normal,285000,0,1,1,0,1,3,0,0,0,0,0,0,0,0,0,0,0
20,RL,160.0,20000,NoAlley,3.0,Lvl,Inside,2.0,Mitchel,Norm,1Fam,1Story,5,7,1960,1996,Gable,VinylSd,VinylSd,None,0.0,2.0,2.0,CBlock,3.0,3.0,1.0,5.0,1224.0,1.0,0.0,0.0,1224.0,4.0,Y,4.0,1224,0,0,1224,1.0,0.0,1,0,4,1,2.0,7,Typ,1,3.0,Detchd,1960.0,1.0,2.0,576.0,3.0,2.0,474,0,0,0,0,0,NoFence,0,9,2006,WD ,Abnorml,131000,0,1,1,0,1,3,0,0,0,0,0,0,0,0,0,0,0
40,RM,40.0,5400,Pave,3.0,Lvl,Corner,2.0,OldTown,Norm,1Fam,1Story,6,7,1926,2004,Gable,MetalSd,MetalSd,None,0.0,2.0,3.0,BrkTil,3.0,3.0,2.0,2.0,370.0,1.0,0.0,779.0,1149.0,3.0,Y,3.0,1149,467,0,1616,0.0,0.0,2,0,3,1,3.0,5,Typ,0,0.0,Detchd,1926.0,1.0,1.0,216.0,3.0,2.0,0,0,183,0,0,0,NoFence,0,10,2007,WD ,Normal,152000,0,0,1,0,1,2,0,0,0,0,0,0,0,0,0,0,0
20,RL,80.0,11250,NoAlley,2.0,Lvl,Inside,2.0,Veenker,Norm,1Fam,1Story,6,6,1977,1977,Gable,Plywood,Plywood,None,0.0,3.0,2.0,CBlock,4.0,3.0,1.0,5.0,767.0,1.0,0.0,441.0,1208.0,2.0,Y,4.0,1208,0,0,1208,1.0,0.0,1,1,3,1,2.0,6,Typ,1,3.0,Attchd,1977.0,2.0,2.0,546.0,3.0,2.0,198,42,0,0,0,0,NoFence,0,6,2006,WD ,Normal,165000,0,1,1,0,1,3,0,0,0,0,0,0,0,0,0,0,0
20,RL,68.0,7480,NoAlley,3.0,Lvl,Inside,2.0,CollgCr,Norm,1Fam,1Story,5,6,1972,1972,Gable,Wd Sdng,Wd Sdng,None,0.0,2.0,2.0,CBlock,3.0,3.0,3.0,5.0,480.0,1.0,0.0,396.0,876.0,2.0,Y,4.0,876,0,0,876,1.0,0.0,1,0,3,1,2.0,5,Typ,0,0.0,Detchd,1977.0,1.0,2.0,484.0,3.0,2.0,0,0,0,0,0,0,MnPrv,0,6,2010,WD ,Normal,127000,0,0,1,1,1,3,0,0,0,0,0,0,0,0,0,0,0
20,RL,80.0,10400,NoAlley,3.0,Lvl,Inside,2.0,NWAmes,Norm,1Fam,1Story,6,5,1976,1976,Gable,HdBoard,HdBoard,BrkFace,120.0,2.0,2.0,CBlock,3.0,3.0,1.0,1.0,0.0,1.0,0.0,1444.0,1444.0,2.0,Y,4.0,1444,0,0,1444,0.0,0.0,2,0,2,1,2.0,5,Typ,1,4.0,Attchd,1976.0,1.0,2.0,473.0,3.0,2.0,0,24,0,0,0,0,GdWo,0,4,2008,WD ,Normal,159900,0,1,1,1,1,4,0,0,0,0,0,0,0,0,0,0,0
20,RL,72.0,9770,NoAlley,3.0,Lvl,Inside,2.0,NAmes,Norm,1Fam,1Story,5,5,1957,1957,Gable,Wd Sdng,Wd Sdng,None,0.0,2.0,2.0,CBlock,3.0,3.0,1.0,3.0,512.0,1.0,0.0,410.0,922.0,2.0,Y,3.0,922,0,0,922,1.0,0.0,1,0,2,1,2.0,5,Typ,0,0.0,Attchd,1957.0,1.0,1.0,308.0,3.0,2.0,0,34,0,0,0,0,GdWo,0,4,2007,WD ,Normal,116000,0,0,1,1,1,3,0,0,0,0,0,0,0,0,0,0,0
60,RL,94.0,13005,NoAlley,2.0,Lvl,Corner,2.0,NWAmes,Norm,1Fam,2Story,7,7,1980,1980,Gable,CemntBd,CmentBd,BrkFace,278.0,3.0,2.0,CBlock,4.0,3.0,1.0,6.0,692.0,1.0,0.0,153.0,845.0,2.0,Y,4.0,1153,1200,0,2353,1.0,0.0,2,1,4,1,4.0,10,Typ,1,3.0,Attchd,1983.0,2.0,2.0,484.0,3.0,2.0,288,195,0,0,0,0,GdPrv,0,8,2009,WD ,Normal,260000,0,1,1,1,1,4,0,0,0,0,0,0,0,0,0,0,0
20,RL,64.0,6762,NoAlley,3.0,Lvl,Inside,2.0,CollgCr,Norm,1Fam,1Story,7,5,2007,2007,Gable,VinylSd,VinylSd,None,0.0,3.0,2.0,PConc,4.0,3.0,3.0,6.0,902.0,1.0,0.0,380.0,1282.0,4.0,Y,4.0,1290,0,0,1290,1.0,0.0,2,0,2,1,3.0,6,Typ,1,4.0,Attchd,2007.0,2.0,2.0,662.0,3.0,2.0,168,0,0,0,0,0,NoFence,0,5,2009,WD ,Normal,200000,0,1,1,0,1,3,0,0,0,0,0,0,0,0,0,0,0
60,RL,68.0,11250,NoAlley,2.0,Lvl,Inside,2.0,CollgCr,Norm,1Fam,2Story,7,5,2001,2002,Gable,VinylSd,VinylSd,BrkFace,162.0,3.0,2.0,PConc,4.0,3.0,2.0,6.0,486.0,1.0,0.0,434.0,920.0,4.0,Y,4.0,920,866,0,1786,1.0,0.0,2,1,3,1,3.0,6,Typ,1,3.0,Attchd,2001.0,2.0,2.0,608.0,3.0,2.0,0,42,0,0,0,0,NoFence,0,9,2008,WD ,Normal,223500,0,1,1,0,1,3,0,0,0,0,0,0,0,0,0,0,0
70,RL,75.0,13125,NoAlley,3.0,Lvl,Inside,2.0,Crawfor,Norm,1Fam,2Story,7,6,1940,1984,Gable,Wd Sdng,Wd Sdng,None,0.0,2.0,2.0,CBlock,3.0,3.0,1.0,4.0,410.0,1.0,0.0,390.0,800.0,2.0,Y,4.0,960,780,0,1740,0.0,0.0,1,1,3,1,2.0,6,Typ,2,4.0,Attchd,1940.0,1.0,1.0,240.0,3.0,2.0,0,0,0,0,0,0,NoFence,0,7,2007,CWD,Normal,219500,0,1,1,0,1,3,0,0,0,0,0,0,0,0,0,0,0
20,RL,84.0,7476,NoAlley,3.0,Lvl,Corner,2.0,Sawyer,Norm,1Fam,1Story,5,7,1968,1968,Gable,HdBoard,HdBoard,None,0.0,2.0,2.0,CBlock,3.0,3.0,1.0,3.0,812.0,1.0,0.0,228.0,1040.0,2.0,Y,4.0,1040,0,0,1040,1.0,0.0,1,1,3,1,2.0,5,Typ,0,0.0,Detchd,1991.0,3.0,2.0,686.0,3.0,2.0,188,0,0,0,0,0,NoFence,0,6,2007,WD ,Normal,145000,0,0,1,0,1,2,0,0,0,0,0,0,0,0,0,0,0
20,RL,89.0,10858,NoAlley,3.0,Lvl,Corner,2.0,NAmes,Feedr,1Fam,1Story,5,6,1952,1952,Gable,Wd Sdng,Plywood,Stone,150.0,2.0,3.0,CBlock,3.0,3.0,2.0,2.0,40.0,1.0,0.0,1404.0,1444.0,4.0,Y,4.0,1624,0,0,1624,1.0,0.0,1,0,2,1,2.0,6,Min1,1,4.0,Attchd,1952.0,2.0,1.0,240.0,3.0,2.0,0,40,324,0,0,0,MnPrv,0,7,2006,WD ,Partial,146500,0,1,1,1,1,4,0,0,0,0,0,0,0,0,0,0,0
30,RM,50.0,7000,NoAlley,3.0,Lvl,Inside,2.0,IDOTRR,Norm,1Fam,1Story,6,8,1926,1998,Gable,VinylSd,VinylSd,None,0.0,2.0,3.0,BrkTil,3.0,3.0,1.0,3.0,299.0,6.0,40.0,555.0,894.0,2.0,Y,4.0,919,0,0,919,1.0,0.0,1,0,2,1,2.0,5,Typ,0,0.0,Detchd,1926.0,1.0,1.0,195.0,3.0,1.0,0,0,116,0,0,0,MnPrv,0,7,2008,WD ,Normal,126000,0,0,1,1,1,3,0,0,0,0,0,0,0,0,0,0,0
70,C (all),60.0,5280,NoAlley,3.0,Lvl,Corner,2.0,IDOTRR,Feedr,1Fam,2Story,4,7,1895,1950,Gable,Wd Sdng,Wd Sdng,None,0.0,2.0,2.0,Stone,1.0,2.0,1.0,1.0,0.0,1.0,0.0,173.0,173.0,4.0,N,4.0,825,536,0,1361,0.0,0.0,1,0,2,1,2.0,6,Typ,0,0.0,Detchd,1895.0,1.0,1.0,185.0,2.0,2.0,0,123,0,0,0,0,NoFence,0,7,2008,WD ,Normal,89000,0,0,0,0,1,1,0,0,0,0,0,0,0,0,0,0,0
120,RL,51.0,3635,NoAlley,3.0,Lvl,Inside,2.0,Blmngtn,Norm,TwnhsE,1Story,7,5,2007,2007,Hip,VinylSd,VinylSd,BrkFace,130.0,3.0,2.0,PConc,4.0,3.0,1.0,5.0,988.0,1.0,0.0,398.0,1386.0,4.0,Y,4.0,1569,0,0,1569,0.0,1.0,2,0,1,1,3.0,7,Typ,1,3.0,Attchd,2007.0,2.0,3.0,660.0,3.0,2.0,143,20,0,0,0,0,NoFence,0,5,2009,WD ,Normal,175900,0,1,1,0,1,3,0,0,0,0,0,0,0,0,0,0,0
20,RL,92.0,11932,NoAlley,3.0,Lvl,FR2,2.0,Somerst,Feedr,1Fam,1Story,8,5,2007,2008,Gable,VinylSd,VinylSd,Stone,186.0,3.0,2.0,PConc,4.0,3.0,1.0,1.0,0.0,1.0,0.0,1580.0,1580.0,4.0,Y,4.0,1580,0,0,1580,0.0,0.0,2,0,3,1,3.0,7,Typ,0,0.0,Attchd,2008.0,2.0,3.0,830.0,3.0,2.0,0,24,0,0,0,0,NoFence,0,6,2008,ConLD,Partial,235128,0,0,1,0,1,2,0,0,0,0,0,0,0,0,0,0,0
50,RM,90.0,33120,NoAlley,0.0,Lvl,Inside,2.0,OldTown,RRAn,1Fam,1.5Fin,6,5,1962,1962,Gable,BrkFace,Wd Sdng,None,0.0,2.0,2.0,CBlock,3.0,3.0,1.0,1.0,0.0,1.0,0.0,1595.0,1595.0,2.0,Y,4.0,1611,875,0,2486,0.0,0.0,2,0,5,1,2.0,8,Typ,1,4.0,Detchd,1962.0,1.0,2.0,576.0,3.0,2.0,0,0,0,0,0,0,NoFence,0,10,2006,WD ,Normal,220000,0,1,1,0,1,3,0,0,0,0,0,0,0,0,0,0,0
85,RL,72.0,9360,NoAlley,3.0,Bnk,Inside,2.0,Mitchel,Norm,1Fam,SFoyer,6,7,1977,1977,Gable,Plywood,Plywood,None,0.0,2.0,2.0,CBlock,4.0,3.0,3.0,6.0,841.0,2.0,116.0,0.0,957.0,2.0,Y,4.0,1287,0,0,1287,1.0,0.0,1,1,2,1,2.0,5,Typ,2,2.0,Attchd,1977.0,2.0,2.0,541.0,3.0,2.0,302,39,0,0,120,0,GdWo,0,11,2009,WD ,Normal,173000,0,1,1,1,1,4,0,0,0,0,0,0,0,0,0,0,0
190,RL,80.0,8800,NoAlley,3.0,Lvl,Inside,2.0,NAmes,RRAn,2fmCon,1Story,6,7,1965,2000,Hip,BrkFace,VinylSd,None,0.0,2.0,3.0,PConc,3.0,3.0,2.0,5.0,901.0,4.0,252.0,34.0,1187.0,4.0,Y,4.0,1565,0,0,1565,1.0,0.0,2,0,3,1,3.0,7,Min1,2,3.0,Attchd,1965.0,2.0,1.0,299.0,3.0,2.0,200,25,211,0,0,0,MnPrv,460,6,2006,WD ,Abnorml,185900,0,1,1,1,1,4,0,0,0,0,0,0,0,0,0,0,0
120,FV,45.0,4379,NoAlley,2.0,Lvl,FR2,2.0,Somerst,Norm,TwnhsE,1Story,8,5,2004,2004,Gable,MetalSd,MetalSd,None,0.0,3.0,2.0,PConc,4.0,3.0,3.0,6.0,851.0,1.0,0.0,527.0,1378.0,4.0,Y,4.0,1378,0,0,1378,1.0,0.0,2,0,2,1,3.0,6,Typ,1,4.0,Attchd,2004.0,3.0,2.0,540.0,3.0,2.0,160,56,0,0,0,0,NoFence,0,7,2007,WD ,Normal,214000,0,1,1,0,1,3,0,0,0,0,0,0,0,0,0,0,0
90,RM,68.0,8927,NoAlley,3.0,Lvl,Inside,2.0,Sawyer,RRAe,Duplex,1.5Fin,6,6,1977,1977,Gable,VinylSd,VinylSd,None,0.0,2.0,3.0,CBlock,0.0,0.0,0.0,0.0,0.0,0.0,0.0,0.0,0.0,2.0,Y,4.0,1286,368,0,1654,0.0,0.0,2,0,4,2,2.0,10,Typ,0,0.0,Attchd,1977.0,2.0,2.0,528.0,3.0,2.0,0,0,0,0,0,0,NoFence,0,8,2006,WD ,Normal,119500,0,0,1,0,1,2,0,0,0,0,0,0,0,0,0,0,0
20,RL,100.0,21370,NoAlley,3.0,Lvl,FR2,2.0,Sawyer,Norm,1Fam,1Story,5,5,1950,1950,Gable,Wd Sdng,MetalSd,None,0.0,2.0,2.0,Slab,0.0,0.0,0.0,0.0,0.0,0.0,0.0,0.0,0.0,2.0,Y,3.0,1640,0,0,1640,0.0,0.0,1,0,3,1,2.0,7,Min1,1,4.0,Attchd,1950.0,2.0,2.0,394.0,3.0,2.0,0,0,225,0,0,0,NoFence,600,6,2006,WD ,Normal,131000,0,1,1,0,1,3,0,0,0,0,0,0,0,0,0,0,0
20,RL,85.0,10628,NoAlley,3.0,Lvl,Inside,2.0,NAmes,Norm,1Fam,1Story,7,5,1970,1970,Flat,Plywood,Plywood,None,0.0,2.0,3.0,CBlock,3.0,4.0,4.0,6.0,778.0,1.0,0.0,499.0,1277.0,2.0,Y,4.0,1277,0,0,1277,1.0,0.0,1,0,2,1,2.0,5,Typ,1,1.0,Attchd,1970.0,1.0,2.0,526.0,3.0,2.0,0,0,0,0,176,0,GdWo,0,4,2007,WD ,Normal,167000,0,1,1,1,1,4,0,0,0,0,0,0,0,0,0,0,0
80,RL,94.0,7819,NoAlley,3.0,Lvl,Inside,2.0,Edwards,Norm,1Fam,SLvl,6,5,1976,1976,Gable,Plywood,Plywood,None,0.0,2.0,2.0,CBlock,3.0,3.0,3.0,5.0,422.0,4.0,127.0,480.0,1029.0,2.0,Y,4.0,1117,0,0,1117,1.0,0.0,1,0,3,1,2.0,6,Typ,1,3.0,Detchd,1976.0,1.0,2.0,672.0,3.0,2.0,144,0,0,0,0,0,MnPrv,0,3,2010,WD ,Abnorml,107000,0,1,1,1,1,4,0,0,0,0,0,0,0,0,0,0,0
20,RL,66.0,13695,NoAlley,3.0,Lvl,Inside,2.0,SawyerW,RRAe,1Fam,1Story,5,5,2004,2004,Gable,VinylSd,VinylSd,None,0.0,2.0,2.0,PConc,3.0,3.0,1.0,6.0,646.0,1.0,0.0,468.0,1114.0,4.0,Y,4.0,1114,0,0,1114,1.0,0.0,1,1,3,1,3.0,6,Typ,0,0.0,Detchd,2004.0,1.0,2.0,576.0,3.0,2.0,0,102,0,0,0,0,NoFence,0,6,2008,WD ,Normal,159000,0,0,1,0,1,2,0,0,0,0,0,0,0,0,0,0,0
60,RL,80.0,12046,NoAlley,2.0,Lvl,Inside,2.0,NWAmes,Norm,1Fam,2Story,6,6,1976,1976,Gable,Plywood,Plywood,BrkFace,298.0,2.0,2.0,CBlock,3.0,3.0,1.0,2.0,156.0,1.0,0.0,692.0,848.0,2.0,Y,4.0,1118,912,0,2030,0.0,0.0,2,1,4,1,3.0,8,Typ,1,3.0,Attchd,1976.0,3.0,2.0,551.0,3.0,2.0,0,224,0,0,0,0,NoFence,0,6,2007,WD ,Normal,195000,0,1,1,0,1,3,0,0,0,0,0,0,0,0,0,0,0
60,RL,80.0,12388,NoAlley,2.0,Lvl,Inside,2.0,NWAmes,Norm,1Fam,2Story,7,7,1980,1991,Gable,Plywood,Plywood,BrkFace,229.0,2.0,2.0,CBlock,4.0,3.0,1.0,5.0,602.0,1.0,0.0,441.0,1043.0,2.0,Y,4.0,1539,1134,0,2673,0.0,0.0,2,1,4,1,3.0,9,Typ,1,3.0,BuiltIn,1980.0,2.0,2.0,441.0,3.0,2.0,178,84,0,0,0,0,NoFence,0,8,2009,WD ,Normal,249000,0,1,1,0,1,3,0,0,0,0,0,0,0,0,0,0,0
60,RL,80.0,9364,NoAlley,3.0,Lvl,Corner,2.0,Sawyer,Norm,1Fam,2Story,6,7,1969,1969,Gable,HdBoard,HdBoard,Stone,143.0,2.0,2.0,CBlock,3.0,3.0,1.0,5.0,371.0,1.0,0.0,292.0,663.0,2.0,Y,4.0,663,689,0,1352,0.0,0.0,1,1,4,1,2.0,7,Typ,0,0.0,Attchd,1969.0,3.0,1.0,299.0,3.0,2.0,379,36,0,0,0,0,MnPrv,0,3,2010,WD ,Normal,158000,0,0,1,1,1,3,0,0,0,0,0,0,0,0,0,0,0
70,RM,66.0,3960,Grvl,3.0,Lvl,Inside,2.0,OldTown,Norm,1Fam,2Story,7,8,1930,1950,Gable,Wd Sdng,Wd Sdng,None,0.0,2.0,2.0,BrkTil,3.0,3.0,1.0,1.0,0.0,1.0,0.0,502.0,502.0,2.0,N,4.0,502,502,0,1004,0.0,0.0,1,0,2,1,3.0,5,Typ,1,1.0,Detchd,1930.0,1.0,1.0,200.0,2.0,0.0,280,0,68,0,0,0,MnPrv,0,7,2006,WD ,Normal,105000,0,1,0,1,1,3,0,0,0,0,0,0,0,0,0,0,0
120,RL,39.0,5070,NoAlley,2.0,HLS,Inside,2.0,StoneBr,Norm,TwnhsE,1Story,8,5,1992,1992,Gable,HdBoard,HdBoard,None,0.0,3.0,2.0,PConc,4.0,3.0,2.0,1.0,0.0,1.0,0.0,1280.0,1280.0,4.0,Y,4.0,1280,0,0,1280,0.0,0.0,2,0,2,1,3.0,5,Typ,0,0.0,Attchd,1992.0,2.0,2.0,506.0,3.0,2.0,0,82,0,0,144,0,NoFence,0,8,2008,WD ,Normal,180000,0,0,1,0,1,2,0,0,0,0,0,0,0,0,0,0,0
60,RL,86.0,10562,NoAlley,3.0,Lvl,Inside,2.0,NridgHt,Norm,1Fam,2Story,8,5,2007,2007,Gable,VinylSd,VinylSd,Stone,300.0,3.0,2.0,PConc,5.0,3.0,1.0,6.0,1288.0,1.0,0.0,294.0,1582.0,4.0,Y,4.0,1610,551,0,2161,1.0,0.0,1,1,3,1,4.0,8,Typ,1,4.0,Attchd,2007.0,3.0,3.0,789.0,3.0,2.0,178,120,0,0,0,0,NoFence,0,11,2007,New,Partial,325624,0,1,1,0,1,3,0,0,0,0,0,0,0,0,0,0,0
20,RM,49.0,8235,NoAlley,2.0,HLS,Inside,2.0,OldTown,Feedr,1Fam,1Story,5,7,1955,1995,Gable,MetalSd,MetalSd,None,0.0,2.0,3.0,CBlock,3.0,3.0,1.0,2.0,180.0,3.0,645.0,0.0,825.0,2.0,Y,4.0,825,0,0,825,1.0,0.0,1,0,2,1,2.0,4,Typ,0,0.0,Detchd,1963.0,2.0,2.0,720.0,3.0,2.0,140,50,0,0,0,0,MnPrv,0,6,2008,WD ,Normal,125000,0,0,1,1,1,3,0,0,0,0,0,0,0,0,0,0,0
60,RL,64.0,9505,NoAlley,2.0,Lvl,CulDSac,2.0,Gilbert,Norm,1Fam,2Story,7,5,2001,2001,Gable,VinylSd,VinylSd,BrkFace,180.0,3.0,2.0,PConc,4.0,3.0,1.0,1.0,0.0,1.0,0.0,884.0,884.0,4.0,Y,4.0,884,1151,0,2035,0.0,0.0,2,1,3,1,3.0,8,Typ,1,4.0,BuiltIn,2001.0,3.0,2.0,434.0,3.0,2.0,144,48,0,0,0,0,NoFence,0,5,2010,WD ,Normal,222500,0,1,1,0,1,3,0,0,0,0,0,0,0,0,0,0,0
30,RL,118.0,21299,NoAlley,3.0,Lvl,Inside,2.0,NAmes,Norm,1Fam,1Story,7,5,1941,1963,Hip,BrkFace,BrkFace,None,0.0,3.0,2.0,CBlock,3.0,3.0,1.0,1.0,0.0,1.0,0.0,929.0,929.0,4.0,Y,4.0,2039,0,0,2039,1.0,0.0,1,1,3,1,2.0,7,Min1,3,4.0,2Types,1941.0,1.0,3.0,791.0,3.0,2.0,0,0,90,0,0,0,NoFence,0,12,2006,COD,Abnorml,167000,0,1,1,0,1,3,0,0,0,0,0,0,0,0,0,0,0
20,RL,73.0,11027,NoAlley,2.0,Lvl,Inside,2.0,NAmes,Norm,1Fam,1Story,6,5,1954,1954,Hip,Wd Sdng,Wd Sdng,Stone,28.0,2.0,2.0,CBlock,3.0,3.0,1.0,4.0,468.0,3.0,539.0,171.0,1178.0,3.0,Y,4.0,1293,0,0,1293,1.0,0.0,2,0,2,1,2.0,5,Typ,0,0.0,Attchd,1954.0,2.0,2.0,452.0,3.0,2.0,280,0,0,0,0,0,NoFence,0,5,2006,WD ,Normal,149900,0,0,1,0,1,2,0,0,0,0,0,0,0,0,0,0,0
20,RL,93.0,12085,NoAlley,3.0,Lvl,Inside,2.0,NridgHt,Norm,1Fam,1Story,8,5,2007,2007,Hip,VinylSd,VinylSd,Stone,328.0,3.0,2.0,PConc,5.0,3.0,1.0,6.0,1004.0,1.0,0.0,730.0,1734.0,4.0,Y,4.0,1734,0,0,1734,1.0,0.0,2,0,3,1,4.0,7,Typ,1,4.0,Attchd,2007.0,2.0,3.0,928.0,3.0,2.0,0,0,0,0,0,0,NoFence,0,11,2007,New,Partial,318000,0,1,1,0,1,3,0,0,0,0,0,0,0,0,0,0,0
60,RL,77.0,9206,NoAlley,3.0,Lvl,Inside,2.0,SawyerW,Norm,1Fam,2Story,6,5,1985,1985,Gable,HdBoard,HdBoard,BrkFace,336.0,3.0,2.0,CBlock,4.0,3.0,1.0,1.0,0.0,1.0,0.0,741.0,741.0,2.0,Y,4.0,977,755,0,1732,0.0,0.0,2,1,3,1,3.0,7,Typ,1,3.0,Attchd,1985.0,3.0,2.0,476.0,3.0,2.0,192,46,0,0,0,0,NoFence,0,6,2010,WD ,Normal,178000,0,1,1,0,1,3,0,0,0,0,0,0,0,0,0,0,0
60,RL,72.0,11050,NoAlley,3.0,Lvl,Inside,2.0,Mitchel,Norm,1Fam,2Story,7,5,1996,1997,Gable,VinylSd,VinylSd,None,0.0,2.0,2.0,PConc,4.0,3.0,2.0,1.0,0.0,1.0,0.0,910.0,910.0,4.0,Y,4.0,910,910,0,1820,0.0,0.0,2,1,3,1,3.0,8,Typ,1,3.0,Attchd,1996.0,1.0,3.0,816.0,3.0,2.0,318,32,0,0,0,0,NoFence,0,9,2008,WD ,Normal,213000,0,1,1,0,1,3,0,0,0,0,0,0,0,0,0,0,0
90,RL,60.0,7200,NoAlley,3.0,Lvl,Inside,2.0,NAmes,Norm,Duplex,1Story,4,5,1949,1950,Gable,BrkFace,Stone,None,0.0,2.0,2.0,Slab,0.0,0.0,0.0,0.0,0.0,0.0,0.0,0.0,0.0,1.0,N,1.0,1040,0,0,1040,0.0,0.0,2,0,2,2,2.0,6,Typ,0,0.0,Detchd,1956.0,1.0,2.0,420.0,3.0,2.0,0,0,0,0,0,0,NoFence,0,6,2009,WD ,Normal,90000,0,0,0,0,1,1,0,0,0,0,0,0,0,0,0,0,0
160,FV,24.0,2280,Pave,3.0,Lvl,Inside,2.0,Somerst,Norm,Twnhs,2Story,6,5,1999,1999,Gable,MetalSd,MetalSd,BrkFace,342.0,2.0,2.0,PConc,4.0,3.0,1.0,6.0,565.0,1.0,0.0,179.0,744.0,3.0,Y,4.0,757,744,0,1501,1.0,0.0,2,1,3,1,2.0,6,Typ,1,3.0,Detchd,1999.0,1.0,2.0,440.0,3.0,2.0,0,0,0,0,0,0,NoFence,0,9,2007,WD ,Normal,176500,0,1,1,0,1,3,0,0,0,0,0,0,0,0,0,0,0
20,RL,53.0,14137,NoAlley,2.0,Lvl,Inside,2.0,Gilbert,Norm,1Fam,1Story,5,5,1996,1997,Gable,HdBoard,HdBoard,None,0.0,3.0,2.0,PConc,4.0,3.0,1.0,6.0,450.0,1.0,0.0,898.0,1348.0,3.0,Y,4.0,1384,0,0,1384,1.0,0.0,2,0,3,1,3.0,7,Typ,0,0.0,Attchd,1996.0,1.0,2.0,404.0,3.0,2.0,0,39,0,0,0,0,NoFence,0,11,2008,WD ,Normal,177900,0,0,1,0,1,2,0,0,0,0,0,0,0,0,0,0,0
20,RL,75.0,9937,NoAlley,3.0,Lvl,Corner,2.0,Edwards,Norm,1Fam,1Story,5,7,1964,1999,Hip,MetalSd,MetalSd,None,0.0,2.0,3.0,PConc,3.0,3.0,1.0,4.0,637.0,1.0,0.0,849.0,1486.0,4.0,Y,4.0,1486,0,0,1486,1.0,0.0,1,0,3,1,2.0,7,Typ,0,0.0,Detchd,1968.0,3.0,2.0,480.0,3.0,2.0,0,0,0,0,0,0,MnPrv,0,3,2009,WD ,Normal,167000,0,0,1,1,1,3,0,0,0,0,0,0,0,0,0,0,0
20,RL,84.0,8658,NoAlley,3.0,Lvl,Inside,2.0,NAmes,Norm,1Fam,1Story,6,5,1965,1965,Gable,Wd Sdng,Wd Sdng,BrkFace,101.0,2.0,2.0,CBlock,3.0,3.0,1.0,3.0,643.0,1.0,0.0,445.0,1088.0,4.0,Y,4.0,1324,0,0,1324,0.0,0.0,2,0,3,1,2.0,6,Typ,1,3.0,Attchd,1965.0,2.0,2.0,440.0,3.0,2.0,0,138,0,0,0,0,GdWo,0,12,2006,WD ,Abnorml,160000,0,1,1,1,1,4,0,0,0,0,0,0,0,0,0,0,0
20,RL,66.0,10235,NoAlley,2.0,Lvl,Inside,2.0,CollgCr,Norm,1Fam,1Story,8,5,2007,2007,Gable,VinylSd,VinylSd,Stone,306.0,3.0,2.0,PConc,4.0,3.0,3.0,1.0,0.0,1.0,0.0,1643.0,1643.0,4.0,Y,4.0,1651,0,0,1651,0.0,0.0,2,0,3,1,3.0,7,Typ,1,4.0,Attchd,2007.0,2.0,3.0,870.0,3.0,2.0,192,64,0,0,0,0,NoFence,0,9,2007,New,Partial,246500,0,1,1,0,1,3,0,0,0,0,0,0,0,0,0,0,0
60,FV,100.0,12552,NoAlley,3.0,Lvl,Corner,2.0,Somerst,Norm,1Fam,2Story,7,5,2004,2005,Gable,VinylSd,VinylSd,None,0.0,3.0,2.0,PConc,4.0,3.0,1.0,6.0,222.0,1.0,0.0,769.0,991.0,4.0,Y,4.0,991,956,0,1947,0.0,0.0,2,1,3,1,3.0,8,Typ,1,4.0,Attchd,2004.0,2.0,2.0,678.0,3.0,2.0,0,136,0,0,0,0,GdWo,0,5,2010,WD ,Normal,254900,0,1,1,1,1,4,0,0,0,0,0,0,0,0,0,0,0
50,RL,74.0,16287,NoAlley,3.0,Lvl,Inside,2.0,Edwards,Norm,1Fam,1.5Fin,5,6,1925,1950,Gable,VinylSd,VinylSd,None,0.0,2.0,3.0,CBlock,3.0,3.0,1.0,5.0,130.0,4.0,105.0,666.0,901.0,2.0,Y,4.0,901,450,0,1351,1.0,0.0,1,0,3,1,2.0,7,Typ,1,4.0,Detchd,1975.0,1.0,2.0,576.0,3.0,0.0,0,0,43,0,100,0,NoFence,0,7,2007,WD ,Normal,122000,0,1,1,0,1,3,0,0,0,0,0,0,0,0,0,0,0
90,RH,60.0,8400,NoAlley,3.0,Lvl,Inside,2.0,SawyerW,Feedr,Duplex,1Story,5,5,1977,1977,Gable,Plywood,Plywood,BrkFace,320.0,2.0,2.0,Slab,0.0,0.0,0.0,0.0,0.0,0.0,0.0,0.0,0.0,2.0,Y,4.0,2020,0,0,2020,0.0,0.0,2,0,4,2,2.0,10,Typ,2,3.0,Detchd,1977.0,1.0,2.0,630.0,3.0,2.0,0,0,0,0,0,0,NoFence,0,10,2007,WD ,Normal,144000,0,1,1,0,1,3,0,0,0,0,0,0,0,0,0,0,0
160,RL,36.0,2448,NoAlley,3.0,Lvl,Inside,2.0,NridgHt,Norm,Twnhs,2Story,7,5,2003,2004,Gable,VinylSd,Wd Shng,Stone,106.0,3.0,2.0,PConc,4.0,3.0,1.0,6.0,573.0,1.0,0.0,191.0,764.0,4.0,Y,4.0,764,862,0,1626,1.0,0.0,2,1,2,1,3.0,6,Typ,0,0.0,BuiltIn,2003.0,2.0,2.0,474.0,3.0,2.0,0,27,0,0,0,0,NoFence,0,10,2008,WD ,Normal,154000,0,0,1,0,1,2,0,0,0,0,0,0,0,0,0,0,0
60,RL,73.0,18450,NoAlley,2.0,Lvl,Inside,2.0,NAmes,Norm,1Fam,2Story,6,5,1965,1979,Flat,Plywood,Plywood,BrkCmn,113.0,2.0,3.0,CBlock,4.0,3.0,1.0,2.0,187.0,3.0,723.0,111.0,1021.0,2.0,Y,4.0,1465,915,0,2380,0.0,0.0,2,1,3,1,2.0,7,Sev,1,1.0,CarPort,1965.0,1.0,2.0,596.0,3.0,2.0,0,265,0,0,0,0,NoFence,0,8,2007,WD ,Abnorml,129000,0,1,1,0,1,3,0,0,0,0,0,0,0,0,0,0,0
30,RL,80.0,8480,NoAlley,3.0,Lvl,Corner,2.0,NAmes,Norm,1Fam,1Story,5,6,1945,1950,Gable,MetalSd,MetalSd,None,0.0,2.0,3.0,CBlock,3.0,3.0,1.0,4.0,700.0,1.0,0.0,93.0,793.0,2.0,Y,4.0,793,0,0,793,1.0,0.0,1,0,2,1,1.0,4,Typ,0,0.0,Detchd,1945.0,1.0,1.0,240.0,3.0,2.0,0,0,0,0,0,0,NoFence,0,8,2009,WD ,Normal,113000,0,0,1,0,1,2,0,0,0,0,0,0,0,0,0,0,0
50,RL,81.0,15593,NoAlley,3.0,Lvl,Corner,2.0,ClearCr,Norm,1Fam,1.5Fin,7,4,1953,1953,Gable,BrkFace,AsbShng,None,0.0,3.0,2.0,CBlock,3.0,3.0,1.0,4.0,603.0,1.0,0.0,701.0,1304.0,2.0,Y,4.0,1304,983,0,2287,0.0,0.0,2,0,3,1,2.0,7,Typ,1,3.0,Attchd,1953.0,3.0,2.0,667.0,3.0,2.0,0,21,114,0,0,0,NoFence,0,7,2006,WD ,Normal,225000,0,1,1,0,1,3,0,0,0,0,0,0,0,0,0,0,0
60,RL,64.0,8396,NoAlley,2.0,Lvl,Inside,2.0,Gilbert,Norm,1Fam,2Story,7,5,2003,2003,Gable,VinylSd,VinylSd,BrkFace,196.0,3.0,2.0,PConc,4.0,3.0,1.0,1.0,0.0,1.0,0.0,847.0,847.0,4.0,Y,4.0,847,1139,0,1986,0.0,0.0,2,1,4,1,3.0,9,Typ,1,4.0,BuiltIn,2003.0,3.0,2.0,434.0,3.0,2.0,120,48,0,0,0,0,NoFence,0,5,2008,WD ,Normal,213000,0,1,1,0,1,3,0,0,0,0,0,0,0,0,0,0,0
60,RL,41.0,12393,NoAlley,1.0,Lvl,FR2,2.0,CollgCr,Norm,1Fam,2Story,7,5,2004,2005,Gable,VinylSd,VinylSd,None,0.0,3.0,2.0,PConc,4.0,3.0,1.0,1.0,0.0,1.0,0.0,847.0,847.0,4.0,Y,4.0,847,1101,0,1948,0.0,0.0,2,1,4,1,3.0,8,Typ,1,4.0,BuiltIn,2004.0,3.0,2.0,434.0,3.0,2.0,100,48,0,0,0,0,NoFence,0,9,2006,WD ,Normal,195000,0,1,1,0,1,3,0,0,0,0,0,0,0,0,0,0,0
20,RL,79.0,11850,NoAlley,3.0,Lvl,FR2,2.0,NWAmes,Norm,1Fam,1Story,6,6,1984,1984,Gable,Plywood,Plywood,BrkFace,98.0,2.0,2.0,CBlock,4.0,3.0,1.0,5.0,781.0,1.0,0.0,372.0,1153.0,2.0,Y,4.0,1177,0,0,1177,0.0,0.0,2,0,3,1,3.0,6,Typ,0,0.0,Attchd,1984.0,3.0,2.0,495.0,3.0,2.0,204,103,0,0,0,0,MnPrv,0,8,2007,WD ,Normal,151500,0,0,1,1,1,3,0,0,0,0,0,0,0,0,0,0,0
120,RL,34.0,3901,NoAlley,3.0,Lvl,Inside,2.0,NridgHt,Norm,Twnhs,1Story,6,5,2005,2006,Gable,VinylSd,VinylSd,Stone,182.0,3.0,2.0,PConc,4.0,3.0,3.0,5.0,866.0,1.0,0.0,436.0,1302.0,4.0,Y,4.0,1302,0,0,1302,1.0,0.0,1,1,1,1,3.0,5,Typ,1,4.0,Attchd,2005.0,2.0,2.0,631.0,3.0,2.0,110,50,0,0,0,0,NoFence,0,8,2007,New,Partial,204000,0,1,1,0,1,3,0,0,0,0,0,0,0,0,0,0,0
70,RM,60.0,6600,NoAlley,3.0,Lvl,Corner,2.0,OldTown,Norm,1Fam,2Story,5,4,1892,1965,Gable,Wd Sdng,Wd Sdng,None,0.0,2.0,2.0,Stone,3.0,3.0,1.0,1.0,0.0,1.0,0.0,994.0,994.0,2.0,N,4.0,1378,994,0,2372,0.0,0.0,2,0,4,2,2.0,11,Min2,0,0.0,Attchd,1985.0,2.0,1.0,432.0,3.0,2.0,0,287,0,0,0,0,NoFence,0,12,2009,WD ,Normal,107500,0,0,0,0,1,1,0,0,0,0,0,0,0,0,0,0,0
60,RL,50.0,13128,NoAlley,2.0,HLS,CulDSac,2.0,Gilbert,Norm,1Fam,2Story,8,5,2005,2005,Gable,VinylSd,VinylSd,BrkFace,216.0,3.0,2.0,PConc,4.0,3.0,1.0,1.0,0.0,1.0,0.0,1074.0,1074.0,4.0,Y,4.0,1074,990,0,2064,0.0,0.0,2,1,4,1,3.0,7,Typ,1,4.0,Attchd,2005.0,3.0,2.0,527.0,3.0,2.0,0,119,0,0,0,0,NoFence,0,1,2006,WD ,Normal,250000,0,1,1,0,1,3,0,0,0,0,0,0,0,0,0,0,0
190,RL,70.0,8425,NoAlley,3.0,Lvl,FR3,2.0,Sawyer,Feedr,2fmCon,1Story,5,6,1971,1990,Gable,HdBoard,HdBoard,None,0.0,2.0,2.0,CBlock,4.0,3.0,3.0,6.0,748.0,1.0,0.0,20.0,768.0,3.0,Y,4.0,868,0,0,868,1.0,0.0,1,0,2,1,2.0,6,Typ,0,0.0,Detchd,1989.0,1.0,2.0,576.0,3.0,2.0,138,0,0,0,0,0,GdPrv,0,5,2007,WD ,Normal,119900,0,0,1,1,1,3,0,0,0,0,0,0,0,0,0,0,0
120,RM,35.0,3907,NoAlley,2.0,HLS,Inside,1.0,Blueste,Norm,TwnhsE,1Story,8,6,1989,1989,Gable,HdBoard,HdBoard,None,0.0,3.0,2.0,CBlock,4.0,3.0,4.0,6.0,747.0,1.0,0.0,235.0,982.0,3.0,Y,4.0,1034,0,0,1034,1.0,0.0,1,0,1,1,3.0,4,Typ,1,3.0,Attchd,1989.0,3.0,2.0,598.0,3.0,2.0,141,36,0,0,0,0,NoFence,0,4,2010,WD ,Normal,185000,0,1,1,0,1,3,0,0,0,0,0,0,0,0,0,0,0
20,RL,85.0,10533,NoAlley,2.0,Lvl,Inside,2.0,NAmes,Norm,1Fam,1Story,6,6,1956,1956,Hip,VinylSd,VinylSd,BrkFace,244.0,2.0,3.0,CBlock,3.0,3.0,1.0,3.0,773.0,1.0,0.0,235.0,1008.0,2.0,Y,4.0,1024,0,0,1024,1.0,0.0,1,0,2,1,3.0,5,Typ,2,3.0,Attchd,1956.0,1.0,1.0,313.0,3.0,2.0,0,0,0,0,280,0,NoFence,0,8,2006,WD ,Normal,157500,0,1,1,0,1,3,0,0,0,0,0,0,0,0,0,0,0
20,RL,80.0,9600,NoAlley,3.0,Lvl,Inside,2.0,NAmes,Norm,1Fam,1Story,5,6,1961,1990,Gable,WdShing,Wd Shng,None,0.0,2.0,2.0,CBlock,3.0,3.0,2.0,4.0,915.0,1.0,0.0,336.0,1251.0,2.0,Y,4.0,1433,0,0,1433,1.0,0.0,1,0,3,1,2.0,7,Min1,1,4.0,Attchd,1961.0,1.0,2.0,441.0,3.0,2.0,144,0,205,0,0,0,NoFence,0,6,2006,WD ,Normal,161000,0,1,1,0,1,3,0,0,0,0,0,0,0,0,0,0,0
30,RM,62.0,7404,NoAlley,3.0,Lvl,Corner,2.0,OldTown,Norm,1Fam,1Story,4,6,1920,1950,Gable,MetalSd,MetalSd,None,0.0,2.0,2.0,BrkTil,2.0,3.0,1.0,1.0,0.0,1.0,0.0,861.0,861.0,2.0,Y,4.0,861,0,0,861,0.0,0.0,1,0,2,1,2.0,5,Typ,0,0.0,Detchd,1920.0,1.0,2.0,288.0,3.0,0.0,0,0,128,0,0,0,NoFence,0,11,2009,Oth,Normal,80000,0,0,1,0,1,2,0,0,0,0,0,0,0,0,0,0,0
20,RL,60.0,7024,NoAlley,3.0,Lvl,Inside,2.0,Edwards,Norm,1Fam,1Story,4,5,2005,2005,Gable,VinylSd,VinylSd,None,0.0,2.0,2.0,PConc,4.0,3.0,1.0,6.0,1024.0,1.0,0.0,108.0,1132.0,4.0,Y,4.0,1132,0,0,1132,1.0,0.0,1,1,2,1,3.0,5,Typ,0,0.0,Attchd,2005.0,3.0,2.0,451.0,3.0,2.0,252,64,0,0,0,0,NoFence,0,6,2008,WD ,Normal,176000,0,0,1,0,1,2,0,0,0,0,0,0,0,0,0,0,0
20,RL,60.0,8250,NoAlley,3.0,Lvl,Corner,2.0,NAmes,Norm,1Fam,1Story,5,7,1963,1963,Gable,MetalSd,MetalSd,None,0.0,2.0,2.0,CBlock,3.0,3.0,1.0,5.0,288.0,1.0,0.0,765.0,1053.0,3.0,Y,4.0,1053,0,0,1053,1.0,0.0,1,0,3,1,3.0,6,Typ,0,0.0,2Types,1994.0,2.0,2.0,692.0,3.0,2.0,240,0,0,0,109,0,NoFence,0,7,2007,WD ,Normal,142100,0,0,1,0,1,2,0,0,0,0,0,0,0,0,0,0,0
20,RL,92.0,10573,NoAlley,2.0,Lvl,Corner,2.0,NAmes,Norm,1Fam,1Story,6,6,1961,1961,Hip,MetalSd,MetalSd,BrkFace,3.0,2.0,2.0,CBlock,3.0,3.0,1.0,3.0,1312.0,1.0,0.0,141.0,1453.0,4.0,Y,4.0,1453,0,0,1453,1.0,0.0,2,0,3,1,2.0,6,Typ,1,3.0,Attchd,1961.0,2.0,2.0,530.0,3.0,2.0,0,49,0,0,288,0,GdPrv,0,4,2009,WD ,Normal,187500,0,1,1,1,1,4,0,0,0,0,0,0,0,0,0,0,0
50,RM,51.0,6120,NoAlley,3.0,Lvl,Inside,2.0,BrkSide,Norm,1Fam,1.5Fin,4,7,1935,1995,Gable,AsbShng,AsbShng,None,0.0,2.0,2.0,BrkTil,3.0,3.0,1.0,1.0,0.0,1.0,0.0,884.0,884.0,4.0,Y,4.0,989,584,0,1573,0.0,0.0,1,0,3,1,3.0,6,Typ,0,0.0,Detchd,1935.0,1.0,1.0,240.0,3.0,2.0,0,0,54,0,120,0,NoFence,0,7,2009,WD ,Normal,133000,0,0,1,0,1,2,0,0,0,0,0,0,0,0,0,0,0
50,RM,52.0,6240,NoAlley,3.0,Lvl,Inside,2.0,BrkSide,Norm,1Fam,1.5Fin,6,6,1931,1950,Gable,Wd Sdng,Wd Sdng,None,0.0,2.0,2.0,BrkTil,3.0,2.0,1.0,2.0,425.0,1.0,0.0,459.0,884.0,2.0,Y,3.0,959,408,0,1367,0.0,0.0,1,0,3,1,2.0,6,Typ,1,4.0,Detchd,1978.0,1.0,1.0,560.0,3.0,2.0,0,0,0,0,120,0,NoFence,0,11,2007,WD ,Normal,127500,0,1,1,0,1,3,0,0,0,0,0,0,0,0,0,0,0
20,RM,60.0,7200,Grvl,3.0,Lvl,Inside,2.0,OldTown,Norm,1Fam,1Story,4,5,1950,1950,Gable,MetalSd,MetalSd,None,0.0,2.0,2.0,CBlock,3.0,3.0,1.0,1.0,0.0,1.0,0.0,576.0,576.0,4.0,Y,4.0,864,0,0,864,0.0,0.0,1,0,2,1,2.0,5,Typ,0,0.0,Detchd,1952.0,2.0,1.0,528.0,3.0,2.0,0,0,0,0,115,0,NoFence,0,8,2006,COD,Normal,105000,0,0,1,0,1,2,0,0,0,0,0,0,0,0,0,0,0
60,RL,63.0,10928,NoAlley,3.0,Lvl,Inside,2.0,Gilbert,RRAn,1Fam,2Story,7,5,2005,2005,Gable,VinylSd,VinylSd,None,0.0,3.0,2.0,PConc,4.0,4.0,1.0,1.0,0.0,1.0,0.0,728.0,728.0,4.0,Y,4.0,728,728,0,1456,0.0,0.0,2,1,3,1,3.0,8,Typ,1,4.0,Attchd,2005.0,3.0,2.0,390.0,3.0,2.0,100,0,0,0,0,0,NoFence,0,6,2009,WD ,Normal,184000,0,1,1,0,1,3,0,0,0,0,0,0,0,0,0,0,0
60,FV,65.0,8127,NoAlley,2.0,Lvl,Inside,2.0,Somerst,Norm,1Fam,2Story,7,5,2003,2003,Gable,VinylSd,VinylSd,None,0.0,3.0,2.0,PConc,4.0,3.0,1.0,6.0,410.0,1.0,0.0,402.0,812.0,4.0,Y,4.0,812,841,0,1653,1.0,0.0,2,1,3,1,3.0,6,Typ,0,0.0,Attchd,2003.0,2.0,2.0,628.0,3.0,2.0,0,45,0,0,0,0,NoFence,0,3,2009,WD ,Normal,209000,0,0,1,0,1,2,0,0,0,0,0,0,0,0,0,0,0
120,RL,55.0,7892,NoAlley,3.0,Lvl,Inside,2.0,SawyerW,Norm,TwnhsE,1Story,6,5,1979,1979,Gable,Plywood,Plywood,None,0.0,2.0,2.0,CBlock,4.0,3.0,1.0,1.0,0.0,1.0,0.0,918.0,918.0,2.0,Y,4.0,918,0,0,918,0.0,0.0,2,0,2,1,2.0,5,Typ,1,3.0,Attchd,1979.0,1.0,1.0,264.0,3.0,2.0,28,0,0,0,0,0,NoFence,0,4,2010,WD ,Normal,99500,0,1,1,0,1,3,0,0,0,0,0,0,0,0,0,0,0
60,RL,59.0,15810,NoAlley,2.0,Lvl,Inside,2.0,Gilbert,RRAn,1Fam,2Story,6,5,2007,2007,Gable,VinylSd,VinylSd,None,0.0,3.0,2.0,CBlock,4.0,3.0,1.0,1.0,0.0,1.0,0.0,768.0,768.0,4.0,Y,4.0,768,728,0,1496,0.0,0.0,3,0,3,1,3.0,7,Typ,0,0.0,Attchd,2007.0,1.0,2.0,572.0,3.0,2.0,100,0,0,0,0,0,NoFence,0,5,2007,New,Partial,181755,0,0,1,0,1,2,0,0,0,0,0,0,0,0,0,0,1
120,RL,50.0,7175,NoAlley,3.0,Lvl,Inside,2.0,SawyerW,Norm,TwnhsE,1Story,6,5,1990,1991,Gable,Plywood,ImStucc,None,0.0,3.0,2.0,PConc,4.0,3.0,1.0,1.0,0.0,1.0,0.0,1332.0,1332.0,3.0,Y,4.0,1332,0,0,1332,0.0,0.0,2,0,2,1,3.0,5,Typ,0,0.0,Attchd,1990.0,2.0,2.0,542.0,3.0,2.0,0,60,0,0,0,0,NoFence,0,2,2009,WD ,Normal,145000,0,0,1,0,1,2,0,0,0,0,0,0,0,0,0,0,0
50,RL,64.0,13053,Pave,3.0,Bnk,Inside,2.0,BrkSide,Norm,1Fam,1.5Fin,6,7,1923,2000,Gambrel,Wd Sdng,Wd Sdng,None,0.0,2.0,2.0,BrkTil,3.0,3.0,1.0,1.0,0.0,1.0,0.0,833.0,833.0,3.0,Y,4.0,1053,795,0,1848,0.0,0.0,1,1,4,1,3.0,8,Typ,1,4.0,Detchd,1922.0,1.0,2.0,370.0,3.0,0.0,0,0,0,0,220,0,NoFence,0,6,2008,WD ,Normal,207000,0,1,1,0,1,3,0,0,0,0,0,0,0,0,0,0,0
60,FV,65.0,8125,NoAlley,3.0,Lvl,Inside,2.0,Somerst,Norm,1Fam,2Story,6,5,2005,2005,Gable,VinylSd,VinylSd,None,0.0,3.0,2.0,PConc,4.0,3.0,1.0,1.0,0.0,1.0,0.0,858.0,858.0,4.0,Y,4.0,858,858,0,1716,0.0,0.0,2,1,3,1,3.0,7,Typ,0,0.0,Attchd,2005.0,2.0,2.0,615.0,3.0,2.0,0,53,0,0,0,0,NoFence,0,2,2006,WD ,Normal,200825,0,0,1,0,1,2,0,0,0,0,0,0,0,0,0,0,0
50,RM,63.0,4347,NoAlley,3.0,Lvl,Inside,2.0,OldTown,Norm,1Fam,1.5Fin,6,8,1910,1950,Gambrel,MetalSd,MetalSd,None,0.0,3.0,2.0,BrkTil,4.0,4.0,1.0,1.0,0.0,1.0,0.0,796.0,796.0,4.0,Y,4.0,825,784,0,1609,0.0,0.0,1,0,3,1,2.0,7,Typ,0,0.0,Detchd,1910.0,1.0,1.0,228.0,2.0,0.0,0,182,0,0,0,0,NoFence,0,6,2008,WD ,Normal,127500,0,0,1,0,1,2,0,0,0,0,0,0,0,0,0,0,0
75,RM,90.0,22950,NoAlley,1.0,Lvl,Inside,2.0,OldTown,Artery,1Fam,2.5Fin,10,9,1892,1993,Gable,Wd Sdng,Wd Sdng,None,0.0,3.0,3.0,BrkTil,3.0,3.0,2.0,1.0,0.0,1.0,0.0,1107.0,1107.0,4.0,Y,4.0,1518,1518,572,3608,0.0,0.0,2,1,4,1,4.0,12,Typ,2,3.0,Detchd,1993.0,1.0,3.0,840.0,5.0,2.0,0,260,0,0,410,0,GdPrv,0,6,2006,WD ,Normal,475000,0,1,1,1,1,4,0,0,0,0,0,0,0,0,0,0,0
70,RL,80.0,8146,NoAlley,3.0,Lvl,Corner,2.0,OldTown,Norm,1Fam,2Story,4,8,1900,2003,Gable,MetalSd,MetalSd,None,0.0,3.0,3.0,BrkTil,2.0,3.0,1.0,1.0,0.0,1.0,0.0,405.0,405.0,3.0,Y,4.0,717,322,0,1039,0.0,0.0,1,0,2,1,2.0,6,Typ,0,0.0,Detchd,1940.0,1.0,1.0,281.0,3.0,0.0,0,0,168,0,111,0,NoFence,0,5,2009,WD ,Normal,114000,0,0,1,0,1,2,0,0,0,0,0,0,0,0,0,0,0
20,RL,71.0,9178,NoAlley,3.0,Lvl,Inside,2.0,CollgCr,Norm,1Fam,1Story,8,5,2007,2007,Gable,VinylSd,VinylSd,Stone,306.0,3.0,2.0,PConc,4.0,3.0,3.0,1.0,0.0,1.0,0.0,1643.0,1643.0,4.0,Y,4.0,1651,0,0,1651,0.0,0.0,2,0,3,1,3.0,7,Typ,1,4.0,Attchd,2007.0,3.0,3.0,870.0,3.0,2.0,204,64,0,0,0,0,NoFence,0,9,2007,New,Partial,250000,0,1,1,0,1,3,0,0,0,0,0,0,0,0,0,0,0
20,RL,76.0,6950,NoAlley,2.0,Lvl,Inside,2.0,CollgCr,Norm,1Fam,1Story,5,7,1979,1979,Gable,HdBoard,HdBoard,BrkFace,40.0,2.0,2.0,CBlock,3.0,3.0,1.0,5.0,710.0,4.0,72.0,132.0,914.0,2.0,Y,4.0,914,0,0,914,1.0,0.0,1,0,2,1,2.0,5,Typ,0,0.0,Attchd,1979.0,1.0,2.0,444.0,3.0,2.0,0,0,0,0,0,0,NoFence,0,10,2009,WD ,Normal,134900,0,0,1,0,1,2,0,0,0,0,0,0,0,0,0,0,0
20,RL,74.0,9612,NoAlley,3.0,Lvl,Inside,2.0,Somerst,Feedr,1Fam,1Story,8,5,2008,2009,Gable,VinylSd,VinylSd,Stone,72.0,3.0,2.0,PConc,4.0,3.0,1.0,1.0,0.0,1.0,0.0,1468.0,1468.0,4.0,Y,4.0,1468,0,0,1468,0.0,0.0,2,0,3,1,3.0,6,Typ,1,4.0,Attchd,2008.0,3.0,3.0,898.0,3.0,2.0,210,150,0,0,0,0,NoFence,0,12,2009,New,Partial,244600,0,1,1,0,1,3,0,0,0,0,0,0,0,0,0,0,0
20,RL,80.0,8800,NoAlley,3.0,Lvl,Inside,2.0,NAmes,Norm,1Fam,1Story,7,6,1966,1966,Hip,HdBoard,Plywood,BrkFace,202.0,2.0,2.0,CBlock,3.0,3.0,1.0,4.0,654.0,1.0,0.0,520.0,1174.0,4.0,Y,4.0,1200,0,0,1200,0.0,1.0,2,0,3,1,2.0,6,Typ,1,3.0,Attchd,1966.0,2.0,2.0,440.0,3.0,2.0,0,0,0,0,0,0,MnPrv,0,10,2007,CWD,Normal,163500,0,1,1,1,1,4,0,0,0,0,0,0,0,0,0,0,0
60,RL,121.0,16059,NoAlley,3.0,Lvl,Corner,2.0,NoRidge,Norm,1Fam,2Story,8,5,1991,1992,Hip,HdBoard,HdBoard,BrkFace,284.0,3.0,2.0,CBlock,4.0,3.0,1.0,1.0,0.0,1.0,0.0,1288.0,1288.0,4.0,Y,4.0,1301,1116,0,2417,0.0,0.0,2,1,4,1,3.0,9,Typ,1,3.0,Attchd,1991.0,1.0,2.0,462.0,3.0,2.0,127,82,0,0,0,0,NoFence,0,4,2006,WD ,Normal,260000,0,1,1,0,1,3,0,0,0,0,0,0,0,0,0,0,0
20,RL,80.0,9600,NoAlley,3.0,Lvl,FR2,2.0,Veenker,Feedr,1Fam,1Story,6,8,1976,1976,Gable,MetalSd,MetalSd,None,0.0,2.0,2.0,CBlock,4.0,3.0,4.0,5.0,978.0,1.0,0.0,284.0,1262.0,4.0,Y,4.0,1262,0,0,1262,0.0,1.0,2,0,3,1,2.0,6,Typ,1,3.0,Attchd,1976.0,2.0,2.0,460.0,3.0,2.0,298,0,0,0,0,0,NoFence,0,5,2007,WD ,Normal,181500,0,1,1,0,1,3,0,0,0,0,0,0,0,0,0,0,0
120,RL,48.0,3480,NoAlley,3.0,Lvl,Inside,2.0,NridgHt,Norm,TwnhsE,1Story,7,5,2003,2003,Gable,VinylSd,VinylSd,Stone,163.0,3.0,2.0,PConc,4.0,3.0,1.0,1.0,0.0,1.0,0.0,1405.0,1405.0,4.0,Y,4.0,1405,0,0,1405,0.0,0.0,2,0,2,1,3.0,6,Typ,1,3.0,Attchd,2003.0,2.0,2.0,478.0,3.0,2.0,148,36,0,0,0,0,NoFence,0,11,2009,WD ,Normal,173000,0,1,1,0,1,3,0,0,0,0,0,0,0,0,0,0,0
20,RL,70.0,18044,NoAlley,2.0,HLS,CulDSac,2.0,Crawfor,Norm,1Fam,1Story,8,5,1986,1986,Gable,WdShing,Plywood,None,0.0,3.0,2.0,CBlock,4.0,3.0,1.0,1.0,0.0,1.0,0.0,279.0,279.0,3.0,Y,4.0,2726,0,0,2726,0.0,0.0,2,1,2,1,3.0,6,Typ,1,4.0,Attchd,1986.0,3.0,2.0,691.0,4.0,2.0,216,64,169,0,0,228,NoFence,0,8,2007,WD ,Normal,315000,1,1,1,0,1,4,0,0,0,0,0,0,0,0,0,0,0
60,FV,75.0,9000,NoAlley,3.0,Lvl,Inside,2.0,Somerst,Norm,1Fam,2Story,8,5,2007,2007,Gable,CemntBd,CmentBd,None,0.0,3.0,2.0,PConc,4.0,3.0,3.0,6.0,64.0,1.0,0.0,1120.0,1184.0,4.0,Y,4.0,1184,1426,0,2610,0.0,0.0,2,1,4,1,4.0,11,Typ,1,4.0,BuiltIn,2007.0,3.0,2.0,550.0,3.0,2.0,208,364,0,0,0,0,NoFence,0,8,2007,New,Partial,303477,0,1,1,0,1,3,0,0,0,0,0,0,0,0,0,0,0
20,RM,69.0,5805,Grvl,3.0,Bnk,Inside,1.0,OldTown,Norm,1Fam,1Story,5,7,1957,1957,Hip,MetalSd,MetalSd,None,0.0,2.0,2.0,CBlock,3.0,3.0,2.0,4.0,274.0,3.0,1073.0,0.0,1347.0,3.0,Y,4.0,1347,0,0,1347,1.0,1.0,1,0,3,1,3.0,6,Typ,0,0.0,Detchd,1957.0,1.0,2.0,551.0,3.0,2.0,0,0,0,0,0,0,NoFence,0,6,2010,WD ,Normal,143000,0,0,1,0,1,2,0,0,0,0,0,0,0,0,0,0,0
60,RL,60.0,17433,NoAlley,1.0,Lvl,CulDSac,2.0,NoRidge,Norm,1Fam,2Story,8,5,1998,1998,Hip,VinylSd,VinylSd,BrkFace,114.0,3.0,2.0,PConc,5.0,3.0,1.0,1.0,0.0,1.0,0.0,1629.0,1629.0,4.0,Y,4.0,1645,830,0,2475,0.0,0.0,2,1,4,1,3.0,7,Typ,1,3.0,Attchd,1998.0,3.0,3.0,962.0,3.0,2.0,23,172,0,0,256,0,NoFence,0,1,2010,WD ,Normal,355000,0,1,1,0,1,3,0,0,0,0,0,0,0,0,0,0,0
20,RL,80.0,10400,NoAlley,3.0,Lvl,Corner,2.0,NAmes,Norm,1Fam,1Story,4,5,1956,1956,Gable,Plywood,Plywood,None,0.0,2.0,2.0,CBlock,3.0,3.0,1.0,3.0,155.0,2.0,750.0,295.0,1200.0,2.0,Y,4.0,1200,0,0,1200,1.0,0.0,1,0,3,1,2.0,6,Typ,2,4.0,Attchd,1956.0,1.0,1.0,294.0,3.0,2.0,0,189,140,0,0,0,NoFence,0,11,2009,WD ,Family,144000,0,1,1,0,1,3,0,0,0,0,0,0,0,0,0,0,0
20,RL,74.0,8499,NoAlley,2.0,Lvl,Corner,2.0,Sawyer,Feedr,1Fam,1Story,5,6,1961,1961,Gable,MetalSd,MetalSd,None,0.0,2.0,2.0,CBlock,3.0,3.0,1.0,6.0,660.0,1.0,0.0,204.0,864.0,4.0,Y,4.0,864,0,0,864,1.0,0.0,1,0,3,1,2.0,5,Typ,0,0.0,Detchd,1982.0,1.0,2.0,732.0,3.0,2.0,0,312,0,0,0,0,NoFence,0,6,2009,WD ,Normal,141000,0,0,1,0,1,2,0,0,0,0,0,0,0,0,0,0,0
50,RM,75.0,9000,NoAlley,3.0,Lvl,Inside,2.0,IDOTRR,Norm,1Fam,1.5Fin,5,5,1958,1958,Gable,WdShing,Wd Shng,BrkFace,162.0,2.0,2.0,CBlock,3.0,3.0,1.0,5.0,330.0,1.0,0.0,821.0,1151.0,3.0,Y,3.0,1151,804,0,1955,0.0,0.0,2,0,4,1,2.0,7,Typ,0,0.0,Attchd,1958.0,3.0,1.0,356.0,3.0,2.0,0,0,0,0,0,0,NoFence,0,1,2008,WD ,Normal,165500,0,0,1,0,1,2,0,0,0,0,0,0,0,0,0,0,0
160,RL,36.0,2628,NoAlley,3.0,Lvl,Inside,2.0,NridgHt,Norm,Twnhs,2Story,7,5,2003,2003,Gable,VinylSd,Wd Shng,Stone,106.0,3.0,2.0,PConc,4.0,3.0,1.0,1.0,0.0,1.0,0.0,764.0,764.0,4.0,Y,4.0,764,862,0,1626,0.0,0.0,2,1,2,1,3.0,6,Typ,0,0.0,BuiltIn,2003.0,2.0,2.0,474.0,3.0,2.0,0,27,0,0,0,0,NoFence,0,6,2010,WD ,Normal,175500,0,0,1,0,1,2,0,0,0,0,0,0,0,0,0,0,0
20,RL,80.0,10960,NoAlley,2.0,Lvl,Inside,2.0,NWAmes,Norm,1Fam,1Story,6,5,1984,1984,Hip,HdBoard,HdBoard,None,0.0,2.0,2.0,CBlock,4.0,3.0,1.0,6.0,256.0,1.0,0.0,1028.0,1284.0,2.0,Y,4.0,1284,0,0,1284,1.0,0.0,2,0,3,1,2.0,5,Typ,0,0.0,Attchd,1984.0,1.0,2.0,480.0,3.0,2.0,0,0,192,0,0,0,NoFence,0,4,2007,COD,Abnorml,174000,0,0,1,0,1,2,0,0,0,0,0,0,0,0,0,0,0
60,RL,85.0,9350,NoAlley,3.0,Lvl,Inside,2.0,NAmes,Norm,1Fam,2Story,5,6,1964,1964,Gable,HdBoard,HdBoard,None,0.0,2.0,2.0,CBlock,3.0,3.0,1.0,5.0,360.0,1.0,0.0,360.0,720.0,3.0,Y,4.0,720,720,0,1440,0.0,0.0,1,1,4,1,2.0,7,Typ,1,1.0,Attchd,1964.0,3.0,2.0,480.0,3.0,2.0,0,32,240,0,0,0,NoFence,0,7,2006,WD ,Normal,157500,0,1,1,0,1,3,0,0,0,0,0,0,0,0,0,0,0
80,RL,85.0,9350,NoAlley,3.0,Lvl,Inside,2.0,NAmes,Norm,1Fam,SLvl,6,7,1964,1991,Hip,HdBoard,HdBoard,BrkFace,108.0,2.0,2.0,CBlock,4.0,3.0,4.0,2.0,270.0,5.0,580.0,452.0,1302.0,4.0,Y,4.0,1302,0,0,1302,0.0,1.0,2,0,3,1,3.0,7,Min1,0,0.0,Attchd,1964.0,2.0,1.0,309.0,3.0,2.0,333,0,0,0,0,0,MnPrv,0,10,2007,CWD,Normal,158000,0,0,1,1,1,3,0,0,0,0,0,0,0,0,0,0,0
120,RL,41.0,7132,NoAlley,2.0,Lvl,Inside,2.0,NridgHt,Norm,TwnhsE,1Story,8,5,2006,2006,Gable,VinylSd,VinylSd,Stone,178.0,3.0,2.0,PConc,4.0,3.0,2.0,6.0,24.0,1.0,0.0,1346.0,1370.0,4.0,Y,4.0,1370,0,0,1370,0.0,0.0,2,0,2,1,3.0,6,Typ,1,4.0,Attchd,2006.0,2.0,2.0,484.0,3.0,2.0,120,49,0,0,0,0,NoFence,0,4,2010,WD ,Normal,205000,0,1,1,0,1,3,0,0,0,0,0,0,0,0,0,0,0
120,RL,24.0,2280,NoAlley,3.0,Lvl,FR2,2.0,NPkVill,Norm,Twnhs,1Story,7,7,1976,1976,Gable,Plywood,Brk Cmn,None,0.0,2.0,2.0,CBlock,3.0,3.0,1.0,5.0,120.0,4.0,492.0,443.0,1055.0,2.0,Y,4.0,1055,0,0,1055,1.0,0.0,2,0,2,1,2.0,4,Typ,0,0.0,Attchd,1976.0,1.0,1.0,319.0,3.0,2.0,0,29,0,0,0,0,NoFence,0,4,2006,WD ,Normal,137500,0,0,1,0,1,2,0,0,0,0,0,0,0,0,0,0,0
60,RL,99.0,12099,NoAlley,2.0,Lvl,Inside,2.0,NridgHt,Norm,1Fam,2Story,8,5,2004,2004,Gable,VinylSd,VinylSd,BrkFace,388.0,3.0,2.0,PConc,5.0,3.0,3.0,6.0,970.0,1.0,0.0,166.0,1136.0,4.0,Y,4.0,1136,1332,0,2468,1.0,0.0,2,1,4,1,3.0,10,Typ,1,4.0,BuiltIn,2004.0,3.0,3.0,872.0,3.0,2.0,184,154,0,0,0,0,NoFence,0,6,2007,WD ,Normal,354000,0,1,1,0,1,3,0,0,0,0,0,0,0,0,0,0,0
20,RL,80.0,11040,NoAlley,3.0,Lvl,Inside,2.0,NWAmes,Norm,1Fam,1Story,6,7,1971,2004,Gable,VinylSd,VinylSd,BrkFace,144.0,3.0,3.0,CBlock,3.0,3.0,1.0,5.0,656.0,1.0,0.0,602.0,1258.0,4.0,Y,4.0,1258,0,0,1258,0.0,1.0,2,0,3,1,3.0,5,Typ,0,0.0,Attchd,1971.0,2.0,2.0,528.0,3.0,2.0,55,0,0,216,0,0,NoFence,0,10,2008,COD,Abnorml,145000,0,0,1,0,1,2,0,0,0,0,0,0,0,0,0,0,0
30,RL,60.0,10230,Grvl,3.0,Lvl,Inside,2.0,OldTown,Norm,1Fam,1Story,5,7,1925,1950,Gable,MetalSd,MetalSd,None,0.0,2.0,2.0,BrkTil,3.0,3.0,1.0,1.0,0.0,1.0,0.0,1054.0,1054.0,4.0,Y,4.0,1078,0,0,1078,0.0,0.0,1,0,3,1,4.0,6,Typ,0,0.0,Detchd,1987.0,1.0,1.0,264.0,3.0,0.0,0,0,0,0,112,0,GdWo,0,12,2009,WD ,Normal,125000,0,0,1,1,1,3,0,0,0,0,0,0,0,0,0,0,0
120,RL,22.0,11064,NoAlley,1.0,Lvl,CulDSac,2.0,Veenker,Norm,TwnhsE,1Story,8,5,1995,1995,Hip,BrkFace,BrkFace,None,0.0,3.0,2.0,PConc,4.0,3.0,4.0,2.0,560.0,6.0,670.0,0.0,1230.0,4.0,Y,4.0,1239,0,0,1239,1.0,0.0,1,1,1,1,3.0,4,Typ,1,2.0,Attchd,1995.0,3.0,2.0,477.0,3.0,2.0,172,24,0,0,0,0,NoFence,0,8,2008,WD ,Normal,217500,0,1,1,0,1,3,0,0,0,0,0,0,0,0,0,0,0
80,RL,62.0,7706,NoAlley,3.0,Lvl,Inside,2.0,Mitchel,Norm,1Fam,SLvl,6,5,1993,1996,Gable,HdBoard,HdBoard,None,0.0,2.0,3.0,CBlock,4.0,3.0,3.0,3.0,114.0,6.0,270.0,0.0,384.0,4.0,Y,4.0,1091,0,0,1091,0.0,1.0,1,0,2,1,2.0,5,Typ,0,0.0,Attchd,1993.0,3.0,1.0,429.0,3.0,2.0,280,0,0,0,0,0,NoFence,700,8,2009,WD ,Normal,131250,0,0,1,0,1,2,0,0,0,0,0,0,0,0,0,0,0
160,FV,24.0,2160,Pave,3.0,Lvl,Inside,2.0,Somerst,Norm,Twnhs,2Story,7,5,1999,2000,Gable,MetalSd,MetalSd,BrkFace,212.0,3.0,2.0,PConc,4.0,3.0,1.0,4.0,510.0,1.0,0.0,90.0,600.0,4.0,Y,4.0,624,628,0,1252,1.0,0.0,2,1,2,1,3.0,4,Typ,0,0.0,Detchd,1999.0,1.0,2.0,462.0,3.0,2.0,0,48,0,0,0,0,NoFence,0,3,2008,WD ,Normal,160000,0,0,1,0,1,2,0,0,0,0,0,0,0,0,0,0,0
20,RL,65.0,8450,NoAlley,3.0,Lvl,Inside,2.0,NAmes,Norm,1Fam,1Story,5,6,1968,1968,Gable,VinylSd,VinylSd,None,0.0,2.0,2.0,CBlock,3.0,3.0,1.0,4.0,775.0,1.0,0.0,281.0,1056.0,4.0,Y,4.0,1056,0,0,1056,1.0,0.0,1,0,3,1,2.0,6,Typ,1,2.0,Attchd,1968.0,1.0,1.0,304.0,3.0,2.0,0,85,184,0,0,0,NoFence,0,7,2010,WD ,Normal,142000,0,1,1,0,1,3,0,0,0,0,0,0,0,0,0,0,0
85,RL,57.0,8846,NoAlley,2.0,Lvl,CulDSac,2.0,CollgCr,Norm,1Fam,SFoyer,5,5,1996,1996,Gable,VinylSd,VinylSd,None,0.0,3.0,2.0,PConc,4.0,3.0,3.0,6.0,298.0,1.0,0.0,572.0,870.0,4.0,Y,4.0,914,0,0,914,0.0,0.0,1,0,2,1,2.0,5,Typ,0,0.0,Detchd,1998.0,1.0,2.0,576.0,3.0,2.0,0,0,0,0,0,0,NoFence,0,7,2006,WD ,Normal,148000,0,0,1,0,1,2,0,0,0,0,0,0,0,0,0,0,0
60,RL,72.0,11317,NoAlley,3.0,Lvl,Inside,2.0,CollgCr,Norm,1Fam,2Story,7,5,2003,2003,Gable,VinylSd,VinylSd,BrkFace,101.0,3.0,2.0,PConc,4.0,3.0,1.0,1.0,0.0,1.0,0.0,840.0,840.0,4.0,Y,4.0,840,828,0,1668,0.0,0.0,2,1,3,1,3.0,8,Typ,0,0.0,Attchd,2003.0,2.0,2.0,500.0,3.0,2.0,144,68,0,0,0,0,NoFence,0,9,2007,WD ,Normal,180000,0,0,1,0,1,2,0,0,0,0,0,0,0,0,0,0,0
60,RL,68.0,8286,NoAlley,2.0,Lvl,Corner,2.0,Mitchel,Norm,1Fam,2Story,5,7,1977,1977,Gable,Plywood,Plywood,None,0.0,2.0,2.0,PConc,4.0,3.0,1.0,3.0,531.0,1.0,0.0,185.0,716.0,4.0,Y,4.0,716,716,0,1432,1.0,0.0,1,1,3,1,2.0,6,Typ,1,4.0,Attchd,1977.0,3.0,2.0,531.0,3.0,2.0,0,136,0,0,240,0,GdPrv,0,6,2007,WD ,Normal,157000,0,1,1,1,1,4,0,0,0,0,0,0,0,0,0,0,0
20,RL,65.0,6768,NoAlley,2.0,Lvl,Inside,2.0,Sawyer,Feedr,1Fam,1Story,6,8,1961,1996,Hip,HdBoard,HdBoard,None,0.0,2.0,3.0,CBlock,3.0,3.0,2.0,6.0,832.0,1.0,0.0,80.0,912.0,3.0,Y,4.0,912,0,0,912,1.0,1.0,1,0,3,1,3.0,5,Typ,0,0.0,Detchd,1962.0,1.0,1.0,288.0,3.0,2.0,168,0,0,0,0,0,GdPrv,0,5,2008,WD ,Normal,142000,0,0,1,1,1,3,0,0,0,0,0,0,0,0,0,0,0
50,RL,60.0,8850,Pave,3.0,Bnk,Inside,2.0,BrkSide,Norm,1Fam,1.5Fin,6,7,1920,1950,Gable,Wd Sdng,Wd Shng,None,0.0,2.0,3.0,PConc,3.0,3.0,1.0,1.0,0.0,1.0,0.0,768.0,768.0,4.0,Y,4.0,752,624,0,1376,0.0,0.0,1,0,3,1,3.0,7,Typ,0,0.0,Detchd,1977.0,1.0,2.0,576.0,3.0,1.0,0,54,144,0,0,0,NoFence,0,2,2007,WD ,Normal,165000,0,0,1,0,1,2,0,0,0,0,0,0,0,0,0,0,0
60,FV,75.0,8004,NoAlley,2.0,Lvl,Inside,2.0,Somerst,RRAn,1Fam,2Story,8,5,2009,2009,Gable,VinylSd,VinylSd,Stone,110.0,3.0,2.0,PConc,4.0,3.0,1.0,6.0,544.0,1.0,0.0,288.0,832.0,4.0,Y,4.0,832,1103,0,1935,1.0,0.0,2,1,3,1,2.0,8,Typ,0,0.0,BuiltIn,2009.0,3.0,2.0,552.0,3.0,2.0,0,150,0,0,0,0,NoFence,0,12,2009,New,Partial,263435,0,0,1,0,1,2,0,0,0,0,0,0,0,0,0,0,0
20,RM,50.0,6000,NoAlley,3.0,Lvl,Inside,2.0,OldTown,Norm,1Fam,1Story,5,6,1957,1957,Hip,BrkFace,BrkFace,None,0.0,2.0,2.0,CBlock,3.0,3.0,1.0,3.0,308.0,1.0,0.0,620.0,928.0,3.0,Y,3.0,928,0,0,928,0.0,0.0,1,0,3,1,2.0,5,Typ,0,0.0,Attchd,1957.0,3.0,1.0,288.0,3.0,2.0,0,0,0,0,0,0,NoFence,0,6,2008,WD ,Normal,112500,0,0,1,0,1,2,0,0,0,0,0,0,0,0,0,0,0
20,RL,70.0,17871,NoAlley,1.0,Lvl,Inside,2.0,Crawfor,Norm,1Fam,1Story,4,5,1995,1996,Gable,VinylSd,VinylSd,None,0.0,2.0,2.0,PConc,4.0,3.0,1.0,1.0,0.0,1.0,0.0,1680.0,1680.0,3.0,Y,4.0,1680,0,0,1680,0.0,0.0,2,0,4,1,3.0,7,Typ,0,0.0,Attchd,1996.0,1.0,2.0,628.0,3.0,2.0,152,0,0,0,0,0,NoFence,0,6,2007,WD ,Normal,170000,0,0,1,0,1,2,0,0,0,0,0,0,0,0,0,0,0
80,RL,88.0,8471,NoAlley,2.0,Lvl,Corner,2.0,Sawyer,Norm,1Fam,SLvl,6,7,1977,1995,Gable,HdBoard,Plywood,BrkFace,46.0,2.0,2.0,CBlock,4.0,4.0,3.0,5.0,506.0,1.0,0.0,0.0,506.0,2.0,Y,4.0,1212,0,0,1212,1.0,0.0,1,0,3,1,2.0,6,Typ,1,3.0,Attchd,1978.0,1.0,2.0,492.0,3.0,2.0,292,12,0,0,0,0,GdWo,0,7,2006,WD ,Normal,151000,0,1,1,1,1,4,0,0,0,0,0,0,0,0,0,0,0
20,RL,93.0,15306,NoAlley,2.0,HLS,Corner,2.0,Timber,Norm,1Fam,1Story,8,5,2006,2007,Gable,VinylSd,VinylSd,Stone,100.0,3.0,2.0,PConc,5.0,3.0,4.0,6.0,80.0,1.0,0.0,1652.0,1732.0,4.0,Y,4.0,1776,0,0,1776,1.0,0.0,2,0,3,1,3.0,7,Typ,1,4.0,Attchd,2006.0,3.0,3.0,712.0,3.0,2.0,0,0,0,0,0,0,NoFence,0,5,2007,New,Partial,283463,0,1,1,0,1,3,0,0,0,0,0,0,0,0,0,0,0
160,RM,24.0,2016,NoAlley,3.0,Lvl,Inside,2.0,BrDale,Norm,TwnhsE,2Story,5,5,1970,1970,Gable,HdBoard,HdBoard,BrkFace,304.0,2.0,2.0,CBlock,3.0,3.0,1.0,1.0,0.0,1.0,0.0,630.0,630.0,2.0,Y,4.0,630,672,0,1302,0.0,0.0,2,1,3,1,2.0,6,Typ,0,0.0,Detchd,1970.0,1.0,2.0,440.0,3.0,2.0,0,0,0,0,0,0,NoFence,0,4,2007,WD ,Normal,106000,0,0,1,0,1,2,0,0,0,0,0,0,0,0,0,0,0
20,RL,75.0,7388,NoAlley,3.0,Lvl,Corner,2.0,NAmes,Norm,1Fam,1Story,5,6,1959,2002,Gable,MetalSd,MetalSd,None,0.0,2.0,2.0,CBlock,3.0,3.0,1.0,3.0,405.0,1.0,0.0,658.0,1063.0,3.0,Y,4.0,1327,0,0,1327,1.0,0.0,1,0,3,1,3.0,7,Typ,0,0.0,Detchd,1974.0,1.0,2.0,624.0,3.0,2.0,0,0,0,0,0,0,NoFence,0,7,2007,WD ,Normal,150750,0,0,1,0,1,2,0,0,0,0,0,0,0,0,0,0,0
60,RL,79.0,9462,NoAlley,3.0,Lvl,Inside,2.0,NAmes,Norm,1Fam,2Story,5,6,1949,1973,Gable,Wd Sdng,Wd Sdng,None,0.0,2.0,2.0,CBlock,3.0,3.0,1.0,1.0,0.0,1.0,0.0,704.0,704.0,3.0,Y,3.0,1024,704,0,1728,0.0,0.0,1,1,3,1,2.0,7,Min1,1,4.0,Attchd,1949.0,1.0,1.0,234.0,3.0,2.0,245,60,0,0,0,0,MnPrv,0,7,2006,WD ,Normal,137000,0,1,1,1,1,4,0,0,0,0,0,0,0,0,0,0,0
60,FV,84.0,10207,NoAlley,3.0,Lvl,Inside,2.0,Somerst,Norm,1Fam,2Story,7,6,2007,2007,Gable,VinylSd,VinylSd,None,0.0,3.0,2.0,PConc,4.0,3.0,1.0,1.0,0.0,1.0,0.0,874.0,874.0,4.0,Y,4.0,874,887,0,1761,0.0,0.0,3,0,3,1,3.0,7,Typ,0,0.0,Attchd,2007.0,3.0,2.0,578.0,3.0,2.0,144,105,0,0,0,0,NoFence,0,8,2007,New,Partial,227875,0,0,1,0,1,2,0,0,0,0,0,0,0,0,0,0,0
120,RL,43.0,3940,NoAlley,3.0,Lvl,Inside,2.0,Blmngtn,Norm,TwnhsE,1Story,7,5,2003,2003,Gable,VinylSd,VinylSd,BrkFace,143.0,3.0,2.0,PConc,4.0,3.0,4.0,6.0,1073.0,1.0,0.0,342.0,1415.0,4.0,Y,4.0,1455,0,0,1455,1.0,0.0,2,0,2,1,3.0,6,Typ,1,3.0,Attchd,2003.0,3.0,3.0,644.0,3.0,2.0,156,20,0,0,144,0,NoFence,0,8,2008,WD ,Normal,195000,0,1,1,0,1,3,0,0,0,0,0,0,0,0,0,0,0
80,RL,80.0,8816,NoAlley,3.0,Lvl,Inside,2.0,ClearCr,Norm,1Fam,SLvl,6,7,1971,1971,Gable,HdBoard,HdBoard,BrkFace,80.0,2.0,2.0,CBlock,3.0,3.0,3.0,6.0,504.0,1.0,0.0,506.0,1010.0,3.0,Y,4.0,1052,0,0,1052,1.0,0.0,1,0,3,1,2.0,6,Typ,0,0.0,Attchd,1971.0,1.0,2.0,440.0,3.0,2.0,0,0,0,0,0,0,MnPrv,0,6,2010,WD ,Normal,155000,0,0,1,1,1,3,0,0,0,0,0,0,0,0,0,0,0
60,RL,80.0,9024,NoAlley,2.0,Lvl,Inside,2.0,Gilbert,Norm,1Fam,2Story,6,5,2004,2004,Gable,VinylSd,VinylSd,None,0.0,3.0,2.0,PConc,4.0,3.0,1.0,1.0,0.0,1.0,0.0,789.0,789.0,4.0,Y,4.0,813,702,0,1515,0.0,0.0,2,1,3,1,3.0,8,Typ,1,4.0,Attchd,2004.0,3.0,2.0,393.0,3.0,2.0,0,75,0,0,0,0,NoFence,0,7,2008,WD ,Normal,179000,0,1,1,0,1,3,0,0,0,0,0,0,0,0,0,0,0
20,RL,73.0,11000,NoAlley,2.0,Lvl,CulDSac,2.0,NAmes,Norm,1Fam,1Story,5,6,1966,1966,Gable,Plywood,Plywood,BrkFace,200.0,2.0,2.0,CBlock,3.0,3.0,2.0,4.0,740.0,3.0,230.0,184.0,1154.0,4.0,Y,4.0,1154,0,0,1154,0.0,0.0,1,1,3,1,2.0,6,Typ,1,1.0,Attchd,1966.0,2.0,2.0,480.0,3.0,2.0,0,58,0,0,0,0,MnPrv,0,11,2009,WD ,Normal,154000,0,1,1,1,1,4,0,0,0,0,0,0,0,0,0,0,0
20,RL,70.0,8680,NoAlley,3.0,Lvl,Inside,2.0,NAmes,Norm,1Fam,1Story,5,7,1960,1960,Hip,CemntBd,CmentBd,None,0.0,2.0,2.0,CBlock,3.0,3.0,1.0,1.0,0.0,1.0,0.0,894.0,894.0,2.0,Y,4.0,894,0,0,894,0.0,0.0,1,0,3,1,2.0,5,Typ,0,0.0,Detchd,1965.0,1.0,1.0,312.0,3.0,2.0,0,0,0,0,0,0,NoFence,0,1,2007,WD ,Normal,117600,0,0,1,0,1,2,0,0,0,0,0,0,0,0,0,0,0
30,RL,64.0,8574,NoAlley,3.0,Lvl,Inside,2.0,Crawfor,Norm,1Fam,1Story,6,8,1916,2000,Gable,Stucco,Stucco,None,0.0,3.0,2.0,BrkTil,3.0,3.0,1.0,1.0,0.0,1.0,0.0,816.0,816.0,4.0,Y,4.0,1232,0,0,1232,0.0,0.0,1,0,3,1,3.0,6,Typ,1,4.0,Detchd,1916.0,1.0,2.0,440.0,3.0,2.0,0,0,180,0,0,0,NoFence,0,10,2009,WD ,Normal,147500,0,1,1,0,1,3,0,0,0,0,0,0,0,0,0,0,0
20,RL,91.0,11830,NoAlley,3.0,Lvl,Inside,2.0,Somerst,Feedr,1Fam,1Story,8,5,2007,2007,Gable,VinylSd,VinylSd,BrkFace,164.0,3.0,2.0,PConc,4.0,3.0,1.0,6.0,1220.0,1.0,0.0,322.0,1542.0,4.0,Y,4.0,1542,0,0,1542,1.0,0.0,2,0,3,1,3.0,6,Typ,1,4.0,Attchd,2007.0,1.0,3.0,852.0,3.0,2.0,168,110,0,0,0,0,NoFence,0,7,2007,New,Partial,260261,0,1,1,0,1,3,0,0,0,0,0,0,0,0,0,0,0
70,RL,79.0,11526,NoAlley,2.0,Bnk,Inside,1.0,Crawfor,Norm,1Fam,2.5Fin,6,7,1922,1994,Gable,MetalSd,MetalSd,None,0.0,2.0,2.0,BrkTil,5.0,3.0,1.0,1.0,0.0,1.0,0.0,588.0,588.0,1.0,Y,4.0,1423,748,384,2555,0.0,0.0,2,0,3,1,2.0,11,Min1,1,4.0,Detchd,1993.0,3.0,2.0,672.0,3.0,2.0,431,0,0,0,0,0,NoFence,0,9,2008,WD ,Normal,191000,0,1,1,0,1,3,0,0,0,0,0,0,0,0,0,0,0
20,RL,80.0,16635,NoAlley,2.0,Lvl,FR2,2.0,NWAmes,Norm,1Fam,1Story,6,7,1977,2000,Gable,CemntBd,CmentBd,Stone,126.0,3.0,2.0,CBlock,4.0,3.0,1.0,5.0,1246.0,1.0,0.0,356.0,1602.0,3.0,Y,4.0,1602,0,0,1602,0.0,1.0,2,0,3,1,3.0,8,Typ,1,3.0,Attchd,1977.0,3.0,2.0,529.0,3.0,2.0,240,0,0,0,0,0,NoFence,0,6,2009,WD ,Normal,215000,0,1,1,0,1,3,0,0,0,0,0,0,0,0,0,0,0
50,RM,51.0,6120,NoAlley,3.0,Lvl,Inside,2.0,BrkSide,Norm,1Fam,1.5Fin,3,5,1930,1950,Gable,AsbShng,AsbShng,None,0.0,3.0,2.0,CBlock,3.0,3.0,1.0,3.0,347.0,1.0,0.0,381.0,728.0,4.0,Y,4.0,728,434,0,1162,1.0,0.0,1,0,3,1,2.0,6,Typ,0,0.0,Detchd,1930.0,1.0,1.0,258.0,2.0,2.0,0,24,0,0,0,0,NoFence,0,11,2006,ConLI,Abnorml,75000,0,0,1,0,1,2,0,0,0,0,0,0,0,0,0,0,0
60,RL,86.0,14598,NoAlley,2.0,Lvl,CulDSac,2.0,Somerst,Feedr,1Fam,2Story,6,5,2007,2007,Gable,VinylSd,VinylSd,Stone,74.0,3.0,2.0,PConc,4.0,3.0,2.0,1.0,0.0,1.0,0.0,894.0,894.0,4.0,Y,4.0,894,1039,0,1933,0.0,0.0,2,1,4,1,3.0,9,Typ,1,4.0,BuiltIn,2007.0,3.0,3.0,668.0,3.0,2.0,100,18,0,0,0,0,NoFence,0,1,2008,WD ,Normal,214000,0,1,1,0,1,3,0,0,0,0,0,0,0,0,0,0,0
20,RL,65.0,17541,NoAlley,2.0,Lvl,Corner,2.0,Edwards,Norm,1Fam,1Story,5,7,1948,2005,Hip,Wd Sdng,Wd Sdng,None,0.0,2.0,3.0,CBlock,3.0,4.0,2.0,4.0,300.0,1.0,0.0,109.0,409.0,4.0,Y,4.0,1325,0,0,1325,0.0,0.0,2,0,3,1,3.0,6,Typ,1,3.0,Detchd,1996.0,1.0,2.0,576.0,3.0,2.0,0,42,0,0,0,0,NoFence,0,7,2007,WD ,Normal,216000,0,1,1,0,1,3,0,0,0,0,0,0,0,0,0,0,0
80,RL,85.0,10200,NoAlley,3.0,Lvl,Inside,2.0,Timber,Norm,1Fam,SLvl,6,5,1988,1989,Gable,HdBoard,HdBoard,BrkFace,219.0,3.0,2.0,CBlock,4.0,3.0,3.0,6.0,783.0,1.0,0.0,678.0,1461.0,4.0,Y,4.0,1509,0,0,1509,1.0,0.0,2,0,3,1,3.0,5,Typ,1,2.0,Attchd,1988.0,2.0,2.0,600.0,3.0,2.0,224,0,0,0,0,0,NoFence,0,8,2008,WD ,Abnorml,175000,0,1,1,0,1,3,0,0,0,0,0,0,0,0,0,0,0
20,RL,85.0,14082,NoAlley,2.0,HLS,Inside,2.0,StoneBr,Norm,1Fam,1Story,8,5,2006,2006,Hip,VinylSd,VinylSd,BrkFace,945.0,3.0,2.0,PConc,5.0,4.0,4.0,6.0,1558.0,1.0,0.0,662.0,2220.0,4.0,Y,4.0,2234,0,0,2234,1.0,0.0,1,1,1,1,3.0,7,Typ,1,4.0,Attchd,2006.0,2.0,2.0,724.0,3.0,2.0,390,80,0,0,0,0,NoFence,0,1,2007,WD ,Normal,441929,0,1,1,0,1,3,0,0,0,0,0,0,0,0,0,0,0
60,RL,80.0,28698,NoAlley,1.0,Low,CulDSac,0.0,ClearCr,Norm,1Fam,2Story,5,5,1967,1967,Flat,Plywood,Plywood,None,0.0,2.0,2.0,PConc,3.0,4.0,4.0,2.0,249.0,5.0,764.0,0.0,1013.0,2.0,Y,4.0,1160,966,0,2126,0.0,1.0,2,1,3,1,2.0,7,Min2,0,0.0,Attchd,1967.0,3.0,2.0,538.0,3.0,2.0,486,0,0,0,225,0,NoFence,0,6,2009,WD ,Abnorml,185000,0,0,1,0,1,2,0,0,0,0,0,0,0,0,0,0,0
20,RL,73.0,7500,NoAlley,3.0,Lvl,Inside,2.0,NAmes,Norm,1Fam,1Story,5,7,1959,2003,Hip,BrkFace,BrkFace,None,0.0,2.0,2.0,CBlock,3.0,3.0,1.0,6.0,574.0,1.0,0.0,466.0,1040.0,4.0,Y,4.0,1040,0,0,1040,1.0,0.0,1,0,3,1,3.0,6,Typ,0,0.0,Attchd,1959.0,2.0,1.0,286.0,3.0,2.0,0,0,0,0,0,0,NoFence,0,7,2007,WD ,Normal,152000,0,0,1,0,1,2,0,0,0,0,0,0,0,0,0,0,0
20,RL,63.0,12680,NoAlley,2.0,Lvl,Inside,2.0,NWAmes,Norm,1Fam,1Story,7,6,1988,1988,Gable,Plywood,Wd Sdng,BrkFace,102.0,3.0,2.0,CBlock,4.0,4.0,2.0,6.0,983.0,1.0,0.0,692.0,1675.0,4.0,Y,4.0,1688,0,0,1688,1.0,0.0,2,0,2,1,4.0,6,Typ,1,5.0,Attchd,1988.0,2.0,2.0,528.0,3.0,2.0,0,48,0,0,141,0,NoFence,0,6,2008,WD ,Normal,226500,0,1,1,0,1,3,0,0,0,0,0,0,0,0,0,0,0
50,RL,60.0,10800,NoAlley,3.0,Lvl,Inside,2.0,NAmes,Artery,1Fam,1.5Fin,4,7,1949,1996,Gable,MetalSd,MetalSd,None,0.0,2.0,2.0,CBlock,3.0,3.0,1.0,1.0,0.0,1.0,0.0,832.0,832.0,2.0,Y,1.0,832,629,0,1461,0.0,0.0,2,0,4,1,2.0,6,Typ,0,0.0,Detchd,1949.0,1.0,1.0,384.0,3.0,2.0,0,204,0,0,0,0,NoFence,0,8,2009,WD ,Normal,133500,0,0,1,0,1,2,0,0,0,0,0,0,0,0,0,0,0
20,RL,80.0,12000,NoAlley,3.0,Lvl,Inside,2.0,ClearCr,Norm,1Fam,1Story,6,5,1968,1968,Gable,Plywood,Plywood,None,0.0,2.0,1.0,CBlock,4.0,2.0,1.0,2.0,853.0,1.0,0.0,535.0,1388.0,3.0,Y,4.0,1388,0,0,1388,1.0,0.0,2,0,3,1,2.0,6,Typ,1,1.0,Attchd,1968.0,2.0,2.0,522.0,3.0,2.0,0,58,0,0,0,0,NoFence,0,7,2006,COD,Abnorml,158900,0,1,1,0,1,3,0,0,0,0,0,0,0,0,0,0,0
20,RL,98.0,12704,NoAlley,3.0,Lvl,Inside,2.0,NridgHt,Norm,1Fam,1Story,8,5,2007,2007,Hip,VinylSd,VinylSd,Stone,302.0,3.0,2.0,PConc,5.0,3.0,1.0,6.0,1012.0,1.0,0.0,570.0,1582.0,4.0,Y,4.0,1582,0,0,1582,1.0,0.0,2,0,3,1,3.0,7,Typ,0,0.0,Attchd,2007.0,3.0,3.0,905.0,3.0,2.0,209,95,0,0,0,0,NoFence,0,1,2008,New,Partial,317500,0,0,1,0,1,2,0,0,0,0,0,0,0,0,0,0,0
70,RM,60.0,10800,Grvl,3.0,Bnk,Inside,2.0,OldTown,Norm,1Fam,2Story,7,8,1890,1998,Gable,Wd Sdng,VinylSd,None,0.0,2.0,3.0,BrkTil,3.0,3.0,1.0,1.0,0.0,1.0,0.0,718.0,718.0,4.0,Y,4.0,1576,978,0,2554,0.0,0.0,1,1,3,1,2.0,8,Typ,0,0.0,Detchd,1996.0,1.0,2.0,704.0,3.0,1.0,0,48,143,0,0,0,NoFence,0,7,2007,WD ,Normal,159500,0,0,1,0,1,2,0,0,0,0,0,0,0,0,0,0,0
20,RL,61.0,7740,NoAlley,3.0,Lvl,Inside,2.0,NridgHt,Norm,TwnhsE,1Story,9,5,2006,2006,Hip,MetalSd,MetalSd,BrkFace,518.0,3.0,2.0,PConc,5.0,4.0,1.0,6.0,1023.0,1.0,0.0,663.0,1686.0,4.0,Y,4.0,1686,0,0,1686,1.0,0.0,2,0,1,1,4.0,6,Typ,1,4.0,Attchd,2006.0,3.0,3.0,899.0,3.0,2.0,266,100,0,0,0,0,NoFence,0,6,2006,New,Partial,332200,0,1,1,0,1,3,0,0,0,0,0,0,0,0,0,0,0
30,RL,65.0,11515,NoAlley,2.0,Lvl,CulDSac,2.0,Edwards,Norm,1Fam,1Story,4,5,1958,1994,Gable,HdBoard,HdBoard,None,0.0,2.0,2.0,Slab,0.0,0.0,0.0,0.0,0.0,0.0,0.0,0.0,0.0,2.0,N,4.0,943,0,0,943,0.0,0.0,1,0,3,1,3.0,5,Min2,0,0.0,Detchd,1958.0,1.0,1.0,308.0,3.0,0.0,0,0,60,0,0,0,NoFence,0,8,2007,WD ,Normal,80000,0,0,0,0,1,1,0,0,0,0,0,0,0,0,0,0,0
50,RM,50.0,7000,NoAlley,3.0,Lvl,Corner,2.0,IDOTRR,Norm,1Fam,1.5Fin,6,7,1940,1950,Gable,Wd Sdng,Wd Sdng,None,0.0,2.0,2.0,BrkTil,3.0,3.0,1.0,5.0,375.0,1.0,0.0,345.0,720.0,3.0,Y,3.0,720,495,0,1215,0.0,0.0,1,0,3,1,3.0,6,Typ,0,0.0,Detchd,1965.0,3.0,2.0,720.0,3.0,2.0,0,0,30,0,0,0,MnPrv,0,5,2007,WD ,Normal,141000,0,0,1,1,1,3,0,0,0,0,0,0,0,0,0,0,0
20,RL,60.0,6600,NoAlley,3.0,Lvl,Inside,2.0,Mitchel,Norm,1Fam,1Story,5,8,1982,2003,Gable,HdBoard,HdBoard,None,0.0,2.0,3.0,PConc,3.0,4.0,1.0,6.0,816.0,1.0,0.0,0.0,816.0,4.0,Y,4.0,816,0,0,816,1.0,0.0,1,0,2,1,2.0,4,Typ,0,0.0,Detchd,1985.0,3.0,2.0,816.0,3.0,2.0,0,0,0,0,0,0,NoFence,0,6,2008,WD ,Normal,138000,0,0,1,0,1,2,0,0,0,0,0,0,0,0,0,0,0
60,RL,75.0,7950,NoAlley,2.0,Bnk,Corner,2.0,Edwards,Norm,1Fam,2Story,6,6,1977,1977,Hip,HdBoard,Plywood,BrkFace,140.0,2.0,2.0,CBlock,3.0,3.0,1.0,4.0,535.0,1.0,0.0,155.0,690.0,2.0,Y,4.0,698,728,0,1426,0.0,0.0,1,1,3,1,2.0,6,Typ,0,0.0,Attchd,1977.0,3.0,2.0,440.0,3.0,2.0,252,0,0,0,0,0,MnPrv,0,7,2009,WD ,Normal,159500,0,0,1,1,1,3,0,0,0,0,0,0,0,0,0,0,0
60,RL,91.0,11949,NoAlley,3.0,Lvl,Inside,2.0,NoRidge,Norm,1Fam,2Story,7,8,1991,2008,Gable,VinylSd,VinylSd,BrkFace,196.0,3.0,3.0,PConc,4.0,3.0,1.0,6.0,601.0,5.0,216.0,158.0,975.0,4.0,Y,4.0,975,780,0,1755,0.0,1.0,2,1,3,1,3.0,7,Typ,1,3.0,Attchd,1991.0,1.0,2.0,524.0,3.0,2.0,502,60,0,0,0,0,GdPrv,0,7,2009,WD ,Normal,235000,0,1,1,1,1,4,0,0,0,0,0,0,0,0,0,0,0
20,RL,82.0,12464,NoAlley,1.0,Low,Corner,1.0,CollgCr,Norm,1Fam,1Story,5,5,1996,1996,Gable,VinylSd,VinylSd,None,0.0,2.0,3.0,PConc,4.0,3.0,1.0,6.0,732.0,1.0,0.0,308.0,1040.0,3.0,Y,4.0,1040,0,0,1040,1.0,0.0,1,0,3,1,3.0,6,Typ,0,0.0,Detchd,2000.0,1.0,2.0,576.0,3.0,2.0,168,0,0,0,0,0,GdPrv,0,11,2009,WD ,Normal,152000,0,0,1,1,1,3,0,0,0,0,0,0,0,0,0,0,0
60,RL,43.0,12352,NoAlley,1.0,Lvl,CulDSac,2.0,CollgCr,Norm,1Fam,2Story,7,5,1998,1999,Gable,VinylSd,VinylSd,BrkFace,290.0,3.0,2.0,PConc,4.0,3.0,1.0,6.0,638.0,1.0,0.0,215.0,853.0,4.0,Y,4.0,853,900,0,1753,1.0,0.0,2,1,3,1,2.0,7,Typ,1,2.0,Attchd,1998.0,2.0,2.0,534.0,3.0,2.0,0,74,0,0,0,0,NoFence,0,3,2007,WD ,Normal,217000,0,1,1,0,1,3,0,0,0,0,0,0,0,0,0,0,0
20,RL,50.0,14859,NoAlley,2.0,HLS,CulDSac,2.0,Gilbert,Norm,1Fam,1Story,7,5,2006,2006,Hip,VinylSd,VinylSd,BrkFace,27.0,3.0,2.0,PConc,4.0,3.0,1.0,1.0,0.0,1.0,0.0,1670.0,1670.0,4.0,Y,4.0,1670,0,0,1670,0.0,0.0,2,0,3,1,3.0,7,Typ,1,4.0,Attchd,2006.0,2.0,3.0,690.0,3.0,2.0,144,60,0,0,0,0,NoFence,0,8,2006,New,Partial,240000,0,1,1,0,1,3,0,0,0,0,0,0,0,0,0,0,0
60,RL,68.0,8998,NoAlley,2.0,Lvl,Inside,2.0,CollgCr,Norm,1Fam,2Story,7,5,2000,2000,Gable,VinylSd,VinylSd,BrkFace,120.0,3.0,2.0,PConc,4.0,3.0,2.0,6.0,527.0,1.0,0.0,255.0,782.0,4.0,Y,4.0,782,870,0,1652,0.0,0.0,2,1,3,1,3.0,6,Typ,0,0.0,Attchd,2000.0,2.0,2.0,532.0,3.0,2.0,0,70,0,0,0,0,NoFence,0,6,2008,WD ,Normal,207500,0,0,1,0,1,2,0,0,0,0,0,0,0,0,0,0,0
20,RL,60.0,7200,NoAlley,3.0,Lvl,Inside,2.0,NAmes,Norm,1Fam,1Story,4,5,1950,1950,Gable,BrkFace,Wd Sdng,None,0.0,2.0,2.0,Slab,0.0,0.0,0.0,0.0,0.0,0.0,0.0,0.0,0.0,2.0,Y,3.0,1040,0,0,1040,0.0,0.0,1,0,2,1,2.0,4,Typ,0,0.0,Detchd,1950.0,1.0,2.0,420.0,3.0,2.0,0,29,0,0,0,0,NoFence,0,7,2006,WD ,Normal,109900,0,0,1,0,1,2,0,0,0,0,0,0,0,0,0,0,0
120,RM,37.0,4435,NoAlley,3.0,Lvl,Inside,2.0,CollgCr,Norm,TwnhsE,1Story,6,5,2004,2004,Gable,VinylSd,VinylSd,BrkFace,169.0,3.0,2.0,PConc,4.0,3.0,2.0,6.0,662.0,1.0,0.0,186.0,848.0,4.0,Y,4.0,848,0,0,848,1.0,0.0,1,0,1,1,3.0,3,Typ,1,4.0,Attchd,2004.0,2.0,2.0,420.0,3.0,2.0,140,0,0,0,0,0,NoFence,0,5,2006,WD ,Normal,155900,0,1,1,0,1,3,0,0,0,0,0,0,0,0,0,0,0
20,RL,65.0,14753,NoAlley,1.0,Low,Inside,2.0,CollgCr,PosN,1Fam,1Story,7,5,1998,1998,Gable,VinylSd,VinylSd,None,0.0,2.0,2.0,PConc,4.0,3.0,2.0,6.0,950.0,1.0,0.0,513.0,1463.0,4.0,Y,4.0,1463,0,0,1463,1.0,0.0,2,0,3,1,2.0,5,Typ,0,0.0,Attchd,1998.0,3.0,2.0,539.0,3.0,2.0,0,81,0,0,0,0,GdPrv,0,12,2009,WD ,Normal,207000,0,0,1,1,1,3,0,0,0,0,0,0,0,0,0,0,0
20,RL,74.0,9945,NoAlley,2.0,Lvl,Inside,2.0,Sawyer,Norm,1Fam,1Story,5,5,1961,1961,Hip,Wd Sdng,Wd Sdng,BrkFace,57.0,2.0,2.0,CBlock,3.0,3.0,1.0,3.0,827.0,1.0,0.0,161.0,988.0,2.0,Y,4.0,988,0,0,988,1.0,0.0,1,0,3,1,2.0,5,Typ,0,0.0,Detchd,1963.0,1.0,2.0,572.0,3.0,2.0,0,0,0,0,0,0,NoFence,0,10,2007,WD ,Normal,128500,0,0,1,0,1,2,0,0,0,0,0,0,0,0,0,0,0
30,RL,50.0,6305,NoAlley,3.0,Bnk,Inside,2.0,Crawfor,Norm,1Fam,1Story,5,7,1938,1950,Gable,MetalSd,MetalSd,None,0.0,2.0,3.0,PConc,2.0,2.0,1.0,1.0,0.0,1.0,0.0,920.0,920.0,4.0,Y,4.0,954,0,0,954,0.0,0.0,1,0,2,1,1.0,5,Typ,1,4.0,Basment,1938.0,1.0,1.0,240.0,2.0,2.0,0,0,0,0,0,0,MnPrv,0,6,2007,WD ,Normal,119750,0,1,1,1,1,4,0,0,0,0,0,0,0,0,0,0,0
20,RL,74.0,11327,NoAlley,2.0,Lvl,Inside,2.0,Sawyer,Norm,1Fam,1Story,5,6,1967,1967,Hip,HdBoard,HdBoard,BrkFace,305.0,2.0,2.0,CBlock,3.0,3.0,3.0,5.0,779.0,1.0,0.0,285.0,1064.0,2.0,Y,4.0,1064,0,0,1064,0.0,1.0,1,0,3,1,2.0,6,Typ,1,3.0,Attchd,1967.0,1.0,2.0,528.0,3.0,2.0,314,48,0,0,0,0,NoFence,0,6,2006,WD ,Normal,153600,0,1,1,0,1,3,0,0,0,0,0,0,0,0,0,0,0
20,RL,68.0,9717,NoAlley,3.0,Lvl,Inside,2.0,NAmes,Norm,1Fam,1Story,5,6,1950,1996,Hip,MetalSd,MetalSd,None,0.0,2.0,2.0,CBlock,3.0,3.0,2.0,6.0,49.0,3.0,1029.0,0.0,1078.0,3.0,Y,3.0,1078,0,0,1078,1.0,0.0,1,0,2,1,3.0,5,Typ,0,0.0,Attchd,1950.0,1.0,1.0,240.0,3.0,2.0,366,0,112,0,0,0,NoFence,0,4,2010,WD ,Normal,142125,0,0,1,0,1,2,0,0,0,0,0,0,0,0,0,0,0
20,RL,114.0,14803,NoAlley,3.0,Lvl,Inside,2.0,NridgHt,PosN,1Fam,1Story,10,5,2007,2008,Hip,CemntBd,CmentBd,BrkFace,816.0,4.0,2.0,PConc,5.0,3.0,3.0,6.0,1636.0,1.0,0.0,442.0,2078.0,4.0,Y,4.0,2084,0,0,2084,1.0,0.0,2,0,2,1,4.0,7,Typ,1,4.0,Attchd,2007.0,3.0,3.0,1220.0,3.0,2.0,188,45,0,0,0,0,NoFence,0,6,2008,New,Partial,385000,0,1,1,0,1,3,0,0,0,0,0,0,0,0,0,0,0
20,RL,74.0,7785,NoAlley,2.0,Lvl,Inside,2.0,NAmes,Norm,1Fam,1Story,5,5,1956,1956,Gable,HdBoard,HdBoard,None,0.0,2.0,2.0,Slab,0.0,0.0,0.0,0.0,0.0,0.0,0.0,0.0,0.0,2.0,Y,4.0,1014,0,0,1014,0.0,0.0,1,0,2,1,2.0,6,Typ,0,0.0,Attchd,1956.0,2.0,1.0,267.0,3.0,2.0,0,0,40,0,200,0,GdWo,0,3,2008,WD ,Normal,98000,0,0,1,1,1,3,0,0,0,0,0,0,0,0,0,0,0
20,RL,60.0,10434,NoAlley,3.0,Lvl,Inside,2.0,NAmes,Norm,1Fam,1Story,4,5,1955,1955,Gable,Plywood,Plywood,None,0.0,2.0,2.0,CBlock,3.0,3.0,1.0,1.0,0.0,1.0,0.0,1005.0,1005.0,2.0,Y,4.0,1005,0,0,1005,0.0,0.0,1,0,2,1,1.0,5,Typ,1,3.0,Detchd,1977.0,1.0,2.0,672.0,2.0,2.0,0,0,0,0,0,0,NoFence,0,11,2009,WD ,Normal,115000,0,1,1,0,1,3,0,0,0,0,0,0,0,0,0,0,0
20,RL,94.0,12220,NoAlley,3.0,Lvl,Inside,2.0,NridgHt,Norm,1Fam,1Story,10,5,2009,2009,Hip,CemntBd,CmentBd,BrkFace,305.0,4.0,2.0,CBlock,5.0,3.0,1.0,6.0,1436.0,1.0,0.0,570.0,2006.0,4.0,Y,4.0,2020,0,0,2020,1.0,0.0,2,1,3,1,4.0,9,Typ,1,4.0,Attchd,2009.0,3.0,3.0,900.0,3.0,2.0,156,54,0,0,0,0,NoFence,0,9,2009,New,Partial,402861,0,1,1,0,1,3,0,0,0,0,0,0,0,0,0,0,0
20,RL,80.0,10000,NoAlley,3.0,Lvl,Inside,2.0,NWAmes,Norm,1Fam,1Story,5,6,1973,2000,Gable,HdBoard,HdBoard,None,0.0,2.0,2.0,CBlock,4.0,3.0,1.0,4.0,1084.0,1.0,0.0,92.0,1176.0,3.0,Y,4.0,1178,0,0,1178,0.0,1.0,1,1,3,1,3.0,5,Typ,1,2.0,Attchd,1973.0,1.0,2.0,439.0,3.0,2.0,224,0,0,0,0,0,MnPrv,0,11,2008,WD ,Normal,157000,0,1,1,1,1,4,0,0,0,0,0,0,0,0,0,0,0
20,RL,75.0,9750,NoAlley,3.0,Lvl,Inside,2.0,CollgCr,Norm,1Fam,1Story,7,5,2000,2001,Gable,VinylSd,VinylSd,BrkFace,171.0,3.0,2.0,PConc,4.0,3.0,1.0,1.0,0.0,1.0,0.0,1630.0,1630.0,4.0,Y,4.0,1630,0,0,1630,0.0,0.0,2,0,3,1,3.0,6,Typ,1,3.0,Attchd,2000.0,1.0,2.0,451.0,3.0,2.0,74,234,0,0,0,0,NoFence,0,10,2009,WD ,Normal,213000,0,1,1,0,1,3,0,0,0,0,0,0,0,0,0,0,0
60,RL,110.0,13688,NoAlley,2.0,Lvl,Inside,2.0,NridgHt,Norm,1Fam,2Story,9,5,2003,2004,Gable,VinylSd,VinylSd,BrkFace,664.0,3.0,2.0,PConc,5.0,3.0,3.0,6.0,1016.0,1.0,0.0,556.0,1572.0,4.0,Y,4.0,1572,1096,0,2668,1.0,0.0,2,1,3,1,4.0,10,Typ,2,4.0,BuiltIn,2003.0,3.0,3.0,726.0,3.0,2.0,400,0,0,0,0,0,NoFence,0,3,2008,WD ,Normal,412500,0,1,1,0,1,3,0,0,0,0,0,0,0,0,0,0,0
20,FV,85.0,9187,NoAlley,3.0,Lvl,Inside,2.0,Somerst,Norm,1Fam,1Story,9,5,2009,2009,Gable,CemntBd,CmentBd,Stone,162.0,4.0,2.0,PConc,5.0,3.0,2.0,6.0,1121.0,1.0,0.0,645.0,1766.0,4.0,Y,4.0,1766,0,0,1766,1.0,0.0,2,1,2,1,4.0,7,Typ,1,4.0,Attchd,2009.0,3.0,3.0,478.0,3.0,2.0,195,130,0,0,0,0,NoFence,0,10,2009,New,Partial,370878,0,1,1,0,1,3,0,0,0,0,0,0,0,0,0,0,0
50,RM,50.0,9000,NoAlley,3.0,Bnk,Inside,2.0,IDOTRR,Norm,1Fam,1.5Fin,6,6,1937,1950,Gable,Wd Sdng,Wd Sdng,None,0.0,2.0,3.0,PConc,3.0,3.0,1.0,1.0,0.0,1.0,0.0,780.0,780.0,2.0,Y,4.0,780,595,0,1375,0.0,0.0,1,1,3,1,3.0,6,Typ,1,4.0,Detchd,1979.0,1.0,1.0,544.0,3.0,1.0,0,162,0,0,126,0,NoFence,0,12,2007,WD ,Normal,141000,0,1,1,0,1,3,0,0,0,0,0,0,0,0,0,0,0
120,RL,60.0,5814,NoAlley,2.0,Lvl,CulDSac,2.0,StoneBr,Norm,TwnhsE,1Story,8,5,1984,1984,Gable,HdBoard,HdBoard,None,0.0,3.0,2.0,CBlock,4.0,3.0,3.0,6.0,1036.0,1.0,0.0,184.0,1220.0,3.0,Y,4.0,1360,0,0,1360,1.0,0.0,1,0,1,1,3.0,4,Typ,1,5.0,Attchd,1984.0,2.0,2.0,565.0,3.0,2.0,63,0,0,0,0,0,NoFence,0,8,2009,COD,Abnorml,187500,0,1,1,0,1,3,0,0,0,0,0,0,0,0,0,0,0
20,RL,126.0,13108,NoAlley,1.0,HLS,Inside,2.0,Crawfor,Norm,1Fam,1Story,5,5,1951,1951,Gable,Wd Sdng,Wd Sdng,None,0.0,2.0,2.0,CBlock,0.0,0.0,0.0,0.0,0.0,0.0,0.0,0.0,0.0,1.0,Y,4.0,1226,0,0,1226,0.0,0.0,1,1,2,1,2.0,7,Min1,1,4.0,Attchd,1951.0,3.0,2.0,400.0,3.0,2.0,174,24,120,0,228,0,NoFence,0,6,2007,WD ,Normal,153500,0,1,1,0,1,3,0,0,0,0,0,0,0,0,0,0,0
60,RL,80.0,9760,NoAlley,3.0,Lvl,Inside,1.0,NAmes,Norm,1Fam,2Story,6,8,1964,1993,Hip,Wd Sdng,Wd Sdng,BrkFace,340.0,2.0,2.0,CBlock,3.0,3.0,4.0,4.0,536.0,3.0,117.0,169.0,822.0,3.0,Y,4.0,1020,831,0,1851,0.0,0.0,2,1,3,1,3.0,7,Typ,1,2.0,Attchd,1964.0,2.0,2.0,440.0,3.0,2.0,239,42,0,0,0,0,MnWw,0,7,2007,WD ,Normal,187000,0,1,1,1,1,4,0,0,0,0,0,0,0,0,0,0,0
60,RL,92.0,12003,NoAlley,3.0,Lvl,Corner,2.0,Timber,Norm,1Fam,2Story,8,5,2009,2010,Gable,VinylSd,VinylSd,BrkFace,84.0,3.0,2.0,PConc,5.0,3.0,1.0,1.0,0.0,1.0,0.0,774.0,774.0,4.0,Y,4.0,774,1194,0,1968,0.0,0.0,2,1,4,1,4.0,8,Typ,1,4.0,BuiltIn,2009.0,3.0,3.0,680.0,3.0,2.0,0,75,0,0,0,0,NoFence,0,5,2010,New,Partial,269500,0,1,1,0,1,3,0,0,0,0,0,0,0,0,0,0,0
60,RL,57.0,21872,NoAlley,1.0,HLS,FR2,2.0,Gilbert,Norm,1Fam,2Story,7,5,1996,1997,Gable,HdBoard,HdBoard,None,0.0,2.0,2.0,PConc,4.0,3.0,4.0,6.0,604.0,1.0,0.0,125.0,729.0,4.0,Y,4.0,729,717,0,1446,0.0,1.0,2,1,3,1,2.0,6,Typ,1,3.0,Attchd,1996.0,1.0,2.0,406.0,3.0,2.0,264,22,0,0,0,0,NoFence,0,8,2008,WD ,Normal,175000,0,1,1,0,1,3,0,0,0,0,0,0,0,0,0,0,0
85,RL,66.0,6760,NoAlley,3.0,Lvl,Inside,2.0,NAmes,Norm,1Fam,SFoyer,5,5,1962,1962,Gable,HdBoard,HdBoard,None,0.0,2.0,2.0,CBlock,3.0,3.0,3.0,5.0,734.0,1.0,0.0,162.0,896.0,2.0,Y,4.0,936,0,0,936,1.0,0.0,1,0,3,1,2.0,6,Typ,1,1.0,Attchd,1962.0,2.0,1.0,288.0,3.0,2.0,24,90,160,0,0,0,NoFence,0,10,2007,WD ,Normal,130000,0,1,1,0,1,3,0,0,0,0,0,0,0,0,0,0,0
60,RL,90.0,11250,NoAlley,2.0,Lvl,Corner,2.0,CollgCr,Norm,1Fam,2Story,7,5,1998,1998,Gable,VinylSd,VinylSd,BrkFace,227.0,2.0,2.0,PConc,4.0,3.0,2.0,5.0,796.0,1.0,0.0,258.0,1054.0,4.0,Y,4.0,1070,869,0,1939,0.0,1.0,2,1,3,1,3.0,8,Typ,1,3.0,Attchd,1998.0,2.0,3.0,555.0,3.0,2.0,128,84,0,0,0,0,NoFence,0,5,2006,WD ,Normal,227000,0,1,1,0,1,3,0,0,0,0,0,0,0,0,0,0,0
60,FV,73.0,7050,NoAlley,3.0,Lvl,Inside,2.0,Somerst,Norm,1Fam,2Story,7,5,2001,2001,Gable,VinylSd,VinylSd,None,0.0,3.0,2.0,PConc,4.0,3.0,1.0,6.0,738.0,1.0,0.0,319.0,1057.0,4.0,Y,4.0,1057,872,0,1929,1.0,0.0,2,1,3,1,3.0,7,Typ,1,3.0,Attchd,2001.0,3.0,2.0,650.0,3.0,2.0,0,235,0,0,0,0,NoFence,0,5,2007,WD ,Normal,226000,0,1,1,0,1,3,0,0,0,0,0,0,0,0,0,0,0
20,RL,60.0,10950,NoAlley,3.0,Lvl,Inside,2.0,NAmes,Norm,1Fam,1Story,6,6,1952,1952,Hip,Wd Sdng,Wd Sdng,None,0.0,2.0,2.0,CBlock,3.0,3.0,1.0,5.0,441.0,1.0,0.0,507.0,948.0,2.0,Y,4.0,948,0,0,948,0.0,0.0,1,0,2,1,2.0,5,Typ,0,0.0,Detchd,1952.0,1.0,2.0,410.0,3.0,0.0,0,48,0,0,0,0,NoFence,0,4,2007,WD ,Normal,125000,0,0,1,0,1,2,0,0,0,0,0,0,0,0,0,0,0
50,RL,70.0,14100,NoAlley,2.0,Lvl,Inside,1.0,Crawfor,Norm,1Fam,1.5Fin,8,9,1935,1997,Gable,Stucco,Stucco,BrkFace,632.0,2.0,3.0,CBlock,3.0,3.0,2.0,3.0,192.0,1.0,0.0,536.0,728.0,4.0,Y,4.0,1968,1479,0,3447,0.0,0.0,3,1,4,1,3.0,11,Typ,2,4.0,BuiltIn,1982.0,1.0,3.0,1014.0,3.0,2.0,314,12,0,0,0,0,GdWo,0,5,2008,WD ,Normal,381000,0,1,1,1,1,4,0,0,0,0,0,0,0,0,0,0,0
30,RL,85.0,10625,NoAlley,3.0,Lvl,Corner,2.0,Edwards,Norm,1Fam,1Story,5,5,1920,1950,Gable,Wd Sdng,Wd Sdng,None,0.0,2.0,2.0,BrkTil,3.0,3.0,1.0,5.0,108.0,1.0,0.0,350.0,458.0,1.0,N,4.0,835,0,0,835,0.0,0.0,1,0,2,1,2.0,5,Typ,0,0.0,Basment,1920.0,1.0,1.0,366.0,2.0,2.0,0,0,77,0,0,0,NoFence,400,5,2010,COD,Abnorml,83000,0,0,0,0,1,1,0,0,0,0,0,0,0,0,0,0,0
20,RL,75.0,9750,NoAlley,3.0,Lvl,Inside,2.0,CollgCr,Norm,1Fam,1Story,7,5,2004,2004,Gable,VinylSd,VinylSd,Stone,50.0,3.0,2.0,PConc,4.0,3.0,2.0,6.0,24.0,1.0,0.0,1421.0,1445.0,4.0,Y,4.0,1445,0,0,1445,0.0,0.0,2,0,3,1,3.0,6,Typ,0,0.0,Attchd,2004.0,1.0,2.0,470.0,3.0,2.0,0,35,0,0,0,0,NoFence,0,6,2008,WD ,Normal,186500,0,0,1,0,1,2,0,0,0,0,0,0,0,0,0,0,0
60,RL,79.0,11646,NoAlley,2.0,Lvl,Inside,2.0,CollgCr,Norm,1Fam,2Story,6,5,2005,2006,Gable,VinylSd,VinylSd,None,0.0,3.0,2.0,PConc,4.0,3.0,3.0,1.0,0.0,1.0,0.0,704.0,704.0,4.0,Y,4.0,704,718,0,1422,0.0,0.0,2,1,3,1,3.0,7,Typ,1,4.0,Attchd,2005.0,3.0,2.0,440.0,3.0,2.0,36,28,0,0,0,0,NoFence,0,7,2009,WD ,Normal,173000,0,1,1,0,1,3,0,0,0,0,0,0,0,0,0,0,0
120,RL,43.0,3182,NoAlley,3.0,Lvl,Inside,2.0,Blmngtn,Norm,TwnhsE,1Story,7,5,2005,2006,Gable,VinylSd,VinylSd,BrkFace,11.0,3.0,2.0,PConc,4.0,3.0,1.0,6.0,16.0,1.0,0.0,1129.0,1145.0,4.0,Y,4.0,1145,0,0,1145,0.0,0.0,2,0,2,1,3.0,5,Typ,1,4.0,Attchd,2005.0,3.0,2.0,397.0,3.0,2.0,100,16,0,0,0,0,NoFence,0,9,2009,WD ,Normal,160200,0,1,1,0,1,3,0,0,0,0,0,0,0,0,0,0,0
50,RM,52.0,7425,NoAlley,2.0,Bnk,Corner,2.0,BrkSide,RRAn,1Fam,1.5Fin,7,7,1945,1950,Gable,Wd Sdng,Wd Sdng,None,0.0,2.0,2.0,CBlock,3.0,2.0,1.0,1.0,0.0,1.0,0.0,672.0,672.0,3.0,Y,4.0,1195,473,0,1668,0.0,0.0,1,1,3,1,3.0,8,Typ,0,0.0,Attchd,1945.0,1.0,1.0,252.0,3.0,2.0,210,0,0,0,0,0,NoFence,0,8,2008,WD ,Abnorml,108000,0,0,1,0,1,2,0,0,0,0,0,0,0,0,0,0,0
20,RL,65.0,8450,NoAlley,3.0,Lvl,Inside,2.0,Sawyer,RRAe,1Fam,1Story,5,8,1965,2009,Gable,MetalSd,MetalSd,None,0.0,2.0,3.0,CBlock,3.0,3.0,1.0,6.0,553.0,4.0,117.0,224.0,894.0,4.0,Y,4.0,894,0,0,894,1.0,0.0,1,0,3,1,2.0,5,Typ,1,4.0,Detchd,1973.0,1.0,1.0,336.0,3.0,2.0,416,144,0,0,0,0,MnPrv,0,4,2010,WD ,Normal,138500,0,1,1,1,1,4,0,0,0,0,0,0,0,0,0,0,0
50,RL,60.0,9120,Pave,3.0,Lvl,Inside,2.0,BrkSide,Norm,1Fam,1.5Fin,7,6,1925,1950,Gable,Wd Sdng,Wd Sdng,None,0.0,2.0,3.0,PConc,3.0,3.0,1.0,3.0,329.0,1.0,0.0,697.0,1026.0,4.0,Y,4.0,1133,687,0,1820,1.0,0.0,2,0,4,1,2.0,8,Typ,0,0.0,Detchd,1925.0,1.0,1.0,240.0,3.0,0.0,0,100,0,0,0,0,GdPrv,0,6,2008,WD ,Normal,184000,0,0,1,1,1,3,0,0,0,0,0,0,0,0,0,0,0
20,RL,60.0,7626,NoAlley,3.0,Lvl,Inside,2.0,NAmes,Norm,1Fam,1Story,5,8,1952,2005,Hip,Wd Sdng,Wd Sdng,None,0.0,3.0,2.0,CBlock,3.0,3.0,1.0,6.0,931.0,1.0,0.0,100.0,1031.0,3.0,Y,4.0,1031,0,0,1031,1.0,0.0,1,0,2,1,3.0,5,Typ,0,0.0,Attchd,1952.0,1.0,1.0,230.0,3.0,2.0,0,0,0,0,0,0,MnPrv,0,3,2009,WD ,Normal,145500,0,0,1,1,1,3,0,0,0,0,0,0,0,0,0,0,0
190,RL,60.0,12180,NoAlley,3.0,Lvl,Inside,2.0,Edwards,Norm,2fmCon,1.5Fin,4,4,1941,1950,Gable,MetalSd,MetalSd,None,0.0,2.0,1.0,BrkTil,4.0,3.0,1.0,4.0,348.0,1.0,0.0,324.0,672.0,1.0,N,3.0,672,252,0,924,1.0,0.0,1,0,2,1,1.0,5,Typ,0,0.0,Detchd,1941.0,1.0,1.0,280.0,3.0,2.0,0,0,0,0,0,0,MnPrv,0,7,2010,WD ,Normal,80000,0,0,0,1,1,2,0,0,0,0,0,0,0,0,0,0,0
20,RL,64.0,9556,NoAlley,2.0,Lvl,Corner,2.0,Gilbert,Norm,1Fam,1Story,7,5,1992,1993,Gable,HdBoard,HdBoard,BrkFace,52.0,2.0,2.0,PConc,4.0,3.0,1.0,1.0,0.0,1.0,0.0,1168.0,1168.0,3.0,Y,4.0,1187,0,0,1187,0.0,0.0,2,0,3,1,3.0,6,Typ,0,0.0,Attchd,1992.0,2.0,2.0,420.0,3.0,2.0,0,21,0,0,0,0,NoFence,0,8,2007,WD ,Normal,160000,0,0,1,0,1,2,0,0,0,0,0,0,0,0,0,0,0
60,RL,85.0,11050,NoAlley,3.0,Lvl,Inside,2.0,Mitchel,Norm,1Fam,2Story,8,5,1998,1999,Gable,VinylSd,VinylSd,None,0.0,3.0,2.0,PConc,4.0,3.0,1.0,6.0,615.0,1.0,0.0,434.0,1049.0,4.0,Y,4.0,1036,880,0,1916,1.0,0.0,2,1,3,1,3.0,8,Typ,1,3.0,Attchd,1998.0,1.0,3.0,741.0,3.0,2.0,0,70,0,0,0,0,NoFence,0,5,2010,WD ,Normal,254900,0,1,1,0,1,3,0,0,0,0,0,0,0,0,0,0,0
20,RL,82.0,11070,NoAlley,3.0,Lvl,Inside,2.0,Mitchel,Norm,1Fam,1Story,5,5,1991,1991,Gable,HdBoard,HdBoard,None,0.0,2.0,2.0,PConc,4.0,3.0,1.0,4.0,55.0,1.0,0.0,1527.0,1582.0,2.0,Y,4.0,1595,0,0,1595,1.0,0.0,2,0,2,1,2.0,5,Typ,0,0.0,Detchd,1991.0,1.0,2.0,672.0,3.0,2.0,0,0,0,0,0,0,NoFence,0,4,2009,COD,Abnorml,152000,0,0,1,0,1,2,0,0,0,0,0,0,0,0,0,0,0
50,RM,52.0,6240,NoAlley,3.0,Lvl,Inside,2.0,BrkSide,Norm,1Fam,1.5Fin,5,7,1930,1992,Gable,Wd Sdng,Wd Sdng,None,0.0,2.0,2.0,BrkTil,3.0,3.0,1.0,1.0,0.0,1.0,0.0,966.0,966.0,4.0,Y,4.0,1014,412,0,1426,0.0,0.0,1,0,3,1,2.0,6,Typ,1,4.0,Detchd,1930.0,1.0,1.0,230.0,2.0,2.0,174,0,96,0,0,0,GdPrv,0,7,2007,WD ,Normal,131750,0,1,1,1,1,4,0,0,0,0,0,0,0,0,0,0,0
20,RL,80.0,20355,NoAlley,3.0,Low,Inside,1.0,ClearCr,Norm,1Fam,1Story,7,6,1967,1967,Gable,Plywood,Plywood,BrkFace,123.0,2.0,2.0,CBlock,4.0,3.0,3.0,3.0,810.0,5.0,826.0,229.0,1865.0,2.0,Y,4.0,1830,0,0,1830,1.0,0.0,1,0,2,1,2.0,6,Typ,2,4.0,Attchd,1967.0,1.0,2.0,521.0,3.0,2.0,0,115,168,0,0,0,NoFence,0,6,2006,WD ,Normal,278000,0,1,1,0,1,3,0,0,0,0,0,0,0,0,0,0,0
20,RL,77.0,10872,NoAlley,2.0,Lvl,Inside,2.0,NridgHt,Norm,1Fam,1Story,9,5,2006,2006,Gable,VinylSd,VinylSd,Stone,122.0,3.0,2.0,PConc,5.0,4.0,3.0,6.0,1037.0,1.0,0.0,467.0,1504.0,4.0,Y,4.0,1531,0,0,1531,1.0,0.0,2,0,2,1,4.0,6,Typ,1,4.0,Attchd,2006.0,3.0,3.0,700.0,3.0,2.0,184,52,0,0,0,0,NoFence,0,2,2009,WD ,Normal,300000,0,1,1,0,1,3,0,0,0,0,0,0,0,0,0,0,0
60,RL,106.0,12720,NoAlley,3.0,Lvl,Inside,2.0,NoRidge,Norm,1Fam,2Story,8,5,2000,2000,Gable,VinylSd,VinylSd,BrkFace,150.0,3.0,2.0,PConc,4.0,3.0,2.0,6.0,1173.0,1.0,0.0,282.0,1455.0,4.0,Y,4.0,1466,1221,0,2687,1.0,0.0,2,1,4,1,3.0,10,Typ,2,3.0,BuiltIn,2000.0,2.0,3.0,810.0,3.0,2.0,252,30,0,0,0,0,NoFence,0,9,2009,WD ,Normal,327000,0,1,1,0,1,3,0,0,0,0,0,0,0,0,0,0,0
20,RL,69.0,14850,NoAlley,2.0,Lvl,Inside,2.0,NAmes,Norm,1Fam,1Story,5,5,1957,1957,Gable,Wd Sdng,Wd Sdng,None,0.0,2.0,2.0,CBlock,3.0,3.0,1.0,3.0,895.0,1.0,0.0,197.0,1092.0,2.0,Y,3.0,1092,0,0,1092,1.0,0.0,1,0,2,1,2.0,6,Typ,1,3.0,Attchd,1957.0,3.0,1.0,299.0,3.0,2.0,268,0,0,0,122,0,MnWw,0,5,2006,WD ,Normal,141000,0,1,1,1,1,4,0,0,0,0,0,0,0,0,0,0,0
30,RM,60.0,6978,NoAlley,3.0,Bnk,Inside,2.0,OldTown,Artery,1Fam,1Story,5,7,1926,1980,Gable,MetalSd,MetalSd,None,0.0,3.0,3.0,BrkTil,3.0,3.0,1.0,1.0,0.0,1.0,0.0,850.0,850.0,2.0,Y,4.0,960,0,0,960,0.0,0.0,1,0,2,1,2.0,5,Typ,0,0.0,Detchd,1981.0,2.0,2.0,576.0,3.0,2.0,0,0,116,0,0,0,NoFence,0,4,2007,WD ,Normal,103000,0,0,1,0,1,2,0,0,0,0,0,0,0,0,0,0,0
120,RM,70.0,4426,NoAlley,3.0,Lvl,Inside,2.0,CollgCr,Norm,TwnhsE,1Story,6,5,2004,2004,Gable,VinylSd,VinylSd,BrkFace,147.0,3.0,2.0,PConc,4.0,3.0,3.0,6.0,697.0,1.0,0.0,151.0,848.0,4.0,Y,4.0,848,0,0,848,1.0,0.0,1,0,1,1,3.0,3,Typ,1,3.0,Attchd,2004.0,2.0,2.0,420.0,3.0,2.0,149,0,0,0,0,0,NoFence,0,5,2008,WD ,Normal,149300,0,1,1,0,1,3,0,0,0,0,0,0,0,0,0,0,0
60,RL,58.0,17104,NoAlley,2.0,Lvl,Inside,2.0,Gilbert,Norm,1Fam,2Story,7,5,2006,2006,Gable,VinylSd,VinylSd,None,0.0,3.0,2.0,PConc,4.0,4.0,3.0,6.0,554.0,1.0,0.0,100.0,654.0,4.0,Y,4.0,664,832,0,1496,1.0,0.0,2,1,3,1,3.0,7,Typ,1,4.0,Attchd,2006.0,2.0,2.0,426.0,3.0,2.0,100,24,0,0,0,0,NoFence,0,9,2006,New,Partial,179665,0,1,1,0,1,3,0,0,0,0,0,0,0,0,0,0,0
160,RM,24.0,2522,NoAlley,3.0,Lvl,Inside,2.0,Edwards,Norm,Twnhs,2Story,7,5,2004,2004,Gable,VinylSd,VinylSd,Stone,50.0,3.0,2.0,PConc,4.0,3.0,1.0,1.0,0.0,1.0,0.0,970.0,970.0,4.0,Y,4.0,970,739,0,1709,0.0,0.0,2,0,3,1,3.0,7,Maj1,0,0.0,Detchd,2004.0,1.0,2.0,380.0,3.0,2.0,0,40,0,0,0,0,NoFence,0,5,2006,WD ,Normal,130000,0,0,1,0,1,2,0,0,0,0,0,0,0,0,0,0,0
20,RL,60.0,7200,NoAlley,3.0,Lvl,Corner,2.0,NAmes,Norm,1Fam,1Story,5,7,1952,1952,Gable,MetalSd,MetalSd,None,0.0,2.0,3.0,CBlock,3.0,4.0,1.0,5.0,630.0,4.0,102.0,0.0,732.0,2.0,Y,4.0,732,0,0,732,1.0,0.0,1,0,2,1,2.0,4,Typ,0,0.0,Detchd,1952.0,1.0,1.0,240.0,3.0,2.0,0,68,0,0,0,0,NoFence,0,9,2009,WD ,Normal,118900,0,0,1,0,1,2,0,0,0,0,0,0,0,0,0,0,0
45,RL,85.0,12172,NoAlley,3.0,Lvl,Inside,2.0,NAmes,Norm,1Fam,1.5Unf,5,7,1940,1996,Gable,Wd Sdng,HdBoard,None,0.0,2.0,2.0,PConc,3.0,3.0,1.0,2.0,130.0,3.0,259.0,433.0,822.0,2.0,Y,4.0,908,0,0,908,0.0,0.0,1,0,2,1,2.0,4,Typ,0,0.0,Attchd,1975.0,1.0,2.0,512.0,3.0,2.0,284,24,0,0,192,0,MnPrv,0,10,2007,WD ,Normal,138500,0,0,1,1,1,3,0,0,0,0,0,0,0,0,0,0,0
80,RL,93.0,10090,NoAlley,2.0,Lvl,Inside,2.0,NAmes,Norm,1Fam,SLvl,7,5,1963,1999,Gable,Plywood,Plywood,BrkFace,364.0,2.0,2.0,CBlock,3.0,3.0,3.0,3.0,242.0,5.0,483.0,0.0,725.0,2.0,Y,4.0,1035,616,0,1651,0.0,1.0,2,0,4,1,2.0,6,Typ,2,3.0,BuiltIn,1963.0,1.0,1.0,276.0,3.0,2.0,460,46,0,0,165,0,MnPrv,0,10,2007,WD ,Normal,172000,0,1,1,1,1,4,0,0,0,0,0,0,0,0,0,0,0
190,RM,56.0,7745,Grvl,3.0,Lvl,Inside,2.0,OldTown,Norm,2fmCon,1.5Fin,4,6,1900,1950,Gable,MetalSd,MetalSd,None,0.0,3.0,2.0,PConc,3.0,3.0,1.0,1.0,0.0,1.0,0.0,938.0,938.0,3.0,N,4.0,1084,867,0,1951,0.0,0.0,2,0,4,2,1.0,9,Typ,0,0.0,Detchd,1993.0,1.0,2.0,576.0,3.0,1.0,0,6,28,0,0,0,NoFence,0,4,2006,WD ,Normal,111500,0,0,0,0,1,1,0,0,0,0,0,0,0,0,0,0,0
20,RL,63.0,17423,NoAlley,2.0,Lvl,CulDSac,2.0,StoneBr,Norm,1Fam,1Story,9,5,2008,2009,Hip,VinylSd,VinylSd,Stone,748.0,4.0,2.0,PConc,5.0,3.0,1.0,6.0,1904.0,1.0,0.0,312.0,2216.0,4.0,Y,4.0,2234,0,0,2234,1.0,0.0,2,0,1,1,4.0,9,Typ,1,4.0,Attchd,2009.0,3.0,3.0,1166.0,3.0,2.0,0,60,0,0,0,0,NoFence,0,7,2009,New,Partial,501837,0,1,1,0,1,3,0,0,0,0,0,0,0,0,0,0,0
30,RL,50.0,11672,Pave,1.0,Lvl,Inside,2.0,BrkSide,Norm,1Fam,1Story,5,5,1925,1950,Gable,MetalSd,MetalSd,None,0.0,2.0,2.0,BrkTil,3.0,3.0,1.0,1.0,0.0,1.0,0.0,816.0,816.0,2.0,Y,3.0,816,0,0,816,0.0,0.0,1,0,2,1,2.0,4,Typ,0,0.0,Detchd,1925.0,1.0,1.0,210.0,2.0,0.0,168,0,112,0,0,0,NoFence,0,7,2006,WD ,Normal,109000,0,0,1,0,1,2,0,0,0,0,0,0,0,0,0,0,0
160,RM,21.0,1894,NoAlley,3.0,Lvl,Inside,2.0,MeadowV,Norm,TwnhsE,2Story,4,5,1970,1970,Gable,CemntBd,CmentBd,None,0.0,2.0,2.0,CBlock,3.0,3.0,1.0,3.0,252.0,1.0,0.0,294.0,546.0,2.0,Y,4.0,546,546,0,1092,0.0,0.0,1,1,3,1,2.0,6,Typ,0,0.0,CarPort,1970.0,1.0,1.0,286.0,3.0,2.0,0,24,0,0,0,0,NoFence,0,4,2006,WD ,Abnorml,71000,0,0,1,0,1,2,0,0,0,0,0,0,0,0,0,0,0
20,RL,73.0,12929,NoAlley,2.0,Lvl,Inside,2.0,NAmes,Norm,1Fam,1Story,6,6,1960,1993,Gable,Wd Sdng,Wd Sdng,BrkFace,276.0,2.0,2.0,CBlock,3.0,3.0,4.0,6.0,697.0,1.0,0.0,384.0,1081.0,2.0,Y,4.0,1081,0,0,1081,1.0,0.0,1,0,3,1,2.0,5,Typ,0,0.0,CarPort,1960.0,1.0,1.0,401.0,3.0,2.0,36,82,0,0,0,0,NoFence,0,6,2008,WD ,Normal,148000,0,0,1,0,1,2,0,0,0,0,0,0,0,0,0,0,0
80,RL,85.0,19645,NoAlley,2.0,Lvl,FR2,2.0,Crawfor,Norm,1Fam,SLvl,7,6,1994,2007,Gable,VinylSd,VinylSd,BrkFace,44.0,2.0,2.0,PConc,4.0,3.0,1.0,6.0,343.0,1.0,0.0,80.0,423.0,4.0,Y,4.0,896,756,0,1652,1.0,0.0,2,1,3,1,3.0,6,Typ,0,0.0,BuiltIn,1994.0,2.0,2.0,473.0,3.0,2.0,0,0,0,0,0,0,NoFence,0,6,2010,WD ,Normal,203135,0,0,1,0,1,2,0,0,0,0,0,0,0,0,0,0,0
50,RM,60.0,9600,Grvl,3.0,Lvl,Inside,2.0,OldTown,Norm,1Fam,1.5Fin,6,8,1900,2004,Gable,Wd Sdng,Wd Sdng,None,0.0,2.0,2.0,BrkTil,3.0,3.0,1.0,3.0,381.0,1.0,0.0,399.0,780.0,4.0,Y,4.0,940,476,0,1416,0.0,1.0,1,0,3,1,3.0,7,Typ,0,0.0,Detchd,1956.0,1.0,2.0,400.0,3.0,2.0,0,24,0,0,0,0,NoFence,0,6,2006,WD ,Normal,156500,0,0,1,0,1,2,0,0,0,0,0,0,0,0,0,0,0
120,RM,37.0,4435,NoAlley,3.0,Lvl,Inside,2.0,CollgCr,Norm,TwnhsE,1Story,6,5,2003,2003,Gable,VinylSd,VinylSd,BrkFace,170.0,3.0,2.0,PConc,4.0,3.0,3.0,6.0,686.0,1.0,0.0,162.0,848.0,4.0,Y,4.0,848,0,0,848,1.0,0.0,1,0,1,1,3.0,3,Typ,0,0.0,Attchd,2003.0,3.0,2.0,420.0,3.0,2.0,140,0,0,0,0,0,NoFence,0,3,2008,WD ,Normal,136500,0,0,1,0,1,2,0,0,0,0,0,0,0,0,0,0,0
50,RL,70.0,12392,NoAlley,3.0,Bnk,Inside,2.0,Crawfor,Norm,1Fam,1.5Fin,7,9,1950,2000,Gable,VinylSd,VinylSd,None,0.0,2.0,3.0,CBlock,3.0,4.0,1.0,6.0,435.0,1.0,0.0,397.0,832.0,4.0,Y,4.0,1218,943,0,2161,1.0,0.0,2,1,3,1,3.0,8,Typ,2,3.0,Attchd,1994.0,3.0,2.0,506.0,3.0,2.0,0,96,0,0,0,0,NoFence,0,4,2008,WD ,Normal,263400,0,1,1,0,1,3,0,0,0,0,0,0,0,0,0,0,0
20,RM,70.0,12702,NoAlley,3.0,Lvl,Inside,2.0,OldTown,Norm,1Fam,1Story,5,5,1956,1956,Gable,BrkFace,BrkFace,None,0.0,2.0,2.0,PConc,0.0,0.0,0.0,0.0,0.0,0.0,0.0,0.0,0.0,3.0,Y,3.0,882,0,0,882,0.0,0.0,1,0,2,1,2.0,4,Typ,0,0.0,Detchd,1956.0,1.0,1.0,308.0,3.0,2.0,0,45,0,0,0,0,NoFence,0,12,2008,WD ,Normal,97000,0,0,1,0,1,2,0,0,0,0,0,0,0,0,0,0,0
20,RL,140.0,19138,NoAlley,3.0,Lvl,Corner,2.0,Gilbert,Norm,1Fam,1Story,4,5,1951,1951,Gable,VinylSd,VinylSd,None,0.0,2.0,2.0,CBlock,3.0,3.0,1.0,2.0,120.0,1.0,0.0,744.0,864.0,4.0,Y,4.0,864,0,0,864,0.0,0.0,1,0,2,1,2.0,4,Typ,0,0.0,Detchd,1951.0,1.0,2.0,400.0,3.0,2.0,0,0,0,0,0,0,NoFence,0,6,2010,WD ,Normal,141000,0,0,1,0,1,2,0,0,0,0,0,0,0,0,0,0,0
20,RL,74.0,8532,NoAlley,3.0,Lvl,Inside,2.0,NAmes,Norm,1Fam,1Story,5,6,1954,1990,Hip,Wd Sdng,Wd Sdng,BrkFace,650.0,2.0,2.0,CBlock,3.0,3.0,1.0,3.0,1213.0,1.0,0.0,84.0,1297.0,3.0,Y,4.0,1297,0,0,1297,0.0,1.0,1,0,3,1,2.0,5,Typ,1,3.0,Attchd,1954.0,3.0,2.0,498.0,3.0,2.0,0,0,0,0,0,0,NoFence,0,10,2009,WD ,Normal,153000,0,1,1,0,1,3,0,0,0,0,0,0,0,0,0,0,0
20,RL,90.0,10454,NoAlley,2.0,Lvl,Corner,2.0,NAmes,Norm,1Fam,1Story,6,6,1957,1957,Hip,Plywood,Plywood,Stone,143.0,2.0,2.0,CBlock,3.0,3.0,1.0,3.0,546.0,1.0,0.0,559.0,1105.0,3.0,Y,3.0,1105,0,0,1105,0.0,0.0,1,0,3,1,2.0,5,Typ,0,0.0,Detchd,1957.0,1.0,1.0,308.0,3.0,2.0,0,0,0,0,0,0,NoFence,0,4,2009,WD ,Normal,135000,0,0,1,0,1,2,0,0,0,0,0,0,0,0,0,0,0
60,RL,64.0,12394,NoAlley,2.0,Lvl,Corner,2.0,Gilbert,Norm,1Fam,2Story,7,5,2003,2003,Gable,VinylSd,VinylSd,None,0.0,3.0,2.0,PConc,4.0,3.0,4.0,1.0,0.0,1.0,0.0,847.0,847.0,4.0,Y,4.0,847,886,0,1733,0.0,0.0,2,1,3,1,3.0,7,Typ,1,4.0,BuiltIn,2003.0,3.0,2.0,433.0,3.0,2.0,100,48,0,0,0,0,NoFence,0,10,2007,WD ,Family,225000,0,1,1,0,1,3,0,0,0,0,0,0,0,0,0,0,0
190,RL,65.0,8450,NoAlley,3.0,Lvl,Inside,2.0,Sawyer,RRAe,2fmCon,1Story,5,5,1968,1968,Gable,HdBoard,HdBoard,None,0.0,2.0,2.0,CBlock,3.0,2.0,2.0,5.0,890.0,1.0,0.0,0.0,890.0,3.0,N,4.0,890,0,0,890,1.0,0.0,1,0,3,1,2.0,5,Typ,0,0.0,Detchd,1970.0,1.0,1.0,308.0,3.0,2.0,0,0,0,0,0,0,NoFence,0,4,2008,WD ,Normal,115000,0,0,0,0,1,1,0,0,0,0,0,0,0,0,0,0,0
20,RL,91.0,14145,NoAlley,3.0,Lvl,Corner,2.0,NWAmes,Norm,1Fam,1Story,7,7,1984,1998,Gable,Wd Sdng,Wd Sdng,None,0.0,3.0,2.0,CBlock,4.0,3.0,2.0,5.0,213.0,1.0,0.0,995.0,1208.0,4.0,Y,4.0,1621,0,0,1621,1.0,0.0,2,0,3,1,3.0,8,Typ,0,0.0,Attchd,1984.0,2.0,2.0,440.0,3.0,2.0,108,45,0,0,0,0,NoFence,400,5,2006,WD ,Normal,202500,0,0,1,0,1,2,0,0,0,0,0,0,0,0,0,0,0
60,RL,78.0,9316,NoAlley,3.0,Lvl,Inside,2.0,CollgCr,Norm,1Fam,2Story,7,5,2005,2006,Gable,VinylSd,VinylSd,None,0.0,3.0,2.0,PConc,4.0,3.0,4.0,1.0,0.0,1.0,0.0,879.0,879.0,4.0,Y,4.0,879,916,0,1795,0.0,0.0,2,1,3,1,3.0,7,Typ,0,0.0,Attchd,2005.0,2.0,2.0,578.0,3.0,2.0,164,111,0,0,0,0,NoFence,0,10,2007,WD ,Normal,191000,0,0,1,0,1,2,0,0,0,0,0,0,0,0,0,0,0
20,RL,73.0,39104,NoAlley,2.0,Low,CulDSac,0.0,ClearCr,Norm,1Fam,1Story,7,7,1954,2005,Flat,Plywood,Plywood,None,0.0,2.0,2.0,CBlock,4.0,3.0,4.0,2.0,226.0,6.0,1063.0,96.0,1385.0,4.0,Y,4.0,1363,0,0,1363,1.0,0.0,1,0,2,1,2.0,5,Mod,2,3.0,Attchd,1954.0,1.0,2.0,439.0,3.0,2.0,81,0,0,0,0,0,NoFence,0,4,2008,WD ,Normal,241500,0,1,1,0,1,3,0,0,0,0,0,0,0,0,0,0,0
20,RL,75.0,9937,NoAlley,3.0,Lvl,Inside,2.0,Edwards,Norm,1Fam,1Story,5,6,1965,1965,Gable,HdBoard,HdBoard,None,0.0,3.0,2.0,CBlock,3.0,3.0,1.0,4.0,830.0,2.0,290.0,136.0,1256.0,3.0,Y,4.0,1256,0,0,1256,1.0,0.0,1,1,3,1,2.0,6,Typ,0,0.0,Attchd,1965.0,3.0,1.0,276.0,3.0,2.0,736,68,0,0,0,0,NoFence,0,6,2008,WD ,Normal,147500,0,0,1,0,1,2,0,0,0,0,0,0,0,0,0,0,0
50,RM,120.0,9000,NoAlley,3.0,Lvl,Corner,2.0,OldTown,Norm,1Fam,1.5Fin,5,8,1900,2006,Gable,Stucco,Stucco,None,0.0,2.0,2.0,BrkTil,3.0,2.0,1.0,4.0,130.0,1.0,0.0,550.0,680.0,4.0,Y,4.0,680,494,0,1174,0.0,0.0,1,0,2,1,3.0,6,Typ,1,4.0,Detchd,2000.0,1.0,2.0,576.0,3.0,2.0,116,26,40,0,0,0,MnPrv,0,6,2007,WD ,Normal,135000,0,1,1,1,1,4,0,0,0,0,0,0,0,0,0,0,0
20,RL,78.0,10140,NoAlley,3.0,Lvl,Inside,2.0,NWAmes,Norm,1Fam,1Story,6,6,1974,1999,Hip,HdBoard,HdBoard,BrkFace,99.0,2.0,2.0,CBlock,3.0,3.0,1.0,5.0,663.0,2.0,377.0,0.0,1040.0,1.0,Y,4.0,1309,0,0,1309,1.0,0.0,1,1,3,1,3.0,5,Typ,1,2.0,Attchd,1974.0,2.0,2.0,484.0,3.0,2.0,265,0,0,0,0,648,GdPrv,0,1,2006,WD ,Normal,181000,1,1,1,1,1,5,0,0,0,0,0,0,0,0,0,0,0
60,RL,96.0,10542,NoAlley,3.0,Lvl,Inside,2.0,NoRidge,Norm,1Fam,2Story,7,5,1993,1994,Hip,Wd Sdng,ImStucc,BrkFace,651.0,3.0,2.0,PConc,4.0,3.0,4.0,6.0,1173.0,1.0,0.0,138.0,1311.0,4.0,Y,4.0,1325,1093,0,2418,1.0,0.0,2,1,3,1,3.0,9,Typ,1,3.0,Attchd,1993.0,2.0,3.0,983.0,3.0,2.0,250,154,216,0,0,0,NoFence,0,8,2008,WD ,Normal,341000,0,1,1,0,1,3,0,0,0,0,0,0,0,0,0,0,0
20,RL,73.0,14357,NoAlley,2.0,Lvl,CulDSac,2.0,NAmes,Norm,1Fam,1Story,5,5,1961,1961,Hip,Wd Sdng,Wd Sdng,None,0.0,2.0,2.0,CBlock,3.0,3.0,1.0,5.0,311.0,2.0,167.0,386.0,864.0,2.0,Y,4.0,1187,0,0,1187,1.0,0.0,1,0,2,1,2.0,6,Typ,1,3.0,Attchd,1961.0,2.0,2.0,440.0,3.0,2.0,128,0,0,0,0,0,NoFence,0,8,2007,CWD,Normal,140500,0,1,1,0,1,3,0,0,0,0,0,0,0,0,0,0,0
30,RM,60.0,6756,NoAlley,3.0,Lvl,Inside,2.0,OldTown,Norm,1Fam,1Story,5,6,1910,1950,Mansard,MetalSd,MetalSd,None,0.0,2.0,2.0,BrkTil,3.0,4.0,1.0,1.0,0.0,1.0,0.0,481.0,481.0,2.0,N,3.0,899,0,0,899,0.0,0.0,1,0,2,1,2.0,5,Typ,0,0.0,Detchd,1930.0,1.0,1.0,200.0,2.0,1.0,0,0,96,0,0,0,NoFence,0,9,2008,WD ,Normal,78000,0,0,0,0,1,1,0,0,0,0,0,0,0,0,0,0,0
60,RL,64.0,7685,NoAlley,2.0,Lvl,Inside,2.0,Gilbert,Norm,1Fam,2Story,6,5,1993,1994,Gable,HdBoard,HdBoard,BrkFace,112.0,2.0,2.0,PConc,4.0,3.0,1.0,5.0,518.0,1.0,0.0,179.0,697.0,3.0,Y,4.0,697,804,0,1501,0.0,0.0,2,1,3,1,3.0,6,Typ,1,3.0,Attchd,1993.0,3.0,2.0,420.0,3.0,2.0,190,63,0,0,0,0,NoFence,0,5,2006,WD ,Normal,165600,0,1,1,0,1,3,0,0,0,0,0,0,0,0,0,0,0
50,RL,60.0,10284,NoAlley,3.0,Lvl,Corner,2.0,OldTown,Norm,1Fam,1.5Fin,4,7,1925,1993,Gable,MetalSd,MetalSd,None,0.0,2.0,2.0,CBlock,3.0,3.0,2.0,5.0,1030.0,2.0,66.0,55.0,1151.0,4.0,Y,4.0,845,436,0,1281,1.0,0.0,2,0,1,1,2.0,6,Mod,0,0.0,Detchd,1978.0,1.0,2.0,580.0,3.0,2.0,0,0,0,0,0,0,NoFence,0,8,2007,WD ,Abnorml,128500,0,0,1,0,1,2,0,0,0,0,0,0,0,0,0,0,0
70,RM,60.0,9600,NoAlley,3.0,Lvl,Inside,2.0,OldTown,Norm,1Fam,2Story,4,4,1910,1950,Gable,VinylSd,VinylSd,None,0.0,3.0,3.0,BrkTil,2.0,3.0,1.0,1.0,0.0,1.0,0.0,677.0,677.0,2.0,Y,4.0,833,677,0,1510,0.0,0.0,2,0,3,1,3.0,7,Typ,0,0.0,Detchd,1974.0,1.0,2.0,720.0,3.0,0.0,0,0,160,0,0,0,NoFence,0,6,2009,WD ,Normal,87500,0,0,1,0,1,2,0,0,0,0,0,0,0,0,0,0,0
50,RL,52.0,9144,Pave,3.0,Lvl,Inside,2.0,BrkSide,Norm,1Fam,1.5Fin,5,5,1940,1982,Gable,MetalSd,MetalSd,None,0.0,2.0,2.0,CBlock,3.0,3.0,1.0,3.0,399.0,1.0,0.0,484.0,883.0,3.0,Y,4.0,988,517,0,1505,1.0,0.0,1,0,3,1,2.0,8,Typ,0,0.0,Detchd,1940.0,1.0,1.0,240.0,3.0,0.0,0,0,0,0,0,0,NoFence,0,7,2008,WD ,Normal,145000,0,0,1,0,1,2,0,0,0,0,0,0,0,0,0,0,0
120,RL,53.0,4043,NoAlley,3.0,Lvl,Inside,2.0,NPkVill,Norm,TwnhsE,1Story,6,5,1975,1975,Gable,Plywood,Plywood,None,0.0,2.0,2.0,CBlock,4.0,3.0,1.0,5.0,727.0,4.0,156.0,186.0,1069.0,3.0,Y,4.0,1069,0,0,1069,0.0,1.0,2,0,2,1,2.0,4,Typ,1,1.0,Attchd,1975.0,2.0,2.0,440.0,3.0,2.0,0,55,0,0,225,0,NoFence,0,7,2006,WD ,Normal,146300,0,1,1,0,1,3,0,0,0,0,0,0,0,0,0,0,0
60,RL,75.0,8778,NoAlley,3.0,Lvl,Inside,2.0,Somerst,Norm,1Fam,2Story,8,5,2006,2006,Gable,VinylSd,VinylSd,None,0.0,3.0,2.0,PConc,4.0,3.0,1.0,1.0,0.0,1.0,0.0,1302.0,1302.0,4.0,Y,4.0,1302,528,0,1830,0.0,0.0,2,1,3,1,3.0,7,Typ,0,0.0,BuiltIn,2006.0,2.0,3.0,859.0,3.0,2.0,0,40,0,0,0,0,NoFence,0,3,2007,WD ,Normal,221300,0,0,1,0,1,2,0,0,0,0,0,0,0,0,0,0,0
20,RL,79.0,10289,NoAlley,3.0,Lvl,Inside,2.0,NAmes,Norm,1Fam,1Story,5,7,1965,1965,Hip,MetalSd,MetalSd,BrkFace,168.0,2.0,2.0,CBlock,3.0,3.0,1.0,5.0,836.0,1.0,0.0,237.0,1073.0,2.0,Y,4.0,1073,0,0,1073,1.0,0.0,1,1,3,1,2.0,6,Typ,0,0.0,Attchd,1965.0,2.0,2.0,515.0,3.0,2.0,0,0,0,0,0,0,NoFence,0,6,2007,WD ,Normal,156000,0,0,1,0,1,2,0,0,0,0,0,0,0,0,0,0,0
50,RL,124.0,18600,NoAlley,3.0,Lvl,Inside,2.0,Edwards,Norm,1Fam,1.5Fin,3,4,1938,1990,Gable,Wd Sdng,Wd Sdng,None,0.0,2.0,2.0,CBlock,3.0,3.0,2.0,4.0,288.0,2.0,684.0,0.0,972.0,2.0,Y,3.0,1052,558,0,1610,0.0,1.0,2,0,4,1,1.0,8,Typ,1,4.0,Attchd,1938.0,2.0,1.0,480.0,3.0,2.0,0,0,60,0,0,0,NoFence,450,6,2010,WD ,Normal,124000,0,1,1,0,1,3,0,0,0,0,0,0,0,0,0,0,0
20,RL,120.0,13560,NoAlley,3.0,Lvl,Corner,2.0,NAmes,Norm,1Fam,1Story,6,3,1968,1968,Hip,Wd Sdng,Wd Sdng,BrkFace,216.0,2.0,2.0,CBlock,2.0,2.0,1.0,1.0,0.0,1.0,0.0,1392.0,1392.0,3.0,Y,4.0,1392,0,0,1392,1.0,0.0,1,0,2,1,2.0,5,Maj2,2,3.0,Attchd,1968.0,2.0,2.0,576.0,3.0,2.0,0,0,240,0,0,0,NoFence,0,7,2009,WD ,Normal,110000,0,1,1,0,1,3,0,0,0,0,0,0,0,0,0,0,0
50,RM,60.0,5520,NoAlley,2.0,Lvl,FR2,2.0,BrkSide,Feedr,1Fam,1.5Fin,5,7,1920,1997,Gable,AsbShng,AsbShng,None,0.0,2.0,3.0,BrkTil,3.0,3.0,1.0,5.0,68.0,1.0,0.0,497.0,565.0,2.0,Y,4.0,565,651,0,1216,1.0,0.0,1,0,3,1,2.0,6,Typ,1,4.0,BuiltIn,1920.0,2.0,1.0,355.0,2.0,2.0,0,0,180,0,0,0,MnPrv,0,4,2008,WD ,Normal,115000,0,1,1,1,1,4,0,0,0,0,0,0,0,0,0,0,0
75,RM,60.0,7200,NoAlley,3.0,Lvl,Inside,2.0,IDOTRR,Norm,1Fam,2.5Unf,5,7,1920,1996,Gable,MetalSd,MetalSd,None,0.0,2.0,2.0,BrkTil,3.0,2.0,1.0,1.0,0.0,1.0,0.0,530.0,530.0,2.0,N,4.0,581,530,0,1111,0.0,0.0,1,0,3,1,1.0,6,Typ,0,0.0,Detchd,1935.0,1.0,1.0,288.0,3.0,0.0,0,0,144,0,0,0,NoFence,0,3,2007,WD ,Normal,101000,0,0,0,0,1,1,0,0,0,0,0,0,0,0,0,0,0
20,RL,85.0,15300,NoAlley,3.0,Bnk,Inside,2.0,Mitchel,Norm,1Fam,1Story,5,5,1965,1977,Hip,Plywood,HdBoard,None,0.0,2.0,2.0,CBlock,3.0,3.0,1.0,3.0,42.0,1.0,0.0,1026.0,1068.0,2.0,Y,4.0,1264,0,0,1264,1.0,0.0,1,0,2,1,2.0,7,Typ,1,3.0,Attchd,1965.0,1.0,2.0,528.0,3.0,2.0,0,0,0,0,0,0,NoFence,0,6,2010,WD ,Normal,169000,0,1,1,0,1,3,0,0,0,0,0,0,0,0,0,0,0
120,RL,43.0,3182,NoAlley,3.0,Lvl,Inside,2.0,Blmngtn,Norm,TwnhsE,1Story,8,5,2004,2005,Gable,VinylSd,VinylSd,BrkFace,16.0,3.0,2.0,PConc,4.0,3.0,1.0,6.0,24.0,1.0,0.0,1232.0,1256.0,4.0,Y,4.0,1269,0,0,1269,0.0,0.0,2,0,2,1,3.0,6,Typ,1,3.0,Attchd,2004.0,3.0,2.0,430.0,3.0,2.0,146,20,0,0,144,0,NoFence,0,4,2010,WD ,Normal,192000,0,1,1,0,1,3,0,0,0,0,0,0,0,0,0,0,0
30,RM,60.0,6180,NoAlley,3.0,Lvl,Corner,2.0,BrkSide,Norm,1Fam,1Story,6,5,1926,1950,Gable,Wd Sdng,Wd Sdng,None,0.0,2.0,2.0,BrkTil,3.0,3.0,1.0,1.0,0.0,1.0,0.0,960.0,960.0,2.0,N,4.0,986,0,0,986,0.0,0.0,1,0,2,1,2.0,5,Typ,1,4.0,Detchd,1926.0,1.0,1.0,180.0,3.0,2.0,0,128,0,0,0,0,NoFence,0,5,2007,WD ,Normal,102000,0,1,0,0,1,2,0,0,0,0,0,0,0,0,0,0,0
160,FV,34.0,3230,Pave,3.0,Lvl,Corner,2.0,Somerst,Norm,TwnhsE,2Story,6,5,1999,1999,Gable,MetalSd,MetalSd,BrkFace,1129.0,2.0,2.0,PConc,4.0,3.0,1.0,6.0,419.0,1.0,0.0,310.0,729.0,3.0,Y,4.0,729,729,0,1458,0.0,0.0,2,1,2,1,2.0,5,Typ,1,2.0,Detchd,1999.0,1.0,2.0,440.0,3.0,2.0,0,32,0,0,0,0,NoFence,0,6,2007,WD ,Normal,176000,0,1,1,0,1,3,0,0,0,0,0,0,0,0,0,0,0
30,RM,56.0,3153,Grvl,3.0,Lvl,Inside,2.0,OldTown,Norm,1Fam,1Story,5,6,1920,1990,Gable,MetalSd,MetalSd,None,0.0,2.0,2.0,BrkTil,3.0,3.0,1.0,1.0,0.0,1.0,0.0,967.0,967.0,3.0,Y,4.0,967,0,0,967,0.0,0.0,1,0,2,1,2.0,5,Typ,1,4.0,Detchd,1920.0,1.0,1.0,180.0,2.0,0.0,0,0,26,0,0,0,NoFence,0,7,2007,WD ,Normal,99900,0,1,1,0,1,3,0,0,0,0,0,0,0,0,0,0,0
60,FV,75.0,9375,NoAlley,3.0,Lvl,Inside,2.0,Somerst,Norm,1Fam,2Story,8,5,2003,2004,Hip,VinylSd,VinylSd,BrkFace,768.0,3.0,2.0,PConc,5.0,3.0,1.0,1.0,0.0,1.0,0.0,1053.0,1053.0,4.0,Y,4.0,1053,939,0,1992,0.0,0.0,2,1,3,1,3.0,9,Typ,1,4.0,Attchd,2003.0,2.0,2.0,648.0,3.0,2.0,140,45,0,0,0,0,NoFence,0,8,2008,WD ,Normal,250000,0,1,1,0,1,3,0,0,0,0,0,0,0,0,0,0,0
60,RL,85.0,11170,NoAlley,1.0,Lvl,Corner,2.0,Timber,Norm,1Fam,2Story,7,5,1990,1991,Gable,MetalSd,MetalSd,None,0.0,2.0,2.0,Wood,4.0,3.0,1.0,2.0,1216.0,1.0,0.0,0.0,1216.0,4.0,Y,4.0,1298,1216,0,2514,0.0,0.0,2,1,4,1,2.0,8,Typ,0,0.0,Attchd,1990.0,3.0,2.0,693.0,3.0,2.0,0,0,0,0,0,0,GdPrv,0,4,2006,WD ,Normal,250000,0,0,1,1,1,3,0,0,0,0,0,0,0,0,0,0,0
20,RL,91.0,11778,NoAlley,3.0,Lvl,Inside,2.0,CollgCr,Norm,1Fam,1Story,9,5,2008,2008,Hip,VinylSd,VinylSd,Stone,554.0,3.0,2.0,PConc,4.0,3.0,4.0,6.0,2085.0,1.0,0.0,186.0,2271.0,4.0,Y,4.0,2276,0,0,2276,1.0,0.0,2,0,3,1,4.0,7,Typ,2,4.0,Attchd,2008.0,2.0,3.0,1348.0,4.0,2.0,0,0,70,0,255,0,NoFence,0,6,2008,WD ,Abnorml,475000,0,1,1,0,1,3,0,0,0,0,0,0,0,0,0,0,0
20,RL,80.0,11844,NoAlley,2.0,Lvl,Inside,2.0,StoneBr,Norm,1Fam,1Story,8,5,2008,2008,Hip,VinylSd,VinylSd,Stone,464.0,3.0,2.0,PConc,5.0,3.0,2.0,1.0,0.0,1.0,0.0,2046.0,2046.0,4.0,Y,4.0,2046,0,0,2046,0.0,0.0,2,1,3,1,3.0,7,Typ,1,4.0,Attchd,2008.0,3.0,3.0,834.0,3.0,2.0,322,82,0,0,0,0,NoFence,0,7,2009,New,Partial,372500,0,1,1,0,1,3,0,0,0,0,0,0,0,0,0,0,0
120,RL,55.0,7892,NoAlley,3.0,Lvl,Inside,2.0,SawyerW,Norm,TwnhsE,1Story,6,5,1993,1993,Gable,Plywood,Plywood,None,0.0,3.0,2.0,PConc,4.0,3.0,1.0,6.0,300.0,1.0,0.0,899.0,1199.0,4.0,Y,4.0,1199,0,0,1199,0.0,0.0,2,0,2,1,3.0,5,Typ,0,0.0,Attchd,1993.0,2.0,2.0,530.0,3.0,2.0,0,63,0,0,0,0,NoFence,0,3,2008,WD ,Normal,153900,0,0,1,0,1,2,0,0,0,0,0,0,0,0,0,0,0
70,C (all),60.0,9000,NoAlley,3.0,Bnk,Inside,2.0,IDOTRR,Norm,1Fam,2Story,4,6,1920,1950,Gable,MetalSd,MetalSd,None,0.0,2.0,2.0,Stone,2.0,2.0,2.0,1.0,0.0,1.0,0.0,592.0,592.0,4.0,Y,4.0,432,432,0,864,0.0,0.0,1,1,3,1,1.0,5,Min2,0,0.0,Detchd,1920.0,1.0,1.0,216.0,2.0,0.0,0,30,160,0,0,0,NoFence,0,6,2008,WD ,Normal,65000,0,0,1,0,1,2,0,0,0,0,0,0,0,0,0,0,0
50,RL,85.0,14115,NoAlley,2.0,Lvl,Inside,2.0,Mitchel,Norm,1Fam,1.5Fin,5,5,1993,1995,Gable,VinylSd,VinylSd,None,0.0,2.0,2.0,Wood,4.0,3.0,1.0,6.0,732.0,1.0,0.0,64.0,796.0,4.0,Y,4.0,796,566,0,1362,1.0,0.0,1,1,1,1,2.0,5,Typ,0,0.0,Attchd,1993.0,1.0,2.0,480.0,3.0,2.0,40,30,0,320,0,0,MnPrv,700,10,2009,WD ,Normal,143000,0,0,1,1,1,3,0,0,0,0,0,0,0,0,0,0,0
40,RL,60.0,12144,NoAlley,3.0,Lvl,Inside,2.0,NAmes,Norm,1Fam,1Story,5,7,1949,1950,Gable,HdBoard,HdBoard,None,0.0,3.0,2.0,CBlock,3.0,3.0,1.0,3.0,375.0,1.0,0.0,457.0,832.0,3.0,Y,4.0,1036,0,232,1268,0.0,0.0,1,0,3,1,2.0,6,Typ,1,4.0,Attchd,1949.0,1.0,1.0,288.0,3.0,2.0,0,28,0,0,0,0,NoFence,0,9,2009,WD ,Normal,133000,0,1,1,0,1,3,0,0,0,0,0,0,0,0,0,0,0
20,RL,75.0,9000,NoAlley,3.0,Lvl,Inside,2.0,NAmes,Norm,1Fam,1Story,5,5,1954,1954,Gable,Wd Sdng,Wd Sdng,None,0.0,2.0,2.0,CBlock,3.0,3.0,1.0,2.0,812.0,1.0,0.0,124.0,936.0,2.0,Y,4.0,1128,0,0,1128,0.0,0.0,1,0,2,1,2.0,5,Min1,0,0.0,Attchd,1954.0,1.0,1.0,286.0,3.0,2.0,0,0,0,0,0,0,GdWo,0,6,2006,WD ,Family,118000,0,0,1,1,1,3,0,0,0,0,0,0,0,0,0,0,0
20,RL,104.0,14418,NoAlley,2.0,Lvl,Inside,2.0,NridgHt,Norm,1Fam,1Story,9,5,2007,2007,Hip,VinylSd,VinylSd,BrkFace,480.0,4.0,2.0,PConc,5.0,3.0,4.0,6.0,1375.0,1.0,0.0,575.0,1950.0,4.0,Y,4.0,1950,0,0,1950,1.0,0.0,2,0,2,1,4.0,7,Typ,1,4.0,Attchd,2007.0,3.0,3.0,706.0,3.0,2.0,156,207,0,0,0,0,NoFence,0,5,2008,WD ,Normal,383000,0,1,1,0,1,3,0,0,0,0,0,0,0,0,0,0,0
120,RL,34.0,4590,NoAlley,3.0,Lvl,Inside,2.0,NridgHt,Norm,Twnhs,1Story,8,5,2006,2006,Gable,VinylSd,VinylSd,Stone,108.0,3.0,2.0,PConc,4.0,4.0,2.0,6.0,24.0,1.0,0.0,1530.0,1554.0,4.0,Y,4.0,1554,0,0,1554,0.0,0.0,2,0,2,1,3.0,6,Typ,1,4.0,Attchd,2006.0,2.0,2.0,627.0,3.0,2.0,156,73,0,0,0,0,NoFence,0,8,2007,WD ,Normal,209500,0,1,1,0,1,3,0,0,0,0,0,0,0,0,0,0,0
20,RL,91.0,12692,NoAlley,2.0,Lvl,Inside,2.0,NoRidge,Norm,1Fam,1Story,8,5,1992,1993,Hip,BrkFace,BrkFace,None,0.0,3.0,2.0,PConc,4.0,3.0,1.0,6.0,1231.0,1.0,0.0,1969.0,3200.0,4.0,Y,4.0,3228,0,0,3228,1.0,0.0,3,0,4,1,3.0,10,Typ,1,4.0,Attchd,1992.0,2.0,2.0,546.0,3.0,2.0,264,75,291,0,0,0,NoFence,0,5,2007,WD ,Normal,430000,0,1,1,0,1,3,0,0,0,0,0,0,0,0,0,0,0
50,RL,60.0,9900,NoAlley,3.0,Lvl,Inside,2.0,SWISU,Norm,1Fam,1.5Fin,6,7,1940,1950,Gable,VinylSd,VinylSd,None,0.0,2.0,2.0,BrkTil,3.0,3.0,1.0,1.0,0.0,1.0,0.0,778.0,778.0,2.0,Y,4.0,944,545,0,1489,0.0,0.0,2,0,3,1,2.0,7,Typ,1,4.0,Detchd,1940.0,1.0,1.0,240.0,3.0,2.0,335,0,0,0,0,0,GdWo,0,7,2009,WD ,Normal,139500,0,1,1,1,1,4,0,0,0,0,0,0,0,0,0,0,0
20,RL,91.0,10652,NoAlley,2.0,Lvl,Inside,2.0,CollgCr,Norm,1Fam,1Story,7,5,2006,2007,Gable,VinylSd,VinylSd,Stone,306.0,3.0,2.0,PConc,4.0,3.0,3.0,1.0,0.0,1.0,0.0,1494.0,1494.0,4.0,Y,4.0,1494,0,0,1494,0.0,0.0,2,0,3,1,3.0,7,Typ,1,4.0,Attchd,2006.0,2.0,3.0,840.0,3.0,2.0,160,33,0,0,0,0,NoFence,0,8,2007,New,Partial,279500,0,1,1,0,1,3,0,0,0,0,0,0,0,0,0,0,0
20,RL,130.0,11457,NoAlley,2.0,Lvl,Corner,2.0,Timber,Norm,1Fam,1Story,6,5,1988,1988,Gable,HdBoard,HdBoard,None,0.0,2.0,2.0,CBlock,4.0,3.0,2.0,6.0,1005.0,1.0,0.0,387.0,1392.0,2.0,Y,4.0,1412,0,0,1412,1.0,0.0,2,0,3,1,3.0,6,Typ,1,3.0,Attchd,1988.0,1.0,2.0,576.0,3.0,2.0,0,0,169,0,0,0,NoFence,0,3,2009,WD ,Normal,175000,0,1,1,0,1,3,0,0,0,0,0,0,0,0,0,0,0
60,RL,70.0,13142,NoAlley,2.0,Lvl,Corner,2.0,CollgCr,PosN,1Fam,2Story,6,5,1997,1997,Gable,VinylSd,VinylSd,BrkFace,128.0,2.0,2.0,PConc,4.0,3.0,1.0,6.0,688.0,1.0,0.0,176.0,864.0,4.0,Y,4.0,872,899,0,1771,1.0,0.0,2,1,3,1,3.0,6,Typ,0,0.0,Attchd,1997.0,2.0,2.0,600.0,3.0,2.0,0,96,0,0,0,0,NoFence,0,7,2008,WD ,Normal,215700,0,0,1,0,1,2,0,0,0,0,0,0,0,0,0,0,0
30,RM,51.0,6120,NoAlley,3.0,Lvl,Inside,2.0,OldTown,Artery,1Fam,1Story,6,5,1923,1950,Gable,Wd Sdng,Wd Sdng,None,0.0,2.0,2.0,BrkTil,2.0,2.0,1.0,5.0,960.0,1.0,0.0,164.0,1124.0,2.0,Y,4.0,1068,0,0,1068,1.0,0.0,1,0,2,1,2.0,5,Typ,1,4.0,Detchd,1923.0,1.0,1.0,288.0,3.0,2.0,0,0,128,0,0,0,NoFence,0,3,2010,WD ,Normal,109500,0,1,1,0,1,3,0,0,0,0,0,0,0,0,0,0,0
60,RL,68.0,8935,NoAlley,2.0,Lvl,Inside,2.0,CollgCr,Norm,1Fam,2Story,7,5,2002,2002,Gable,VinylSd,VinylSd,BrkFace,95.0,3.0,2.0,PConc,4.0,3.0,1.0,1.0,0.0,1.0,0.0,831.0,831.0,4.0,Y,4.0,831,829,0,1660,0.0,0.0,2,1,3,1,3.0,7,Typ,0,0.0,Attchd,2002.0,2.0,2.0,493.0,3.0,2.0,144,68,0,0,0,0,NoFence,0,7,2009,WD ,Normal,195000,0,0,1,0,1,2,0,0,0,0,0,0,0,0,0,0,0
30,RM,68.0,9656,NoAlley,3.0,Lvl,Inside,2.0,OldTown,Norm,1Fam,1Story,2,2,1923,1970,Gable,AsbShng,AsbShng,None,0.0,2.0,1.0,BrkTil,2.0,2.0,1.0,1.0,0.0,1.0,0.0,678.0,678.0,2.0,N,4.0,832,0,0,832,0.0,0.0,1,0,2,1,2.0,5,Typ,1,4.0,Detchd,1928.0,1.0,2.0,780.0,2.0,0.0,0,0,0,0,0,0,NoFence,0,6,2010,WD ,Abnorml,12789,0,1,0,0,1,2,0,0,0,0,0,0,0,0,0,0,0
60,RL,68.0,9543,NoAlley,2.0,Lvl,Inside,2.0,CollgCr,Norm,1Fam,2Story,7,5,2001,2001,Gable,VinylSd,VinylSd,None,0.0,3.0,2.0,PConc,4.0,3.0,1.0,1.0,0.0,1.0,0.0,845.0,845.0,4.0,Y,4.0,845,845,0,1690,0.0,0.0,2,1,3,1,3.0,7,Typ,0,0.0,Attchd,2001.0,2.0,2.0,517.0,3.0,2.0,0,103,0,0,0,0,NoFence,0,2,2007,WD ,Normal,190550,0,0,1,0,1,2,0,0,0,0,0,0,0,0,0,0,0
75,RL,102.0,15863,NoAlley,3.0,Lvl,Corner,2.0,SWISU,Norm,1Fam,2.5Fin,7,3,1920,1970,Gable,Wd Sdng,Plywood,None,0.0,2.0,2.0,BrkTil,3.0,3.0,1.0,6.0,523.0,1.0,0.0,301.0,824.0,4.0,Y,4.0,1687,998,397,3082,1.0,0.0,2,1,5,1,2.0,12,Typ,2,3.0,Basment,1970.0,3.0,2.0,672.0,3.0,2.0,136,63,0,0,0,0,NoFence,0,8,2009,WD ,Normal,197000,0,1,1,0,1,3,0,0,0,0,0,0,0,0,0,0,0
30,RL,55.0,8250,NoAlley,3.0,Lvl,Inside,2.0,Edwards,Norm,1Fam,1Story,5,7,1935,1950,Gable,Wd Sdng,Wd Sdng,None,0.0,2.0,2.0,Slab,0.0,0.0,0.0,0.0,0.0,0.0,0.0,0.0,0.0,2.0,N,4.0,1032,0,0,1032,0.0,0.0,1,0,2,1,2.0,6,Typ,1,3.0,Detchd,1939.0,1.0,1.0,260.0,3.0,2.0,0,0,121,0,0,0,NoFence,0,6,2006,WD ,Normal,125000,0,1,0,0,1,2,0,0,0,0,0,0,0,0,0,0,0
60,RL,72.0,10463,NoAlley,2.0,HLS,CulDSac,2.0,Gilbert,Norm,1Fam,2Story,8,5,2005,2005,Gable,VinylSd,VinylSd,None,0.0,3.0,2.0,PConc,4.0,3.0,1.0,1.0,0.0,1.0,0.0,893.0,893.0,4.0,Y,4.0,901,900,0,1801,0.0,0.0,2,1,3,1,3.0,8,Typ,1,4.0,Attchd,2005.0,3.0,3.0,800.0,3.0,2.0,0,116,0,0,0,0,NoFence,0,6,2006,WD ,Normal,239900,0,1,1,0,1,3,0,0,0,0,0,0,0,0,0,0,0
60,RL,80.0,13250,NoAlley,2.0,Lvl,Inside,2.0,NWAmes,RRNn,1Fam,2Story,7,6,1978,1978,Gable,HdBoard,HdBoard,BrkFace,256.0,2.0,2.0,CBlock,4.0,3.0,1.0,1.0,0.0,1.0,0.0,832.0,832.0,2.0,Y,4.0,1154,896,0,2050,0.0,0.0,2,1,4,1,3.0,8,Typ,1,3.0,Attchd,1978.0,2.0,2.0,529.0,3.0,2.0,192,192,0,0,0,0,NoFence,0,5,2009,WD ,Abnorml,154000,0,1,1,0,1,3,0,0,0,0,0,0,0,0,0,0,0
50,RM,90.0,15660,NoAlley,3.0,Lvl,Inside,2.0,OldTown,Norm,1Fam,1.5Fin,5,8,1910,2003,Gable,VinylSd,VinylSd,None,0.0,2.0,3.0,CBlock,3.0,3.0,1.0,1.0,0.0,1.0,0.0,240.0,240.0,2.0,Y,4.0,810,496,0,1306,0.0,0.0,1,1,3,1,3.0,6,Typ,0,0.0,Detchd,1959.0,1.0,2.0,472.0,2.0,0.0,0,0,0,0,0,0,MnPrv,0,7,2009,WD ,Normal,130000,0,0,1,1,1,3,0,0,0,0,0,0,0,0,0,0,0
20,RL,85.0,14601,NoAlley,3.0,Lvl,Inside,2.0,Timber,Norm,1Fam,1Story,9,5,2006,2006,Hip,VinylSd,VinylSd,BrkFace,584.0,4.0,2.0,PConc,5.0,3.0,3.0,6.0,1260.0,1.0,0.0,578.0,1838.0,4.0,Y,4.0,1838,0,0,1838,1.0,0.0,2,0,2,1,4.0,8,Typ,1,4.0,Attchd,2006.0,3.0,3.0,765.0,3.0,2.0,270,68,0,0,0,0,NoFence,0,3,2009,WD ,Normal,315000,0,1,1,0,1,3,0,0,0,0,0,0,0,0,0,0,0
20,RL,78.0,7800,NoAlley,3.0,Lvl,Inside,2.0,NAmes,Norm,1Fam,1Story,5,6,1954,1954,Gable,HdBoard,HdBoard,BrkFace,200.0,2.0,2.0,PConc,3.0,3.0,1.0,2.0,540.0,1.0,0.0,728.0,1268.0,3.0,Y,4.0,1268,0,0,1268,0.0,0.0,1,0,2,1,2.0,7,Typ,1,4.0,Attchd,1954.0,3.0,1.0,244.0,3.0,2.0,0,98,0,0,0,0,NoFence,0,3,2010,WD ,Normal,132000,0,1,1,0,1,3,0,0,0,0,0,0,0,0,0,0,0
60,RL,64.0,10762,NoAlley,2.0,Lvl,CulDSac,2.0,Gilbert,Norm,1Fam,2Story,7,5,1999,1999,Gable,VinylSd,VinylSd,BrkFace,344.0,3.0,2.0,PConc,4.0,3.0,1.0,6.0,694.0,1.0,0.0,284.0,978.0,4.0,Y,4.0,1005,978,0,1983,0.0,0.0,2,1,3,1,3.0,9,Typ,1,3.0,Attchd,1999.0,3.0,2.0,490.0,3.0,2.0,0,0,0,0,0,0,NoFence,0,5,2009,WD ,Normal,225000,0,1,1,0,1,3,0,0,0,0,0,0,0,0,0,0,0
120,RL,43.0,5005,NoAlley,2.0,HLS,Inside,2.0,StoneBr,Norm,TwnhsE,1Story,8,5,1992,1992,Gable,HdBoard,HdBoard,None,0.0,3.0,2.0,PConc,4.0,3.0,1.0,5.0,263.0,1.0,0.0,1017.0,1280.0,4.0,Y,4.0,1280,0,0,1280,0.0,0.0,2,0,2,1,3.0,5,Typ,0,0.0,Attchd,1992.0,2.0,2.0,506.0,3.0,2.0,0,82,0,0,144,0,NoFence,0,1,2010,WD ,Normal,191500,0,0,1,0,1,2,0,0,0,0,0,0,0,0,0,0,0
20,RL,80.0,13500,NoAlley,3.0,Lvl,Inside,2.0,ClearCr,Norm,1Fam,1Story,6,7,1960,1975,Flat,BrkFace,Plywood,None,0.0,2.0,2.0,CBlock,4.0,3.0,4.0,4.0,429.0,5.0,1080.0,93.0,1602.0,3.0,Y,4.0,1252,0,0,1252,1.0,0.0,1,0,1,1,2.0,4,Typ,1,4.0,Attchd,1960.0,2.0,2.0,564.0,3.0,2.0,409,0,0,0,0,0,NoFence,0,3,2008,WD ,Normal,235000,0,1,1,0,1,3,0,0,0,0,0,0,0,0,0,0,0
20,RL,80.0,10400,NoAlley,3.0,Lvl,Inside,2.0,NWAmes,Norm,1Fam,1Story,6,5,1979,1999,Gable,MetalSd,MetalSd,BrkFace,253.0,2.0,2.0,CBlock,4.0,3.0,1.0,6.0,903.0,1.0,0.0,356.0,1259.0,4.0,Y,4.0,1353,0,0,1353,1.0,0.0,2,0,2,1,2.0,5,Typ,1,3.0,Attchd,1979.0,2.0,2.0,478.0,3.0,2.0,240,141,0,0,0,0,NoFence,0,8,2007,WD ,Normal,192350,0,1,1,0,1,3,0,0,0,0,0,0,0,0,0,0,0
20,RL,80.0,10000,NoAlley,3.0,Lvl,Inside,2.0,NWAmes,Norm,1Fam,1Story,6,6,1974,1974,Gable,HdBoard,Plywood,BrkFace,176.0,2.0,2.0,CBlock,3.0,3.0,1.0,5.0,755.0,1.0,0.0,348.0,1103.0,2.0,Y,4.0,1103,0,0,1103,0.0,0.0,2,0,3,1,2.0,6,Typ,0,0.0,Attchd,1974.0,1.0,2.0,462.0,3.0,2.0,295,84,0,0,0,0,GdWo,0,6,2006,WD ,Normal,155000,0,0,1,1,1,3,0,0,0,0,0,0,0,0,0,0,0
120,RM,31.0,2394,NoAlley,3.0,Low,Inside,1.0,MeadowV,Norm,Twnhs,1Story,5,6,1973,1973,Gable,CemntBd,CmentBd,None,0.0,2.0,2.0,CBlock,4.0,3.0,4.0,6.0,915.0,1.0,0.0,30.0,945.0,4.0,Y,4.0,945,0,0,945,1.0,1.0,1,0,2,1,2.0,5,Typ,1,1.0,Attchd,1973.0,2.0,1.0,253.0,3.0,2.0,174,0,56,0,108,0,NoFence,0,5,2010,WD ,Normal,119500,0,1,1,0,1,3,0,0,0,0,0,0,0,0,0,0,0
20,RL,60.0,7200,NoAlley,3.0,Low,Inside,2.0,CollgCr,Norm,1Fam,1Story,5,5,1972,1972,Hip,MetalSd,MetalSd,None,0.0,2.0,2.0,CBlock,3.0,3.0,3.0,3.0,777.0,1.0,0.0,117.0,894.0,2.0,Y,4.0,894,0,0,894,0.0,0.0,1,0,2,1,2.0,6,Typ,0,0.0,Detchd,1985.0,2.0,2.0,600.0,3.0,2.0,215,0,0,0,0,0,NoFence,0,9,2009,WD ,Normal,123000,0,0,1,0,1,2,0,0,0,0,0,0,0,0,0,0,0
30,RL,60.0,10800,Grvl,3.0,Lvl,Corner,2.0,OldTown,Norm,1Fam,1Story,3,5,1890,1998,Gable,VinylSd,VinylSd,None,0.0,2.0,2.0,BrkTil,3.0,3.0,1.0,1.0,0.0,1.0,0.0,630.0,630.0,2.0,Y,3.0,725,0,0,725,0.0,0.0,1,1,1,1,2.0,4,Typ,0,0.0,Detchd,1959.0,1.0,1.0,320.0,3.0,2.0,0,30,0,0,0,0,NoFence,0,11,2009,WD ,Normal,78500,0,0,1,0,1,2,0,0,0,0,0,0,0,0,0,0,0
160,RM,21.0,1680,NoAlley,3.0,Lvl,Inside,2.0,BrDale,Norm,Twnhs,2Story,5,7,1972,1972,Gable,CemntBd,CmentBd,BrkFace,268.0,2.0,2.0,CBlock,3.0,3.0,1.0,5.0,231.0,1.0,0.0,399.0,630.0,2.0,Y,4.0,630,672,0,1302,0.0,0.0,2,1,3,1,2.0,6,Typ,0,0.0,Detchd,1972.0,1.0,1.0,264.0,3.0,2.0,185,0,0,0,0,0,NoFence,0,2,2009,WD ,Normal,119500,0,0,1,0,1,2,0,0,0,0,0,0,0,0,0,0,0
20,RL,66.0,7920,NoAlley,3.0,Lvl,Inside,2.0,NAmes,Norm,1Fam,1Story,5,5,1970,2002,Gable,HdBoard,HdBoard,BrkFace,32.0,2.0,2.0,CBlock,3.0,3.0,1.0,5.0,81.0,6.0,619.0,214.0,914.0,4.0,Y,4.0,914,0,0,914,0.0,0.0,1,0,3,1,4.0,5,Typ,0,0.0,Attchd,1970.0,2.0,1.0,368.0,3.0,2.0,120,0,0,0,0,0,NoFence,0,10,2007,WD ,Normal,133000,0,0,1,0,1,2,0,0,0,0,0,0,0,0,0,0,0
60,FV,65.0,8125,NoAlley,3.0,Lvl,Inside,2.0,Somerst,Norm,1Fam,2Story,7,5,2005,2006,Gable,VinylSd,VinylSd,None,0.0,3.0,2.0,PConc,4.0,3.0,1.0,1.0,0.0,1.0,0.0,756.0,756.0,4.0,Y,4.0,756,797,0,1553,0.0,0.0,2,1,3,1,3.0,6,Typ,0,0.0,Attchd,2005.0,2.0,2.0,615.0,3.0,2.0,0,45,0,0,0,0,NoFence,0,3,2006,New,Partial,186500,0,0,1,0,1,2,0,0,0,0,0,0,0,0,0,0,0
20,RL,75.0,9000,NoAlley,3.0,Lvl,Corner,2.0,Sawyer,Norm,1Fam,1Story,5,6,1966,1966,Gable,Plywood,Plywood,None,0.0,2.0,2.0,CBlock,3.0,3.0,1.0,5.0,773.0,1.0,0.0,286.0,1059.0,3.0,Y,4.0,1059,0,0,1059,1.0,0.0,1,0,3,1,2.0,6,Typ,0,0.0,Attchd,1966.0,3.0,1.0,286.0,3.0,2.0,0,88,0,0,0,0,GdWo,0,6,2006,WD ,Abnorml,142500,0,0,1,1,1,3,0,0,0,0,0,0,0,0,0,0,0
60,RL,59.0,11228,NoAlley,1.0,Lvl,CulDSac,2.0,SawyerW,Norm,1Fam,2Story,7,5,1993,1993,Gable,VinylSd,VinylSd,None,0.0,3.0,2.0,PConc,4.0,3.0,1.0,4.0,50.0,6.0,531.0,499.0,1080.0,4.0,Y,4.0,1080,1017,0,2097,0.0,1.0,2,1,3,1,3.0,9,Typ,1,3.0,Attchd,1993.0,1.0,3.0,678.0,3.0,2.0,196,187,0,0,0,0,NoFence,0,12,2008,WD ,Normal,228000,0,1,1,0,1,3,0,0,0,0,0,0,0,0,0,0,0
50,RM,60.0,10800,NoAlley,3.0,Lvl,Inside,2.0,OldTown,Artery,1Fam,1.5Fin,5,6,1915,1950,Gable,MetalSd,MetalSd,None,0.0,2.0,3.0,PConc,2.0,3.0,1.0,2.0,686.0,1.0,0.0,0.0,686.0,2.0,Y,4.0,966,686,0,1652,1.0,0.0,2,0,4,1,2.0,7,Typ,0,0.0,Detchd,1961.0,1.0,1.0,416.0,3.0,2.0,0,0,196,0,0,0,NoFence,1200,6,2010,WD ,Normal,139000,0,0,1,0,1,2,0,0,0,0,0,0,0,0,0,0,0
20,RL,70.0,9658,NoAlley,2.0,Lvl,Inside,2.0,NridgHt,Norm,1Fam,1Story,8,5,2006,2006,Gable,VinylSd,VinylSd,Stone,383.0,3.0,2.0,PConc,4.0,3.0,1.0,1.0,0.0,1.0,0.0,1598.0,1598.0,3.0,Y,4.0,1606,0,0,1606,0.0,0.0,2,0,3,1,3.0,6,Typ,1,4.0,Attchd,2006.0,2.0,3.0,871.0,3.0,2.0,230,60,0,0,0,0,NoFence,0,7,2009,WD ,Normal,255900,0,1,1,0,1,3,0,0,0,0,0,0,0,0,0,0,0
20,FV,72.0,8640,NoAlley,3.0,Lvl,Inside,2.0,Somerst,Norm,1Fam,1Story,8,5,2009,2009,Gable,CemntBd,CmentBd,Stone,72.0,3.0,2.0,PConc,4.0,3.0,2.0,6.0,936.0,1.0,0.0,364.0,1300.0,4.0,Y,4.0,1314,0,0,1314,1.0,0.0,2,0,3,1,3.0,6,Typ,0,0.0,Attchd,2009.0,2.0,2.0,552.0,3.0,2.0,135,112,0,0,0,0,NoFence,0,9,2009,New,Partial,229456,0,0,1,0,1,2,0,0,0,0,0,0,0,0,0,0,0
50,RM,53.0,5830,NoAlley,3.0,Lvl,Corner,2.0,BrkSide,Feedr,1Fam,1.5Fin,5,6,1950,1997,Gable,MetalSd,MetalSd,None,0.0,2.0,3.0,CBlock,3.0,3.0,1.0,3.0,788.0,1.0,0.0,200.0,988.0,4.0,Y,4.0,1030,582,0,1612,0.0,0.0,1,1,3,1,2.0,7,Typ,0,0.0,Detchd,1950.0,1.0,1.0,363.0,3.0,2.0,0,0,0,0,0,0,MnPrv,0,3,2010,WD ,Normal,128500,0,0,1,1,1,3,0,0,0,0,0,0,0,0,0,0,0
30,RL,60.0,10800,Grvl,3.0,Lvl,Inside,2.0,OldTown,Norm,1Fam,1Story,4,6,1927,2007,Gable,Wd Sdng,Wd Sdng,None,0.0,2.0,2.0,BrkTil,3.0,3.0,1.0,1.0,0.0,1.0,0.0,656.0,656.0,2.0,Y,4.0,968,0,0,968,0.0,0.0,2,0,4,1,2.0,5,Typ,0,0.0,Detchd,1928.0,1.0,1.0,216.0,2.0,2.0,0,0,0,0,0,0,NoFence,0,8,2007,WD ,Normal,64500,0,0,1,0,1,2,0,0,0,0,0,0,0,0,0,0,0
20,RL,90.0,9900,NoAlley,3.0,Lvl,Corner,2.0,NAmes,Norm,1Fam,1Story,5,5,1961,1961,Gable,Plywood,Plywood,None,0.0,2.0,3.0,CBlock,3.0,3.0,1.0,1.0,0.0,1.0,0.0,1114.0,1114.0,2.0,Y,4.0,1114,0,0,1114,1.0,0.0,1,0,3,1,2.0,5,Typ,0,0.0,Attchd,1961.0,2.0,2.0,451.0,3.0,2.0,0,0,0,0,164,0,NoFence,0,5,2008,COD,Abnorml,140000,0,0,1,0,1,2,0,0,0,0,0,0,0,0,0,0,0
75,RL,52.0,7793,NoAlley,2.0,Bnk,Corner,2.0,BrkSide,Norm,1Fam,2.5Unf,7,7,1922,2005,Gable,Wd Sdng,Wd Sdng,None,0.0,2.0,2.0,BrkTil,4.0,3.0,1.0,4.0,474.0,1.0,0.0,634.0,1108.0,2.0,N,3.0,1160,908,0,2068,0.0,0.0,1,1,3,1,3.0,8,Typ,1,4.0,Detchd,1928.0,1.0,1.0,315.0,3.0,2.0,0,0,60,0,0,0,NoFence,0,5,2010,WD ,Normal,209500,0,1,0,0,1,2,0,0,0,0,0,0,0,0,0,0,0
60,RL,91.0,9572,NoAlley,2.0,Lvl,Inside,2.0,NoRidge,Norm,1Fam,2Story,8,5,1990,1990,Gable,Wd Sdng,Wd Sdng,BrkFace,336.0,3.0,2.0,PConc,5.0,3.0,1.0,6.0,482.0,1.0,0.0,971.0,1453.0,4.0,Y,4.0,1453,1357,0,2810,0.0,0.0,2,1,4,1,3.0,9,Typ,1,5.0,Attchd,1990.0,2.0,2.0,750.0,4.0,2.0,500,0,0,0,0,0,NoFence,0,6,2007,WD ,Normal,302000,0,1,1,0,1,3,0,0,0,0,0,0,0,0,0,0,0
160,RL,60.0,5062,NoAlley,2.0,Lvl,CulDSac,2.0,StoneBr,Norm,TwnhsE,2Story,7,5,1984,1984,Gable,HdBoard,HdBoard,None,0.0,3.0,2.0,CBlock,4.0,3.0,2.0,6.0,828.0,2.0,182.0,180.0,1190.0,3.0,Y,4.0,1190,900,0,2090,1.0,0.0,2,0,3,1,3.0,6,Min1,1,3.0,Attchd,1984.0,3.0,2.0,577.0,3.0,2.0,219,0,0,0,0,0,NoFence,0,9,2007,WD ,Normal,207500,0,1,1,0,1,3,0,0,0,0,0,0,0,0,0,0,0
20,RL,65.0,7514,NoAlley,3.0,Lvl,Inside,2.0,NAmes,Norm,1Fam,1Story,5,7,1967,1975,Hip,MetalSd,MetalSd,None,0.0,2.0,2.0,CBlock,3.0,3.0,2.0,5.0,373.0,3.0,108.0,462.0,943.0,2.0,Y,4.0,1387,0,0,1387,1.0,0.0,1,0,3,1,2.0,6,Typ,1,3.0,Attchd,1974.0,2.0,1.0,300.0,3.0,2.0,0,0,240,0,0,0,NoFence,0,9,2006,WD ,Normal,145000,0,1,1,0,1,3,0,0,0,0,0,0,0,0,0,0,0
120,RM,35.0,3907,NoAlley,2.0,Bnk,Inside,1.0,Blueste,Norm,TwnhsE,1Story,8,5,1988,1988,Gable,HdBoard,HdBoard,None,0.0,2.0,2.0,CBlock,4.0,3.0,4.0,6.0,577.0,1.0,0.0,427.0,1004.0,3.0,Y,4.0,1020,0,0,1020,1.0,0.0,1,0,1,1,2.0,4,Typ,0,0.0,Attchd,1988.0,1.0,2.0,509.0,3.0,2.0,135,0,0,0,0,0,NoFence,0,3,2007,WD ,Normal,200000,0,0,1,0,1,2,0,0,0,0,0,0,0,0,0,0,0
20,RL,70.0,9286,NoAlley,2.0,Lvl,CulDSac,1.0,CollgCr,Norm,1Fam,1Story,5,7,1977,1989,Gable,HdBoard,Plywood,None,0.0,2.0,2.0,CBlock,4.0,4.0,3.0,5.0,196.0,1.0,0.0,1072.0,1268.0,2.0,Y,4.0,1268,0,0,1268,0.0,0.0,1,1,3,1,3.0,5,Typ,0,0.0,Detchd,1978.0,1.0,1.0,252.0,3.0,2.0,173,0,0,0,0,0,NoFence,0,10,2009,WD ,Normal,143500,0,0,1,0,1,2,0,0,0,0,0,0,0,0,0,0,0
60,FV,65.0,8125,NoAlley,3.0,Lvl,Inside,2.0,Somerst,Norm,1Fam,2Story,7,5,2006,2006,Gable,VinylSd,VinylSd,None,0.0,3.0,2.0,PConc,4.0,4.0,1.0,1.0,0.0,1.0,0.0,770.0,770.0,4.0,Y,4.0,778,798,0,1576,0.0,0.0,2,1,3,1,3.0,6,Typ,0,0.0,Attchd,2006.0,2.0,2.0,614.0,3.0,2.0,0,50,0,0,0,0,NoFence,0,8,2006,New,Partial,197000,0,0,1,0,1,2,0,0,0,0,0,0,0,0,0,0,0
120,RL,41.0,6289,NoAlley,2.0,Lvl,Inside,2.0,NridgHt,Norm,TwnhsE,1Story,6,5,2005,2006,Gable,VinylSd,VinylSd,Stone,256.0,3.0,2.0,PConc,4.0,3.0,3.0,5.0,762.0,1.0,0.0,600.0,1362.0,4.0,Y,4.0,1362,0,0,1362,1.0,0.0,2,0,2,1,3.0,6,Typ,1,4.0,Attchd,2005.0,2.0,2.0,460.0,3.0,2.0,192,28,0,0,0,0,NoFence,0,6,2007,WD ,Normal,207000,0,1,1,0,1,3,0,0,0,0,0,0,0,0,0,0,0
20,RL,74.0,9981,NoAlley,2.0,Lvl,Corner,2.0,Sawyer,Norm,1Fam,1Story,5,5,1967,1967,Gable,MetalSd,MetalSd,BrkFace,340.0,2.0,2.0,CBlock,3.0,3.0,2.0,4.0,221.0,1.0,0.0,852.0,1073.0,3.0,Y,4.0,1073,0,0,1073,0.0,0.0,1,0,3,1,2.0,6,Typ,0,0.0,Attchd,1967.0,2.0,1.0,270.0,3.0,2.0,0,90,0,0,0,0,MnPrv,0,3,2008,WD ,Normal,120000,0,0,1,1,1,3,0,0,0,0,0,0,0,0,0,0,0
120,RL,32.0,10846,NoAlley,2.0,Lvl,CulDSac,2.0,Veenker,Norm,TwnhsE,1Story,8,5,1993,1993,Gable,BrkFace,BrkFace,None,0.0,3.0,2.0,PConc,4.0,3.0,4.0,6.0,1619.0,1.0,0.0,100.0,1719.0,4.0,Y,4.0,1719,0,0,1719,2.0,0.0,1,1,1,1,3.0,6,Typ,2,4.0,Attchd,1993.0,3.0,2.0,473.0,3.0,2.0,122,30,0,0,0,0,NoFence,0,5,2008,Con,Normal,324000,0,1,1,0,1,3,0,0,0,0,0,0,0,0,0,0,0
60,RL,60.0,7023,NoAlley,3.0,Lvl,Inside,2.0,Edwards,Norm,1Fam,2Story,5,5,2005,2006,Gable,VinylSd,VinylSd,None,0.0,2.0,2.0,PConc,4.0,4.0,1.0,6.0,611.0,1.0,0.0,123.0,734.0,3.0,Y,4.0,734,674,0,1408,1.0,0.0,2,1,3,1,2.0,6,Typ,0,0.0,BuiltIn,2005.0,3.0,2.0,489.0,3.0,2.0,0,85,0,0,0,0,NoFence,0,5,2007,WD ,Normal,171500,0,0,1,0,1,2,0,0,0,0,0,0,0,0,0,0,0
20,RL,85.0,11128,NoAlley,3.0,Lvl,Corner,2.0,Somerst,PosN,1Fam,1Story,9,5,2005,2006,Hip,VinylSd,VinylSd,Stone,198.0,4.0,2.0,PConc,5.0,3.0,4.0,6.0,2158.0,1.0,0.0,300.0,2458.0,4.0,Y,4.0,2490,0,0,2490,1.0,0.0,2,0,2,1,4.0,9,Typ,2,4.0,Attchd,2005.0,3.0,3.0,795.0,3.0,2.0,70,226,0,0,0,0,GdPrv,0,10,2009,WD ,Normal,468000,0,1,1,1,1,4,0,0,0,0,0,0,0,0,0,0,0
20,RL,75.0,12890,NoAlley,2.0,Lvl,Inside,2.0,Timber,Norm,1Fam,1Story,6,5,1989,1989,Gable,Wd Sdng,Wd Sdng,BrkFace,128.0,2.0,2.0,CBlock,4.0,3.0,1.0,1.0,0.0,1.0,0.0,1495.0,1495.0,4.0,Y,4.0,1495,0,0,1495,0.0,0.0,2,0,3,1,2.0,8,Typ,1,3.0,Attchd,1989.0,1.0,2.0,438.0,3.0,2.0,252,0,192,0,0,0,NoFence,0,7,2008,WD ,Normal,150000,0,1,1,0,1,3,0,0,0,0,0,0,0,0,0,0,0
160,FV,24.0,2544,Pave,3.0,Lvl,Inside,2.0,Somerst,Norm,Twnhs,2Story,7,5,2005,2005,Gable,MetalSd,MetalSd,None,0.0,3.0,2.0,PConc,4.0,3.0,1.0,1.0,0.0,1.0,0.0,600.0,600.0,4.0,Y,4.0,520,623,80,1223,0.0,0.0,2,1,2,1,3.0,4,Typ,0,0.0,Detchd,2005.0,2.0,2.0,480.0,3.0,2.0,0,166,0,0,0,0,NoFence,0,7,2006,WD ,Normal,147400,0,0,1,0,1,2,0,0,0,0,0,0,0,0,0,0,0
50,RM,60.0,5400,NoAlley,3.0,Lvl,Inside,2.0,OldTown,Norm,1Fam,1.5Fin,6,6,1920,1950,Gable,MetalSd,MetalSd,None,0.0,1.0,2.0,BrkTil,3.0,3.0,1.0,1.0,0.0,1.0,0.0,972.0,972.0,4.0,Y,4.0,1044,0,436,1480,0.0,0.0,1,0,3,1,2.0,6,Typ,0,0.0,Detchd,1920.0,1.0,1.0,207.0,2.0,2.0,0,0,176,0,0,0,NoFence,0,9,2009,ConLI,Family,119000,0,0,1,0,1,2,0,0,0,0,0,0,0,0,0,0,0
50,RM,60.0,5520,NoAlley,3.0,Lvl,Corner,2.0,OldTown,Norm,1Fam,1.5Fin,4,6,1920,1980,Gable,Wd Sdng,Wd Sdng,None,0.0,2.0,2.0,PConc,3.0,2.0,1.0,2.0,284.0,1.0,0.0,863.0,1147.0,2.0,N,4.0,1147,510,0,1657,0.0,0.0,1,0,4,1,1.0,9,Typ,1,3.0,Detchd,1920.0,1.0,1.0,162.0,2.0,0.0,0,0,0,0,0,0,NoFence,0,7,2006,WD ,Normal,111500,0,1,0,0,1,2,0,0,0,0,0,0,0,0,0,0,0
120,RL,60.0,8118,NoAlley,3.0,HLS,Inside,2.0,StoneBr,PosN,TwnhsE,1Story,9,5,2007,2007,Hip,MetalSd,MetalSd,BrkFace,178.0,4.0,2.0,PConc,5.0,3.0,4.0,6.0,1034.0,1.0,0.0,676.0,1710.0,4.0,Y,4.0,1710,0,0,1710,1.0,0.0,2,0,2,1,4.0,6,Typ,1,4.0,Attchd,2007.0,2.0,2.0,557.0,3.0,2.0,156,48,0,0,0,0,NoFence,0,7,2008,WD ,Normal,334000,0,1,1,0,1,3,0,0,0,0,0,0,0,0,0,0,0
20,RL,160.0,18160,NoAlley,3.0,Lvl,Inside,2.0,Gilbert,Norm,1Fam,1Story,6,6,1964,1964,Gable,HdBoard,HdBoard,BrkCmn,138.0,2.0,2.0,CBlock,3.0,3.0,3.0,4.0,550.0,1.0,0.0,752.0,1302.0,1.0,Y,4.0,1128,0,0,1128,1.0,0.0,1,0,3,1,2.0,6,Typ,1,3.0,Attchd,1964.0,1.0,2.0,480.0,3.0,1.0,0,108,246,0,0,0,MnPrv,0,3,2007,WD ,Alloca,154204,0,1,1,1,1,4,0,0,0,0,0,0,0,0,0,0,0
50,RL,79.0,12327,NoAlley,2.0,Low,Inside,1.0,SawyerW,Norm,1Fam,1.5Fin,8,8,1983,2009,Gable,Wd Sdng,Wd Sdng,None,0.0,3.0,2.0,CBlock,4.0,3.0,4.0,6.0,1441.0,1.0,0.0,55.0,1496.0,4.0,Y,4.0,1496,636,0,2132,1.0,0.0,1,1,1,1,3.0,5,Min2,1,4.0,BuiltIn,1983.0,3.0,2.0,612.0,4.0,2.0,349,40,0,0,0,0,NoFence,0,9,2009,WD ,Normal,316600,0,1,1,0,1,3,0,0,0,0,0,0,0,0,0,0,0
20,RL,45.0,8982,NoAlley,2.0,Lvl,CulDSac,2.0,CollgCr,Norm,1Fam,1Story,5,5,1977,1977,Gable,CemntBd,CmentBd,None,0.0,2.0,2.0,CBlock,4.0,3.0,3.0,5.0,539.0,1.0,0.0,501.0,1040.0,2.0,Y,4.0,1040,0,0,1040,0.0,0.0,1,1,3,1,2.0,5,Typ,0,0.0,Detchd,1977.0,1.0,2.0,748.0,3.0,2.0,0,0,0,0,0,0,MnPrv,0,1,2007,WD ,Normal,134900,0,0,1,1,1,3,0,0,0,0,0,0,0,0,0,0,0
80,RL,72.0,8750,NoAlley,2.0,Lvl,Inside,2.0,Mitchel,Norm,1Fam,SLvl,7,6,1975,1975,Gable,Plywood,Plywood,Stone,50.0,2.0,2.0,CBlock,3.0,3.0,3.0,3.0,224.0,6.0,530.0,98.0,852.0,2.0,Y,4.0,918,0,0,918,0.0,1.0,1,0,3,0,2.0,4,Typ,0,0.0,Attchd,1975.0,1.0,1.0,360.0,3.0,2.0,192,84,0,0,0,0,NoFence,0,3,2007,WD ,Normal,148000,0,0,1,0,1,2,0,0,0,0,0,0,0,0,0,0,0
45,RL,55.0,10594,NoAlley,3.0,Lvl,Inside,2.0,Crawfor,Norm,1Fam,1.5Unf,5,5,1926,1950,Gable,Wd Sdng,Wd Sdng,None,0.0,2.0,2.0,BrkTil,3.0,3.0,1.0,1.0,0.0,1.0,0.0,768.0,768.0,1.0,N,4.0,789,0,0,789,0.0,0.0,1,0,2,1,2.0,5,Typ,0,0.0,Detchd,1926.0,1.0,1.0,200.0,1.0,2.0,0,0,112,0,0,0,MnPrv,0,6,2007,WD ,Normal,96500,0,0,0,1,1,2,0,0,0,0,0,0,0,0,0,0,0
20,RL,90.0,9900,NoAlley,3.0,Lvl,Corner,2.0,NAmes,Norm,1Fam,1Story,5,5,1966,1966,Hip,HdBoard,HdBoard,None,0.0,2.0,2.0,PConc,4.0,3.0,1.0,4.0,1059.0,1.0,0.0,150.0,1209.0,3.0,Y,4.0,1209,0,0,1209,1.0,0.0,1,0,3,1,2.0,6,Typ,0,0.0,Attchd,1966.0,2.0,2.0,504.0,3.0,2.0,0,0,120,0,0,0,NoFence,0,4,2010,ConLD,Normal,159000,0,0,1,0,1,2,0,0,0,0,0,0,0,0,0,0,0
70,RL,60.0,13515,Pave,3.0,Lvl,Inside,2.0,BrkSide,Norm,1Fam,2Story,6,6,1919,1950,Gambrel,Wd Sdng,Wd Sdng,None,0.0,2.0,2.0,PConc,3.0,3.0,1.0,1.0,0.0,1.0,0.0,764.0,764.0,4.0,Y,3.0,1060,764,0,1824,0.0,0.0,1,0,3,1,2.0,8,Typ,1,4.0,Detchd,1940.0,1.0,2.0,520.0,3.0,0.0,0,0,126,0,0,0,GdPrv,0,7,2007,WD ,Normal,180500,0,1,1,1,1,4,0,0,0,0,0,0,0,0,0,0,0
120,RL,40.0,3840,NoAlley,2.0,Lvl,Inside,2.0,Greens,Norm,TwnhsE,1Story,8,6,1978,1998,Gable,Wd Sdng,Plywood,None,0.0,3.0,2.0,CBlock,4.0,3.0,4.0,6.0,881.0,2.0,176.0,0.0,1057.0,2.0,Y,4.0,1295,0,0,1295,1.0,0.0,1,0,1,1,3.0,4,Typ,2,3.0,Attchd,1978.0,3.0,2.0,571.0,3.0,2.0,133,89,0,0,0,0,NoFence,0,7,2007,WD ,Normal,213750,0,1,1,0,1,3,0,0,0,0,0,0,0,0,0,0,0
20,RL,100.0,15602,NoAlley,2.0,Lvl,Inside,2.0,Crawfor,Norm,1Fam,1Story,7,8,1959,1997,Gable,BrkFace,Wd Sdng,None,0.0,2.0,2.0,CBlock,3.0,3.0,1.0,5.0,1247.0,1.0,0.0,254.0,1501.0,2.0,Y,4.0,1801,0,0,1801,1.0,0.0,2,0,1,1,2.0,6,Typ,2,3.0,Attchd,1959.0,3.0,2.0,484.0,3.0,2.0,0,54,0,0,161,0,GdWo,0,3,2010,WD ,Normal,289000,0,1,1,1,1,4,0,0,0,0,0,0,0,0,0,0,0
20,RL,89.0,10680,NoAlley,3.0,Lvl,Inside,2.0,NAmes,Norm,1Fam,1Story,5,3,1951,1951,Hip,Wd Sdng,Wd Sdng,BrkFace,44.0,2.0,2.0,CBlock,3.0,2.0,1.0,2.0,756.0,1.0,0.0,1380.0,2136.0,2.0,N,3.0,2136,0,0,2136,0.0,0.0,2,0,4,1,2.0,7,Mod,0,0.0,Detchd,1951.0,1.0,2.0,528.0,3.0,2.0,0,30,0,0,0,0,MnPrv,0,10,2006,WD ,Normal,137900,0,0,0,1,1,2,0,0,0,0,0,0,0,0,0,0,0
20,RL,64.0,47280,NoAlley,2.0,Lvl,Inside,2.0,Gilbert,Norm,1Fam,1Story,6,5,1950,1950,Hip,AsbShng,AsbShng,BrkFace,44.0,2.0,2.0,CBlock,3.0,3.0,1.0,1.0,0.0,1.0,0.0,1488.0,1488.0,3.0,Y,4.0,1488,0,0,1488,0.0,0.0,2,1,3,1,2.0,6,Typ,1,3.0,Attchd,1950.0,2.0,2.0,738.0,3.0,2.0,0,0,180,0,0,0,NoFence,0,7,2008,WD ,Family,133000,0,1,1,0,1,3,0,0,0,0,0,0,0,0,0,0,0
20,RL,85.0,12633,NoAlley,2.0,HLS,Inside,2.0,Timber,PosA,1Fam,1Story,10,5,2006,2007,Hip,MetalSd,MetalSd,BrkFace,242.0,4.0,2.0,PConc,5.0,3.0,4.0,1.0,0.0,1.0,0.0,1824.0,1824.0,4.0,Y,4.0,1824,0,0,1824,0.0,0.0,2,0,3,1,4.0,8,Typ,1,4.0,Attchd,2006.0,3.0,3.0,932.0,3.0,2.0,160,36,0,0,108,0,NoFence,0,9,2007,New,Partial,392000,0,1,1,0,1,3,0,0,0,0,0,0,0,0,0,0,0
150,RL,80.0,1700,NoAlley,3.0,HLS,Inside,2.0,ClearCr,Norm,Twnhs,1.5Fin,7,5,1980,1981,Gable,VinylSd,VinylSd,None,0.0,3.0,2.0,PConc,4.0,3.0,2.0,6.0,397.0,1.0,0.0,33.0,430.0,2.0,Y,4.0,880,680,140,1700,1.0,0.0,2,1,2,1,3.0,7,Typ,0,0.0,Basment,1980.0,3.0,1.0,450.0,4.0,2.0,188,36,0,0,200,0,NoFence,0,4,2006,WD ,Normal,148400,0,0,1,0,1,2,0,0,0,0,0,0,0,0,0,0,0
20,RL,78.0,12090,NoAlley,2.0,Lvl,Inside,2.0,NWAmes,Norm,1Fam,1Story,6,6,1981,1981,Gable,MetalSd,MetalSd,BrkFace,210.0,2.0,3.0,CBlock,4.0,3.0,1.0,6.0,588.0,2.0,228.0,606.0,1422.0,2.0,Y,4.0,1422,0,0,1422,0.0,0.0,2,0,3,1,3.0,7,Typ,1,3.0,Attchd,1981.0,3.0,2.0,576.0,3.0,2.0,276,0,0,0,0,0,GdPrv,0,6,2008,WD ,Normal,175500,0,1,1,1,1,4,0,0,0,0,0,0,0,0,0,0,0
20,RL,100.0,17500,NoAlley,3.0,Bnk,Corner,1.0,Crawfor,PosA,1Fam,1Story,6,5,1954,1954,Gable,HdBoard,HdBoard,Stone,420.0,2.0,2.0,PConc,3.0,3.0,3.0,2.0,784.0,4.0,435.0,91.0,1310.0,4.0,Y,4.0,1906,0,0,1906,1.0,0.0,1,1,3,1,2.0,6,Typ,2,4.0,Basment,1954.0,1.0,2.0,576.0,3.0,2.0,0,201,0,0,0,0,NoFence,0,1,2009,WD ,Normal,224000,0,1,1,0,1,3,0,0,0,0,0,0,0,0,0,0,0
20,RL,75.0,14587,NoAlley,2.0,Lvl,Inside,2.0,Somerst,Norm,1Fam,1Story,9,5,2008,2008,Gable,VinylSd,VinylSd,Stone,284.0,3.0,2.0,PConc,4.0,3.0,1.0,1.0,0.0,1.0,0.0,1498.0,1498.0,4.0,Y,4.0,1506,0,0,1506,0.0,0.0,2,0,2,1,4.0,6,Typ,1,4.0,Attchd,2008.0,3.0,2.0,592.0,3.0,2.0,0,174,0,0,0,0,NoFence,0,8,2008,New,Partial,264132,0,1,1,0,1,3,0,0,0,0,0,0,0,0,0,0,0
60,RL,70.0,10400,NoAlley,3.0,Lvl,Inside,2.0,CollgCr,Norm,1Fam,2Story,7,5,2001,2001,Gable,VinylSd,VinylSd,BrkFace,227.0,3.0,2.0,PConc,4.0,3.0,1.0,1.0,0.0,1.0,0.0,1257.0,1257.0,4.0,Y,4.0,1290,871,0,2161,0.0,0.0,2,1,3,1,3.0,8,Typ,1,3.0,Attchd,2001.0,2.0,2.0,570.0,3.0,2.0,0,84,0,0,0,0,NoFence,0,6,2008,WD ,Normal,230500,0,1,1,0,1,3,0,0,0,0,0,0,0,0,0,0,0
50,RM,60.0,5160,NoAlley,3.0,Lvl,Corner,2.0,IDOTRR,Norm,1Fam,1.5Fin,6,6,1927,1950,Gable,MetalSd,MetalSd,None,0.0,2.0,1.0,BrkTil,3.0,3.0,1.0,1.0,0.0,1.0,0.0,1204.0,1204.0,2.0,Y,3.0,1204,462,0,1666,0.0,0.0,1,0,3,1,2.0,4,Typ,0,0.0,Detchd,1927.0,1.0,1.0,384.0,2.0,2.0,0,0,148,0,0,0,NoFence,0,8,2009,WD ,Normal,135000,0,0,1,0,1,2,0,0,0,0,0,0,0,0,0,0,0
20,RL,85.0,11050,NoAlley,2.0,Lvl,Corner,2.0,NWAmes,Norm,1Fam,1Story,7,5,1975,1975,Gable,Plywood,Plywood,None,0.0,2.0,2.0,CBlock,3.0,3.0,1.0,5.0,636.0,1.0,0.0,540.0,1176.0,1.0,Y,4.0,1193,0,0,1193,0.0,0.0,2,0,3,1,2.0,5,Typ,1,3.0,Attchd,1975.0,1.0,2.0,506.0,3.0,2.0,40,0,0,0,0,0,NoFence,0,8,2009,WD ,Normal,158000,0,1,1,0,1,3,0,0,0,0,0,0,0,0,0,0,0
60,RL,91.0,11000,NoAlley,3.0,Lvl,FR2,2.0,NoRidge,Norm,1Fam,2Story,8,5,2000,2000,Gable,VinylSd,VinylSd,BrkFace,72.0,3.0,2.0,PConc,4.0,3.0,1.0,1.0,0.0,1.0,0.0,969.0,969.0,4.0,Y,4.0,997,1288,0,2285,0.0,0.0,2,1,4,1,3.0,8,Typ,1,3.0,BuiltIn,2000.0,3.0,3.0,648.0,3.0,2.0,0,56,0,0,0,0,NoFence,0,6,2007,WD ,Normal,248000,0,1,1,0,1,3,0,0,0,0,0,0,0,0,0,0,0
60,RL,80.0,18800,NoAlley,2.0,Lvl,FR2,2.0,NWAmes,Norm,1Fam,2Story,6,5,1976,1976,Gable,HdBoard,HdBoard,BrkFace,120.0,2.0,2.0,PConc,4.0,3.0,2.0,6.0,712.0,1.0,0.0,84.0,796.0,2.0,Y,4.0,790,784,0,1574,1.0,0.0,2,1,3,1,2.0,6,Typ,1,3.0,Attchd,1976.0,3.0,2.0,566.0,3.0,2.0,306,111,0,0,0,0,NoFence,0,7,2006,WD ,Normal,190000,0,1,1,0,1,3,0,0,0,0,0,0,0,0,0,0,0
20,RL,80.0,9156,NoAlley,2.0,Lvl,Inside,2.0,NWAmes,PosN,1Fam,1Story,6,7,1968,1968,Hip,BrkFace,BrkFace,None,0.0,2.0,2.0,CBlock,3.0,3.0,1.0,1.0,0.0,1.0,0.0,1489.0,1489.0,3.0,Y,4.0,1489,0,0,1489,0.0,0.0,2,0,3,1,3.0,7,Typ,1,4.0,Attchd,1968.0,2.0,2.0,462.0,3.0,2.0,0,0,0,0,0,0,NoFence,0,8,2009,WD ,Normal,185750,0,1,1,0,1,3,0,0,0,0,0,0,0,0,0,0,0
120,RL,60.0,3696,NoAlley,3.0,Lvl,Inside,2.0,StoneBr,Norm,TwnhsE,1Story,8,5,1986,1986,Gable,HdBoard,HdBoard,None,0.0,3.0,2.0,CBlock,4.0,3.0,1.0,1.0,0.0,1.0,0.0,1074.0,1074.0,4.0,Y,4.0,1088,0,0,1088,0.0,0.0,1,1,2,1,3.0,5,Typ,0,0.0,Attchd,1987.0,2.0,2.0,461.0,3.0,2.0,0,74,137,0,0,0,NoFence,0,10,2007,WD ,Normal,170000,0,0,1,0,1,2,0,0,0,0,0,0,0,0,0,0,0
160,RL,50.0,8012,NoAlley,3.0,Lvl,Inside,2.0,SawyerW,Norm,TwnhsE,2Story,6,5,1980,1980,Gable,Plywood,Plywood,None,0.0,2.0,2.0,CBlock,3.0,3.0,1.0,1.0,0.0,1.0,0.0,630.0,630.0,4.0,Y,4.0,630,636,0,1266,0.0,0.0,1,1,2,1,2.0,5,Typ,2,3.0,Attchd,1980.0,2.0,1.0,283.0,3.0,2.0,340,0,0,0,0,0,MnPrv,0,7,2007,WD ,Normal,128000,0,1,1,1,1,4,0,0,0,0,0,0,0,0,0,0,0
20,RL,93.0,10114,NoAlley,3.0,Lvl,Inside,2.0,Mitchel,Norm,1Fam,1Story,5,5,2004,2005,Gable,VinylSd,VinylSd,None,0.0,2.0,2.0,PConc,5.0,3.0,3.0,1.0,0.0,1.0,0.0,1430.0,1430.0,4.0,Y,4.0,1430,0,0,1430,0.0,0.0,2,0,3,1,3.0,7,Typ,0,0.0,Attchd,2004.0,2.0,2.0,624.0,3.0,2.0,0,0,0,0,0,0,NoFence,0,3,2010,WD ,Normal,173500,0,0,1,0,1,2,0,0,0,0,0,0,0,0,0,0,0
160,RM,21.0,1890,NoAlley,3.0,Lvl,Inside,2.0,BrDale,Norm,Twnhs,2Story,6,5,1973,1973,Gable,HdBoard,HdBoard,BrkFace,285.0,2.0,2.0,CBlock,3.0,3.0,1.0,4.0,356.0,1.0,0.0,316.0,672.0,2.0,Y,4.0,672,546,0,1218,0.0,0.0,1,1,3,1,2.0,7,Typ,0,0.0,Detchd,1973.0,1.0,1.0,264.0,3.0,2.0,144,28,0,0,0,0,NoFence,0,5,2007,WD ,Normal,113000,0,0,1,0,1,2,0,0,0,0,0,0,0,0,0,0,0
190,RL,75.0,11625,NoAlley,3.0,Lvl,Inside,2.0,Sawyer,Norm,2fmCon,1Story,5,4,1965,1965,Hip,Plywood,HdBoard,None,0.0,2.0,2.0,PConc,3.0,3.0,2.0,4.0,841.0,1.0,0.0,198.0,1039.0,4.0,Y,4.0,1039,0,0,1039,1.0,0.0,1,1,3,1,2.0,6,Typ,0,0.0,Attchd,1965.0,1.0,2.0,504.0,3.0,2.0,0,0,0,0,0,0,NoFence,0,4,2010,WD ,Normal,131500,0,0,1,0,1,2,0,0,0,0,0,0,0,0,0,0,0
20,RL,71.0,9204,NoAlley,3.0,Lvl,Inside,2.0,NAmes,Norm,1Fam,1Story,5,5,1963,1963,Gable,HdBoard,HdBoard,None,0.0,2.0,2.0,CBlock,3.0,3.0,1.0,4.0,25.0,3.0,872.0,247.0,1144.0,2.0,Y,4.0,1144,0,0,1144,1.0,0.0,1,1,3,1,2.0,6,Typ,0,0.0,Detchd,1962.0,1.0,1.0,336.0,3.0,2.0,0,88,0,0,0,0,NoFence,0,8,2008,COD,Normal,124000,0,0,1,0,1,2,0,0,0,0,0,0,0,0,0,0,0
20,RL,60.0,7024,NoAlley,3.0,Lvl,Inside,2.0,Edwards,Norm,1Fam,1Story,5,5,2005,2006,Gable,VinylSd,VinylSd,None,0.0,2.0,2.0,PConc,5.0,4.0,1.0,5.0,980.0,1.0,0.0,110.0,1090.0,3.0,Y,4.0,1090,0,0,1090,1.0,0.0,1,1,2,1,2.0,5,Typ,0,0.0,Attchd,2005.0,3.0,2.0,450.0,3.0,2.0,0,49,0,0,0,0,NoFence,0,6,2007,WD ,Normal,157000,0,0,1,0,1,2,0,0,0,0,0,0,0,0,0,0,0
80,RL,73.0,10600,Pave,2.0,Lvl,Inside,2.0,NAmes,Norm,1Fam,SLvl,6,5,1964,1964,Gable,HdBoard,HdBoard,None,0.0,2.0,2.0,CBlock,3.0,3.0,1.0,1.0,0.0,1.0,0.0,533.0,533.0,2.0,Y,4.0,1131,644,0,1775,0.0,0.0,2,0,3,1,2.0,8,Typ,0,0.0,Attchd,1964.0,1.0,2.0,480.0,3.0,2.0,0,172,0,0,0,0,NoFence,0,5,2010,COD,Family,136300,0,0,1,0,1,2,0,0,0,0,0,0,0,0,0,0,0
30,RM,58.0,8154,NoAlley,3.0,Lvl,Inside,2.0,IDOTRR,Norm,1Fam,1Story,2,5,1941,1950,Gable,Wd Sdng,Wd Sdng,None,0.0,2.0,2.0,BrkTil,3.0,3.0,1.0,4.0,480.0,1.0,0.0,0.0,480.0,2.0,Y,4.0,540,0,0,540,0.0,0.0,1,0,1,1,2.0,4,Typ,0,0.0,Detchd,1951.0,1.0,1.0,200.0,2.0,0.0,0,0,0,0,0,0,NoFence,0,4,2010,ConLw,Normal,82000,0,0,1,0,1,2,0,0,0,0,0,0,0,0,0,0,0
20,RL,75.0,9464,NoAlley,3.0,Lvl,Corner,2.0,NAmes,Norm,1Fam,1Story,6,7,1958,1958,Hip,MetalSd,MetalSd,BrkFace,135.0,2.0,3.0,CBlock,3.0,3.0,1.0,4.0,570.0,1.0,0.0,510.0,1080.0,3.0,Y,4.0,1080,0,0,1080,0.0,0.0,1,0,3,1,2.0,5,Typ,0,0.0,Attchd,1958.0,1.0,1.0,288.0,3.0,2.0,0,0,0,0,130,0,NoFence,0,6,2008,WD ,Normal,136000,0,0,1,0,1,2,0,0,0,0,0,0,0,0,0,0,0
20,RL,70.0,9100,NoAlley,3.0,Lvl,Inside,2.0,NAmes,Norm,1Fam,1Story,6,6,1959,1959,Hip,Wd Sdng,Wd Sdng,None,0.0,2.0,2.0,CBlock,3.0,3.0,1.0,3.0,612.0,1.0,0.0,252.0,864.0,4.0,Y,4.0,864,0,0,864,0.0,0.0,1,0,2,1,2.0,5,Typ,0,0.0,Detchd,2008.0,1.0,1.0,300.0,5.0,2.0,0,0,0,0,0,0,NoFence,450,10,2009,WD ,Normal,127500,0,0,1,0,1,2,0,0,0,0,0,0,0,0,0,0,0
70,RM,57.0,9639,NoAlley,3.0,Lvl,Inside,2.0,OldTown,Artery,1Fam,2Story,4,8,1900,1950,Gable,MetalSd,MetalSd,None,0.0,2.0,2.0,PConc,3.0,3.0,1.0,1.0,0.0,1.0,0.0,1075.0,1075.0,4.0,Y,4.0,1156,642,0,1798,0.0,0.0,2,1,4,1,2.0,7,Typ,0,0.0,Detchd,1935.0,1.0,2.0,342.0,3.0,0.0,0,0,160,0,0,0,MnPrv,0,5,2007,WD ,Normal,137000,0,0,1,1,1,3,0,0,0,0,0,0,0,0,0,0,0
90,RM,60.0,7200,Grvl,3.0,Lvl,Inside,2.0,OldTown,Norm,Duplex,SFoyer,5,5,1980,1980,Gable,MetalSd,MetalSd,BrkFace,180.0,2.0,2.0,CBlock,4.0,3.0,4.0,6.0,936.0,1.0,0.0,0.0,936.0,2.0,Y,4.0,936,0,0,936,1.0,0.0,1,0,2,1,2.0,4,Typ,0,0.0,Detchd,1980.0,1.0,2.0,672.0,3.0,2.0,49,0,0,0,0,0,NoFence,0,8,2007,WD ,Normal,140000,0,0,1,0,1,2,0,0,0,0,0,0,0,0,0,0,0
120,FV,30.0,5330,Pave,1.0,Lvl,Inside,2.0,Somerst,Norm,TwnhsE,1Story,8,5,2006,2007,Gable,VinylSd,VinylSd,None,0.0,3.0,2.0,PConc,4.0,3.0,1.0,1.0,0.0,1.0,0.0,1550.0,1550.0,4.0,Y,4.0,1550,0,0,1550,0.0,0.0,2,1,2,1,3.0,5,Typ,0,0.0,Attchd,2007.0,3.0,2.0,528.0,3.0,2.0,0,102,0,0,0,0,NoFence,0,7,2007,New,Partial,207500,0,0,1,0,1,2,0,0,0,0,0,0,0,0,0,0,1
70,RL,43.0,7000,NoAlley,3.0,Lvl,Inside,2.0,SWISU,Feedr,1Fam,2Story,7,8,1926,1997,Gable,Wd Sdng,Stucco,None,0.0,2.0,2.0,BrkTil,3.0,3.0,1.0,5.0,424.0,1.0,0.0,200.0,624.0,4.0,Y,4.0,743,736,0,1479,1.0,0.0,1,0,3,1,3.0,6,Typ,2,4.0,Detchd,1926.0,1.0,1.0,312.0,3.0,2.0,530,0,56,0,0,0,MnPrv,0,5,2006,WD ,Normal,160000,0,1,1,1,1,4,0,0,0,0,0,0,0,0,0,0,0
90,RL,78.0,15600,NoAlley,3.0,Lvl,Inside,2.0,Crawfor,Norm,Duplex,2Story,5,6,1950,1991,Gable,VinylSd,VinylSd,BrkFace,430.0,2.0,3.0,CBlock,3.0,3.0,1.0,5.0,375.0,1.0,0.0,657.0,1032.0,4.0,Y,4.0,1102,1075,0,2177,0.0,0.0,2,1,5,2,2.0,11,Typ,0,0.0,Detchd,1950.0,1.0,2.0,484.0,3.0,2.0,0,0,0,0,0,0,NoFence,0,3,2010,WD ,Normal,215000,0,0,1,0,1,2,0,0,0,0,0,0,0,0,0,0,0
50,RM,57.0,9184,Grvl,3.0,Lvl,Inside,2.0,OldTown,Artery,1Fam,1.5Fin,5,7,1948,2005,Gable,WdShing,Wd Shng,None,0.0,2.0,2.0,BrkTil,3.0,3.0,1.0,1.0,0.0,1.0,0.0,780.0,780.0,4.0,Y,4.0,948,375,0,1323,0.0,0.0,1,0,3,1,2.0,6,Typ,0,0.0,Detchd,1948.0,1.0,2.0,400.0,3.0,2.0,0,0,0,0,0,0,NoFence,0,7,2008,WD ,Normal,122600,0,0,1,0,1,2,0,0,0,0,0,0,0,0,0,0,0
20,RL,70.0,8400,NoAlley,3.0,Lvl,Inside,2.0,CollgCr,Norm,1Fam,1Story,7,5,2004,2005,Gable,VinylSd,VinylSd,BrkFace,109.0,3.0,2.0,PConc,4.0,3.0,3.0,6.0,712.0,1.0,0.0,761.0,1473.0,4.0,Y,4.0,1484,0,0,1484,1.0,0.0,2,0,3,1,3.0,7,Typ,0,0.0,Attchd,2004.0,2.0,2.0,606.0,3.0,2.0,0,35,0,144,0,0,NoFence,0,5,2010,WD ,Normal,213000,0,0,1,0,1,2,0,0,0,0,0,0,0,0,0,0,0
60,FV,70.0,7000,NoAlley,3.0,Lvl,Inside,2.0,Somerst,Norm,1Fam,2Story,7,5,2003,2003,Gable,CemntBd,CmentBd,None,0.0,3.0,2.0,PConc,4.0,3.0,2.0,6.0,622.0,1.0,0.0,304.0,926.0,4.0,Y,4.0,1016,868,0,1884,1.0,0.0,2,1,3,1,4.0,7,Typ,1,5.0,Attchd,2003.0,2.0,2.0,581.0,3.0,2.0,0,35,0,0,0,0,NoFence,0,6,2009,WD ,Normal,240900,0,1,1,0,1,3,0,0,0,0,0,0,0,0,0,0,0
30,RL,80.0,11600,NoAlley,3.0,Lvl,Inside,2.0,Crawfor,Norm,1Fam,1Story,4,5,1922,1950,Gable,MetalSd,MetalSd,None,0.0,2.0,2.0,BrkTil,2.0,3.0,1.0,1.0,0.0,1.0,0.0,700.0,700.0,4.0,Y,4.0,1180,0,0,1180,0.0,0.0,1,0,2,1,1.0,5,Typ,1,4.0,Detchd,1922.0,1.0,1.0,252.0,3.0,2.0,0,0,67,0,0,0,NoFence,0,7,2006,WD ,Normal,137500,0,1,1,0,1,3,0,0,0,0,0,0,0,0,0,0,0
20,RL,80.0,10800,NoAlley,3.0,Lvl,Inside,2.0,NWAmes,Norm,1Fam,1Story,6,5,1963,1963,Gable,HdBoard,HdBoard,BrkFace,203.0,2.0,2.0,CBlock,3.0,3.0,1.0,4.0,617.0,3.0,264.0,171.0,1052.0,2.0,Y,4.0,1052,0,0,1052,1.0,0.0,1,0,3,1,2.0,6,Typ,0,0.0,Attchd,1963.0,3.0,1.0,311.0,3.0,2.0,0,133,0,0,0,0,NoFence,0,2,2007,COD,Normal,127000,0,0,1,0,1,2,0,0,0,0,0,0,0,0,0,0,0
30,RM,50.0,7288,NoAlley,3.0,Lvl,Inside,2.0,IDOTRR,Artery,1Fam,1Story,5,6,1942,1950,Gable,MetalSd,MetalSd,None,0.0,2.0,2.0,CBlock,3.0,3.0,2.0,3.0,305.0,1.0,0.0,671.0,976.0,2.0,N,4.0,976,0,0,976,1.0,0.0,1,0,2,1,2.0,5,Typ,0,0.0,Detchd,1942.0,1.0,1.0,215.0,3.0,0.0,160,0,0,0,0,0,NoFence,0,8,2006,WD ,AdjLand,102000,0,0,0,0,1,1,0,0,0,0,0,0,0,0,0,0,0
20,RL,70.0,8400,NoAlley,3.0,Lvl,Inside,2.0,NAmes,Norm,1Fam,1Story,6,3,1957,1957,Hip,BrkFace,BrkFace,None,0.0,2.0,2.0,CBlock,3.0,3.0,1.0,5.0,189.0,3.0,661.0,628.0,1478.0,3.0,Y,4.0,1478,0,0,1478,1.0,0.0,1,1,3,1,2.0,6,Typ,2,4.0,Attchd,1957.0,2.0,2.0,442.0,3.0,2.0,114,0,0,0,216,0,NoFence,0,6,2009,WD ,Normal,156500,0,1,1,0,1,3,0,0,0,0,0,0,0,0,0,0,0
20,RL,70.0,7153,NoAlley,3.0,Lvl,Inside,2.0,SawyerW,Norm,1Fam,1Story,6,5,1991,1991,Gable,HdBoard,HdBoard,BrkFace,88.0,2.0,2.0,CBlock,4.0,3.0,1.0,6.0,1200.0,1.0,0.0,78.0,1278.0,3.0,Y,4.0,1294,0,0,1294,1.0,0.0,2,0,3,1,3.0,6,Typ,0,0.0,Attchd,1991.0,2.0,2.0,496.0,3.0,2.0,112,51,0,0,0,0,GdWo,0,6,2008,WD ,Normal,179200,0,0,1,1,1,3,0,0,0,0,0,0,0,0,0,0,0
20,RL,70.0,7903,NoAlley,3.0,Lvl,Inside,2.0,NAmes,Norm,1Fam,1Story,5,5,1960,1960,Hip,BrkFace,BrkFace,None,0.0,2.0,2.0,CBlock,3.0,3.0,1.0,3.0,739.0,1.0,0.0,503.0,1242.0,3.0,Y,3.0,1242,0,0,1242,1.0,0.0,1,1,3,1,2.0,6,Typ,0,0.0,Attchd,1960.0,2.0,1.0,324.0,3.0,2.0,0,0,0,0,0,0,NoFence,0,5,2007,WD ,Family,152000,0,0,1,0,1,2,0,0,0,0,0,0,0,0,0,0,0
60,RL,60.0,10800,NoAlley,3.0,Lvl,Inside,2.0,OldTown,Norm,1Fam,2Story,5,7,1939,2006,Gable,VinylSd,VinylSd,None,0.0,2.0,3.0,BrkTil,3.0,3.0,1.0,1.0,0.0,1.0,0.0,676.0,676.0,4.0,Y,4.0,676,676,0,1352,0.0,1.0,2,0,4,1,3.0,7,Typ,0,0.0,Detchd,1939.0,1.0,2.0,720.0,3.0,2.0,187,0,128,0,0,0,NoFence,0,8,2009,WD ,Normal,149000,0,0,1,0,1,2,0,0,0,0,0,0,0,0,0,0,0
80,RL,80.0,10395,NoAlley,2.0,Lvl,FR2,2.0,NWAmes,Norm,1Fam,SLvl,6,6,1978,1978,Gable,HdBoard,HdBoard,BrkFace,233.0,2.0,2.0,CBlock,4.0,3.0,3.0,5.0,605.0,1.0,0.0,427.0,1032.0,2.0,Y,4.0,1032,0,0,1032,0.0,1.0,2,0,3,1,2.0,6,Typ,1,3.0,Attchd,1978.0,1.0,2.0,564.0,3.0,2.0,0,0,0,0,0,0,MnPrv,500,7,2007,WD ,Normal,148000,0,1,1,1,1,4,0,0,0,0,0,0,0,0,0,0,0
120,RL,43.0,3196,NoAlley,3.0,Lvl,Inside,2.0,Blmngtn,Norm,TwnhsE,1Story,8,5,2003,2003,Gable,VinylSd,VinylSd,BrkFace,40.0,3.0,2.0,PConc,4.0,3.0,4.0,1.0,0.0,1.0,0.0,1273.0,1273.0,4.0,Y,4.0,1456,0,0,1456,0.0,0.0,2,0,2,1,3.0,7,Typ,1,3.0,Attchd,2003.0,3.0,2.0,400.0,3.0,2.0,143,20,0,0,0,0,NoFence,0,5,2006,WD ,Normal,215000,0,1,1,0,1,3,0,0,0,0,0,0,0,0,0,0,0
60,RL,106.0,11194,NoAlley,2.0,Lvl,Corner,2.0,Gilbert,Norm,1Fam,2Story,8,5,2000,2000,Gable,VinylSd,VinylSd,BrkFace,40.0,3.0,2.0,PConc,4.0,3.0,1.0,1.0,0.0,1.0,0.0,1406.0,1406.0,4.0,Y,4.0,1454,482,0,1936,0.0,0.0,2,1,3,1,3.0,7,Typ,1,3.0,Attchd,2000.0,2.0,2.0,504.0,3.0,2.0,188,124,0,0,0,0,NoFence,0,11,2006,WD ,Normal,230500,0,1,1,0,1,3,0,0,0,0,0,0,0,0,0,0,0
50,C (all),66.0,8712,Pave,3.0,HLS,Inside,1.0,IDOTRR,Norm,1Fam,1.5Fin,4,7,1900,1950,Gable,MetalSd,MetalSd,None,0.0,2.0,2.0,Stone,3.0,3.0,2.0,1.0,0.0,1.0,0.0,859.0,859.0,3.0,Y,4.0,859,319,0,1178,0.0,0.0,1,0,2,1,2.0,7,Typ,0,0.0,Detchd,1964.0,2.0,1.0,384.0,3.0,0.0,68,0,98,0,0,0,NoFence,0,1,2010,WD ,Abnorml,102776,0,0,1,0,1,2,0,0,0,0,0,0,0,0,0,0,0
60,RL,70.0,11207,NoAlley,2.0,HLS,FR2,2.0,Gilbert,Norm,1Fam,2Story,6,5,1997,1997,Gable,VinylSd,VinylSd,None,0.0,2.0,2.0,PConc,4.0,3.0,3.0,6.0,714.0,1.0,0.0,88.0,802.0,3.0,Y,4.0,802,709,0,1511,1.0,0.0,2,1,3,1,2.0,8,Typ,1,3.0,Attchd,1997.0,3.0,2.0,413.0,3.0,2.0,95,75,0,0,0,0,NoFence,0,6,2006,WD ,Normal,185000,0,1,1,0,1,3,0,0,0,0,0,0,0,0,0,0,0
50,RM,50.0,7000,NoAlley,3.0,Lvl,Inside,2.0,IDOTRR,Norm,1Fam,1.5Fin,6,7,1926,1950,Hip,MetalSd,MetalSd,None,0.0,2.0,2.0,PConc,3.0,3.0,1.0,5.0,374.0,1.0,0.0,487.0,861.0,4.0,Y,4.0,861,424,0,1285,0.0,1.0,1,0,3,1,2.0,6,Typ,0,0.0,Detchd,1950.0,3.0,2.0,506.0,3.0,2.0,96,0,132,0,0,0,MnPrv,0,5,2006,WD ,Normal,145400,0,0,1,1,1,3,0,0,0,0,0,0,0,0,0,0,0
60,RL,80.0,11316,NoAlley,3.0,Lvl,Corner,2.0,Timber,Norm,1Fam,2Story,7,5,2002,2003,Gable,VinylSd,VinylSd,BrkFace,44.0,3.0,2.0,PConc,4.0,3.0,1.0,6.0,624.0,1.0,0.0,193.0,817.0,4.0,Y,4.0,824,1070,0,1894,1.0,0.0,2,1,4,1,3.0,8,Typ,1,4.0,BuiltIn,2002.0,3.0,2.0,510.0,3.0,2.0,0,40,0,0,0,0,NoFence,0,2,2010,WD ,Normal,214900,0,1,1,0,1,3,0,0,0,0,0,0,0,0,0,0,0
20,RL,65.0,6860,NoAlley,2.0,Lvl,Inside,2.0,NAmes,Norm,1Fam,1Story,5,6,1956,1956,Gable,Wd Sdng,Wd Sdng,BrkCmn,54.0,2.0,2.0,CBlock,3.0,3.0,1.0,6.0,908.0,1.0,0.0,100.0,1008.0,4.0,Y,4.0,1008,0,0,1008,1.0,0.0,1,0,3,1,1.0,6,Typ,0,0.0,Detchd,1964.0,1.0,1.0,308.0,3.0,2.0,0,0,0,0,0,0,NoFence,0,12,2007,WD ,Normal,131000,0,0,1,0,1,2,0,0,0,0,0,0,0,0,0,0,0
20,RL,80.0,10197,NoAlley,2.0,Lvl,Inside,2.0,NAmes,Norm,1Fam,1Story,6,5,1961,1961,Gable,WdShing,Wd Shng,BrkCmn,491.0,2.0,2.0,CBlock,3.0,3.0,1.0,5.0,288.0,3.0,374.0,700.0,1362.0,2.0,Y,4.0,1362,0,0,1362,1.0,0.0,1,1,3,1,2.0,6,Typ,1,3.0,Attchd,1961.0,1.0,2.0,504.0,3.0,2.0,0,20,0,0,0,0,NoFence,0,6,2008,COD,Normal,163000,0,1,1,0,1,3,0,0,0,0,0,0,0,0,0,0,0
20,RL,103.0,13472,NoAlley,3.0,Lvl,Inside,2.0,NridgHt,Norm,1Fam,1Story,10,5,2003,2003,Hip,VinylSd,VinylSd,BrkFace,922.0,4.0,2.0,PConc,5.0,3.0,4.0,6.0,56.0,1.0,0.0,2336.0,2392.0,4.0,Y,4.0,2392,0,0,2392,0.0,0.0,2,0,3,1,4.0,8,Typ,1,5.0,Attchd,2003.0,3.0,3.0,968.0,3.0,2.0,248,105,0,0,0,0,NoFence,0,6,2009,WD ,Normal,386250,0,1,1,0,1,3,0,0,0,0,0,0,0,0,0,0,0
120,RM,69.0,9763,NoAlley,2.0,Lvl,Inside,2.0,GrnHill,Norm,TwnhsE,1Story,7,5,1998,1998,Gable,Wd Sdng,Wd Sdng,BrkFace,239.0,3.0,2.0,PConc,4.0,3.0,1.0,6.0,1102.0,5.0,72.0,328.0,1502.0,4.0,Y,4.0,1502,0,0,1502,1.0,0.0,1,1,1,1,3.0,5,Typ,1,3.0,Attchd,1998.0,3.0,1.0,286.0,3.0,2.0,0,0,0,0,0,0,NoFence,0,9,2007,WD ,Normal,330000,0,1,1,0,1,3,0,0,0,0,0,0,0,0,0,0,0
20,RL,93.0,12299,NoAlley,3.0,Lvl,Inside,2.0,NWAmes,Norm,1Fam,1Story,7,6,1978,1985,Gable,Plywood,Plywood,Stone,67.0,2.0,2.0,CBlock,4.0,3.0,1.0,6.0,1328.0,1.0,0.0,201.0,1529.0,2.0,Y,4.0,1664,0,0,1664,1.0,0.0,2,0,3,1,3.0,7,Typ,1,3.0,Attchd,1978.0,3.0,2.0,663.0,3.0,2.0,0,0,0,0,0,0,NoFence,0,9,2007,WD ,Normal,213000,0,1,1,0,1,3,0,0,0,0,0,0,0,0,0,0,0
20,RL,81.0,14175,NoAlley,3.0,Bnk,Inside,1.0,Sawyer,PosA,1Fam,1Story,5,5,1956,1998,Hip,BrkFace,BrkFace,None,0.0,2.0,2.0,CBlock,3.0,3.0,1.0,3.0,386.0,5.0,522.0,332.0,1240.0,3.0,Y,4.0,1375,0,0,1375,1.0,0.0,1,0,3,1,2.0,6,Typ,1,4.0,Attchd,1956.0,1.0,1.0,323.0,3.0,2.0,0,0,0,0,0,0,NoFence,0,12,2007,WD ,Normal,187000,0,1,1,0,1,3,0,0,0,0,0,0,0,0,0,0,0
20,RL,80.0,9760,NoAlley,3.0,Lvl,Inside,1.0,NAmes,Norm,1Fam,1Story,6,7,1963,1984,Hip,Wd Sdng,Wd Sdng,BrkFace,218.0,2.0,2.0,CBlock,3.0,3.0,4.0,4.0,717.0,2.0,263.0,415.0,1395.0,2.0,Y,4.0,1395,0,0,1395,1.0,0.0,1,0,2,1,2.0,7,Min1,1,3.0,Attchd,1963.0,2.0,2.0,440.0,3.0,2.0,657,0,113,0,240,0,NoFence,0,5,2010,WD ,Normal,192000,0,1,1,0,1,3,0,0,0,0,0,0,0,0,0,0,0
20,RL,73.0,8987,NoAlley,3.0,Lvl,Inside,2.0,Somerst,Norm,1Fam,1Story,8,5,2005,2006,Gable,VinylSd,VinylSd,BrkFace,226.0,3.0,2.0,PConc,4.0,3.0,1.0,1.0,0.0,1.0,0.0,1595.0,1595.0,4.0,Y,4.0,1595,0,0,1595,0.0,0.0,2,0,2,1,3.0,6,Typ,1,4.0,Attchd,2005.0,2.0,3.0,880.0,3.0,2.0,144,0,0,0,0,0,NoFence,0,5,2010,WD ,Normal,221500,0,1,1,0,1,3,0,0,0,0,0,0,0,0,0,0,0
80,RL,72.0,9720,NoAlley,3.0,Lvl,Inside,2.0,CollgCr,Norm,1Fam,SLvl,5,7,1977,1977,Gable,Plywood,VinylSd,BrkFace,51.0,2.0,2.0,CBlock,3.0,5.0,3.0,5.0,755.0,1.0,0.0,240.0,995.0,2.0,Y,4.0,1009,0,0,1009,0.0,0.0,2,0,3,1,2.0,6,Typ,1,2.0,Detchd,1977.0,1.0,2.0,576.0,3.0,2.0,0,0,0,0,0,0,MnPrv,0,6,2007,WD ,Normal,160000,0,1,1,1,1,4,0,0,0,0,0,0,0,0,0,0,0
50,RH,55.0,4500,Pave,1.0,Bnk,Inside,2.0,SWISU,Norm,1Fam,1.5Fin,5,5,1932,2000,Gable,VinylSd,Stucco,None,0.0,2.0,2.0,BrkTil,3.0,3.0,1.0,3.0,182.0,1.0,0.0,611.0,793.0,4.0,Y,4.0,848,672,0,1520,0.0,0.0,1,0,3,1,2.0,6,Typ,0,0.0,Detchd,1968.0,1.0,1.0,281.0,3.0,2.0,0,0,56,0,0,0,NoFence,0,7,2009,WD ,Abnorml,159434,0,0,1,0,1,2,0,0,0,0,0,0,0,0,0,0,0
70,RM,50.0,8660,NoAlley,3.0,Bnk,Inside,2.0,IDOTRR,Norm,1Fam,2Story,5,6,1900,1993,Gambrel,AsbShng,AsbShng,None,0.0,2.0,2.0,BrkTil,3.0,3.0,1.0,1.0,0.0,1.0,0.0,760.0,760.0,4.0,N,4.0,928,928,312,2168,0.0,0.0,2,0,5,1,3.0,11,Typ,0,0.0,Detchd,1998.0,1.0,2.0,576.0,3.0,2.0,467,160,78,0,0,0,NoFence,0,12,2009,WD ,Normal,123000,0,0,0,0,1,1,0,0,0,0,0,0,0,0,0,0,0
90,RL,70.0,8078,NoAlley,3.0,Lvl,Inside,2.0,NAmes,Norm,Duplex,1Story,5,5,1958,1958,Hip,Wd Sdng,Wd Sdng,Stone,260.0,2.0,2.0,CBlock,3.0,3.0,1.0,1.0,0.0,1.0,0.0,1560.0,1560.0,2.0,Y,4.0,1560,0,0,1560,0.0,0.0,2,0,4,2,2.0,8,Typ,0,0.0,Detchd,1958.0,1.0,2.0,484.0,3.0,2.0,0,0,0,0,0,0,NoFence,0,12,2007,WD ,Normal,128600,0,0,1,0,1,2,0,0,0,0,0,0,0,0,0,0,0
20,RL,60.0,6600,NoAlley,3.0,Lvl,Inside,2.0,Mitchel,Norm,1Fam,1Story,5,6,1982,2005,Gable,HdBoard,Plywood,None,0.0,2.0,2.0,CBlock,3.0,3.0,1.0,6.0,638.0,1.0,0.0,207.0,845.0,3.0,Y,4.0,845,0,0,845,0.0,0.0,1,0,3,1,3.0,6,Typ,0,0.0,Attchd,1982.0,1.0,1.0,264.0,3.0,2.0,0,0,0,0,0,0,NoFence,0,7,2008,WD ,Normal,134500,0,0,1,0,1,2,0,0,0,0,0,0,0,0,0,0,0
20,RL,65.0,15635,NoAlley,2.0,Lvl,CulDSac,2.0,Edwards,Norm,1Fam,1Story,4,5,1954,1954,Gable,VinylSd,VinylSd,None,0.0,2.0,2.0,CBlock,0.0,0.0,0.0,0.0,0.0,0.0,0.0,0.0,0.0,2.0,Y,4.0,1383,0,0,1383,0.0,0.0,1,0,2,1,2.0,6,Mod,0,0.0,Attchd,1980.0,1.0,2.0,498.0,2.0,2.0,0,0,90,0,110,0,NoFence,0,10,2009,WD ,Normal,122000,0,0,1,0,1,2,0,0,0,0,0,0,0,0,0,0,0
120,FV,40.0,3606,Pave,3.0,Lvl,Inside,2.0,Somerst,Norm,TwnhsE,1Story,7,5,2006,2007,Gable,VinylSd,VinylSd,None,0.0,3.0,2.0,PConc,5.0,4.0,1.0,6.0,937.0,1.0,0.0,415.0,1352.0,4.0,Y,4.0,1352,0,0,1352,1.0,0.0,2,0,2,1,3.0,5,Typ,1,4.0,Attchd,2006.0,2.0,2.0,466.0,3.0,2.0,0,241,0,0,0,0,NoFence,0,8,2007,New,Partial,194000,0,1,1,0,1,3,0,0,0,0,0,0,0,0,0,0,0
70,RM,60.0,3600,Grvl,3.0,Lvl,Inside,2.0,OldTown,Norm,1Fam,2Story,6,7,1910,1993,Gable,VinylSd,VinylSd,None,0.0,2.0,2.0,CBlock,3.0,3.0,1.0,1.0,0.0,1.0,0.0,684.0,684.0,4.0,N,3.0,684,684,0,1368,0.0,0.0,1,0,3,1,2.0,7,Typ,0,0.0,Detchd,1930.0,1.0,1.0,216.0,3.0,0.0,0,158,0,0,0,0,NoFence,0,10,2006,WD ,Normal,114504,0,0,0,0,1,1,0,0,0,0,0,0,0,0,0,0,0
20,RL,83.0,11980,NoAlley,3.0,Low,Inside,1.0,SawyerW,Norm,1Fam,1Story,7,5,1987,1987,Gable,Plywood,Plywood,BrkFace,177.0,3.0,2.0,CBlock,4.0,3.0,4.0,6.0,1433.0,1.0,0.0,0.0,1433.0,4.0,Y,4.0,1433,0,0,1433,1.0,0.0,1,1,1,1,3.0,4,Typ,2,3.0,Attchd,1987.0,2.0,2.0,528.0,4.0,2.0,0,278,0,0,266,0,MnPrv,0,6,2010,WD ,Normal,270000,0,1,1,1,1,4,0,0,0,0,0,0,0,0,0,0,0
85,RL,75.0,11235,NoAlley,3.0,Lvl,Inside,2.0,Sawyer,Norm,1Fam,SFoyer,5,5,1964,1980,Gable,HdBoard,HdBoard,BrkFace,30.0,2.0,2.0,CBlock,4.0,3.0,3.0,4.0,785.0,1.0,0.0,635.0,1420.0,3.0,Y,4.0,1452,0,0,1452,1.0,0.0,1,0,2,1,2.0,6,Min2,1,3.0,Detchd,1964.0,1.0,2.0,572.0,3.0,2.0,92,0,88,0,0,0,NoFence,0,11,2007,WD ,Normal,158450,0,1,1,0,1,3,0,0,0,0,0,0,0,0,0,0,0
30,RM,40.0,4800,NoAlley,3.0,Lvl,Inside,2.0,IDOTRR,Norm,1Fam,1Story,4,7,1916,1990,Gable,MetalSd,MetalSd,None,0.0,2.0,2.0,CBlock,3.0,3.0,1.0,2.0,197.0,1.0,0.0,999.0,1196.0,4.0,Y,3.0,1196,0,0,1196,1.0,0.0,1,0,2,1,2.0,5,Typ,0,0.0,Detchd,1957.0,1.0,2.0,440.0,3.0,2.0,0,0,0,0,0,0,NoFence,0,7,2007,WD ,Normal,109900,0,0,1,0,1,2,0,0,0,0,0,0,0,0,0,0,0
20,A (agr),80.0,14584,NoAlley,3.0,Low,Inside,1.0,IDOTRR,Norm,1Fam,1Story,1,5,1952,1952,Gable,AsbShng,VinylSd,None,0.0,1.0,0.0,Slab,0.0,0.0,0.0,0.0,0.0,0.0,0.0,0.0,0.0,0.0,N,3.0,733,0,0,733,0.0,0.0,1,0,2,1,1.0,4,Sal,0,0.0,Attchd,1952.0,1.0,2.0,487.0,2.0,0.0,0,0,0,0,0,0,NoFence,0,2,2008,WD ,Abnorml,13100,0,0,0,0,1,1,0,0,0,0,0,0,0,0,0,0,0
20,RL,75.0,7875,NoAlley,3.0,Lvl,Inside,2.0,NAmes,Norm,1Fam,1Story,5,6,1961,1961,Gable,VinylSd,VinylSd,BrkFace,136.0,2.0,2.0,CBlock,3.0,3.0,1.0,3.0,572.0,1.0,0.0,572.0,1144.0,3.0,Y,4.0,1144,0,0,1144,1.0,0.0,1,0,3,1,2.0,6,Typ,0,0.0,Attchd,1961.0,1.0,2.0,456.0,3.0,2.0,0,0,0,0,0,0,GdWo,0,9,2008,WD ,Normal,139950,0,0,1,1,1,3,0,0,0,0,0,0,0,0,0,0,0
120,FV,35.0,4274,Pave,2.0,Lvl,Inside,2.0,Somerst,Norm,TwnhsE,1Story,7,5,2006,2007,Gable,VinylSd,VinylSd,None,0.0,3.0,2.0,PConc,4.0,3.0,1.0,6.0,1106.0,1.0,0.0,135.0,1241.0,4.0,Y,4.0,1241,0,0,1241,1.0,0.0,1,1,1,1,3.0,4,Typ,0,0.0,Attchd,2007.0,3.0,2.0,569.0,3.0,2.0,0,116,0,0,0,0,NoFence,0,11,2007,New,Partial,199900,0,0,1,0,1,2,0,0,0,0,0,0,0,0,0,0,1
120,RL,48.0,7841,NoAlley,2.0,Lvl,Inside,2.0,NridgHt,Norm,TwnhsE,1Story,9,5,2005,2005,Hip,MetalSd,MetalSd,BrkFace,394.0,4.0,2.0,PConc,5.0,3.0,1.0,6.0,848.0,1.0,0.0,729.0,1577.0,4.0,Y,4.0,1577,0,0,1577,1.0,0.0,2,0,2,1,4.0,6,Typ,1,4.0,Attchd,2005.0,2.0,2.0,564.0,3.0,2.0,203,39,0,0,0,0,NoFence,0,5,2007,WD ,Normal,280000,0,1,1,0,1,3,0,0,0,0,0,0,0,0,0,0,0
75,RM,60.0,9600,Grvl,3.0,Lvl,Inside,2.0,OldTown,Norm,1Fam,2.5Unf,6,5,1917,1950,Gable,AsbShng,AsbShng,None,0.0,2.0,2.0,BrkTil,4.0,3.0,1.0,3.0,319.0,1.0,0.0,416.0,735.0,1.0,N,4.0,1134,924,0,2058,0.0,0.0,1,1,3,1,2.0,8,Typ,1,4.0,Detchd,1950.0,1.0,2.0,396.0,2.0,1.0,0,0,259,0,0,0,NoFence,0,4,2008,WD ,Normal,129500,0,1,0,0,1,2,0,0,0,0,0,0,0,0,0,0,0
60,RL,73.0,9801,NoAlley,3.0,Lvl,Inside,2.0,Somerst,Norm,1Fam,2Story,8,5,2007,2007,Gable,VinylSd,VinylSd,Stone,156.0,3.0,2.0,PConc,4.0,3.0,3.0,1.0,0.0,1.0,0.0,1341.0,1341.0,4.0,Y,4.0,1341,520,0,1861,0.0,0.0,3,0,3,1,3.0,7,Typ,1,4.0,BuiltIn,2007.0,2.0,3.0,851.0,3.0,2.0,144,60,0,0,0,0,NoFence,0,7,2008,WD ,Normal,257000,0,1,1,0,1,3,0,0,0,0,0,0,0,0,0,0,0
20,RL,76.0,8243,NoAlley,2.0,Lvl,CulDSac,2.0,NAmes,Norm,1Fam,1Story,5,7,1961,1961,Gable,VinylSd,VinylSd,BrkFace,56.0,2.0,3.0,CBlock,3.0,3.0,1.0,5.0,700.0,1.0,0.0,264.0,964.0,4.0,Y,4.0,964,0,0,964,0.0,0.0,1,0,3,1,2.0,5,Typ,1,2.0,Detchd,1985.0,3.0,2.0,784.0,3.0,2.0,170,0,0,0,0,0,GdPrv,0,2,2007,WD ,Normal,137500,0,1,1,1,1,4,0,0,0,0,0,0,0,0,0,0,0
60,RL,85.0,11069,NoAlley,3.0,Lvl,Corner,2.0,CollgCr,Norm,1Fam,2Story,6,5,2007,2007,Gable,VinylSd,VinylSd,None,0.0,3.0,2.0,PConc,4.0,3.0,1.0,1.0,0.0,1.0,0.0,608.0,608.0,4.0,Y,4.0,608,788,0,1396,0.0,0.0,2,1,3,1,3.0,6,Typ,1,4.0,BuiltIn,2007.0,3.0,2.0,440.0,3.0,2.0,100,36,0,0,0,0,NoFence,0,7,2009,WD ,Normal,170000,0,1,1,0,1,3,0,0,0,0,0,0,0,0,0,0,0
20,RL,73.0,8899,NoAlley,2.0,Lvl,Inside,2.0,Gilbert,Norm,1Fam,1Story,7,5,2007,2007,Gable,VinylSd,VinylSd,None,0.0,3.0,2.0,PConc,4.0,3.0,3.0,6.0,24.0,1.0,0.0,1316.0,1340.0,4.0,Y,4.0,1340,0,0,1340,0.0,0.0,2,0,3,1,3.0,6,Typ,0,0.0,Attchd,2007.0,3.0,2.0,396.0,3.0,2.0,100,30,0,0,0,0,NoFence,0,8,2007,New,Partial,181134,0,0,1,0,1,2,0,0,0,0,0,0,0,0,0,0,0
20,RL,60.0,6960,NoAlley,3.0,Lvl,Inside,2.0,NAmes,Norm,1Fam,1Story,4,6,1970,1970,Gable,HdBoard,Plywood,None,0.0,2.0,2.0,CBlock,3.0,3.0,1.0,5.0,375.0,4.0,239.0,250.0,864.0,2.0,Y,4.0,864,0,0,864,0.0,0.0,1,0,3,1,3.0,5,Typ,0,0.0,Detchd,1989.0,1.0,2.0,660.0,3.0,2.0,96,0,0,0,0,0,NoFence,500,11,2009,WD ,Normal,120500,0,0,1,0,1,2,0,0,0,0,0,0,0,0,0,0,0
60,RL,65.0,8453,NoAlley,2.0,Lvl,Inside,2.0,SawyerW,Norm,1Fam,2Story,6,5,1995,1995,Gable,VinylSd,VinylSd,BrkFace,38.0,3.0,2.0,PConc,4.0,3.0,1.0,6.0,362.0,1.0,0.0,392.0,754.0,4.0,Y,4.0,754,855,0,1609,0.0,0.0,2,1,3,1,3.0,6,Typ,0,0.0,Attchd,1995.0,2.0,2.0,525.0,3.0,2.0,0,70,0,0,0,0,NoFence,0,4,2008,WD ,Normal,182000,0,0,1,0,1,2,0,0,0,0,0,0,0,0,0,0,0
30,RM,50.0,5925,NoAlley,3.0,Bnk,Inside,2.0,OldTown,Norm,1Fam,1Story,4,7,1937,2000,Hip,Stucco,Stucco,BrkCmn,435.0,2.0,2.0,BrkTil,2.0,3.0,1.0,3.0,168.0,1.0,0.0,739.0,907.0,2.0,Y,4.0,1131,0,0,1131,0.0,0.0,1,0,2,1,2.0,7,Typ,0,0.0,Detchd,1995.0,1.0,2.0,672.0,3.0,2.0,0,72,0,0,0,0,MnPrv,0,3,2007,WD ,Alloca,89471,0,0,1,1,1,3,0,0,0,0,0,0,0,0,0,0,0
20,RL,63.0,7875,NoAlley,3.0,Lvl,Inside,2.0,Gilbert,Norm,1Fam,1Story,7,5,1995,1996,Gable,HdBoard,HdBoard,BrkFace,38.0,2.0,2.0,PConc,4.0,4.0,1.0,1.0,0.0,1.0,0.0,1237.0,1237.0,3.0,Y,4.0,1253,0,0,1253,0.0,0.0,2,0,3,1,2.0,6,Typ,1,3.0,Attchd,1995.0,3.0,2.0,402.0,3.0,2.0,220,21,0,0,0,0,NoFence,0,6,2007,WD ,Normal,176000,0,1,1,0,1,3,0,0,0,0,0,0,0,0,0,0,0
60,RL,80.0,10793,NoAlley,3.0,Lvl,Inside,2.0,NWAmes,RRAn,1Fam,2Story,5,5,1969,1969,Mansard,WdShing,HdBoard,BrkFace,263.0,2.0,2.0,CBlock,3.0,3.0,1.0,3.0,493.0,4.0,287.0,0.0,780.0,4.0,Y,4.0,780,840,0,1620,0.0,0.0,2,1,4,1,2.0,7,Min1,0,0.0,Attchd,1969.0,3.0,2.0,462.0,3.0,2.0,208,0,0,0,0,0,GdWo,0,4,2007,WD ,Normal,152000,0,0,1,1,1,3,0,0,0,0,0,0,0,0,0,0,0
20,RL,73.0,9803,NoAlley,3.0,Lvl,Inside,2.0,Timber,Norm,1Fam,1Story,7,5,2009,2010,Gable,VinylSd,VinylSd,None,0.0,3.0,2.0,PConc,4.0,3.0,1.0,1.0,0.0,1.0,0.0,1214.0,1214.0,4.0,Y,4.0,1214,0,0,1214,0.0,0.0,2,0,2,1,3.0,6,Typ,0,0.0,Attchd,2010.0,2.0,2.0,520.0,3.0,2.0,0,25,0,0,0,0,NoFence,0,1,2010,New,Partial,179781,0,0,1,0,1,2,0,0,0,0,0,0,0,0,0,0,0
20,RL,80.0,14695,NoAlley,2.0,Lvl,Inside,2.0,NAmes,Norm,1Fam,1Story,6,8,1966,2008,Gable,MetalSd,MetalSd,BrkFace,210.0,2.0,3.0,CBlock,3.0,3.0,1.0,5.0,1387.0,1.0,0.0,175.0,1562.0,3.0,Y,4.0,1567,0,0,1567,1.0,0.0,2,0,2,1,3.0,5,Typ,2,4.0,Attchd,1966.0,1.0,2.0,542.0,3.0,2.0,0,110,0,0,342,0,GdWo,0,7,2009,WD ,Normal,256000,0,1,1,1,1,4,0,0,0,0,0,0,0,0,0,0,0
85,RL,73.0,10050,NoAlley,2.0,Lvl,Inside,2.0,NAmes,Norm,1Fam,SFoyer,5,6,1966,1966,Gable,HdBoard,HdBoard,BrkFace,87.0,2.0,2.0,CBlock,3.0,3.0,3.0,6.0,602.0,1.0,0.0,191.0,793.0,4.0,Y,4.0,1280,0,0,1280,0.0,1.0,2,0,3,1,2.0,6,Typ,1,3.0,Basment,1966.0,3.0,2.0,432.0,3.0,2.0,140,40,0,0,0,0,NoFence,0,6,2007,WD ,Normal,175000,0,1,1,0,1,3,0,0,0,0,0,0,0,0,0,0,0
50,RL,60.0,11409,NoAlley,3.0,Lvl,Inside,2.0,Edwards,Norm,1Fam,1.5Fin,5,4,1949,2008,Gable,Wd Sdng,Wd Sdng,None,0.0,2.0,2.0,CBlock,3.0,3.0,1.0,2.0,292.0,1.0,0.0,476.0,768.0,3.0,Y,4.0,1148,568,0,1716,0.0,0.0,1,1,3,1,2.0,8,Min2,1,4.0,Attchd,1949.0,1.0,1.0,281.0,3.0,2.0,0,0,0,0,160,0,NoFence,0,1,2009,WD ,Normal,131000,0,1,1,0,1,3,0,0,0,0,0,0,0,0,0,0,0
160,FV,73.0,2117,NoAlley,3.0,Lvl,Inside,2.0,Somerst,Norm,Twnhs,2Story,6,5,2000,2000,Gable,MetalSd,MetalSd,BrkFace,216.0,3.0,2.0,PConc,4.0,3.0,1.0,6.0,378.0,1.0,0.0,378.0,756.0,4.0,Y,4.0,769,804,0,1573,0.0,0.0,2,1,3,1,3.0,5,Typ,0,0.0,Detchd,2000.0,1.0,2.0,440.0,3.0,2.0,0,32,0,0,0,0,NoFence,0,6,2010,WD ,Normal,177500,0,0,1,0,1,2,0,0,0,0,0,0,0,0,0,0,0
60,RL,66.0,8738,NoAlley,2.0,Lvl,Inside,2.0,Gilbert,Norm,1Fam,2Story,7,5,1999,1999,Gable,VinylSd,VinylSd,BrkFace,302.0,3.0,2.0,PConc,4.0,3.0,1.0,1.0,0.0,1.0,0.0,975.0,975.0,4.0,Y,4.0,1005,1286,0,2291,0.0,0.0,2,1,4,1,3.0,8,Typ,1,3.0,BuiltIn,1999.0,3.0,2.0,429.0,3.0,2.0,192,0,0,0,0,0,NoFence,0,2,2006,WD ,Normal,230000,0,1,1,0,1,3,0,0,0,0,0,0,0,0,0,0,0
20,RL,75.0,10125,NoAlley,3.0,Lvl,Inside,2.0,Mitchel,Norm,1Fam,1Story,6,6,1977,1977,Gable,Plywood,Plywood,None,0.0,2.0,2.0,CBlock,3.0,3.0,1.0,5.0,641.0,2.0,279.0,276.0,1196.0,2.0,Y,4.0,1279,0,0,1279,0.0,1.0,2,0,3,1,2.0,6,Typ,2,2.0,Detchd,1980.0,1.0,2.0,473.0,3.0,2.0,238,83,0,0,0,0,MnPrv,0,2,2008,WD ,Normal,171500,0,1,1,1,1,4,0,0,0,0,0,0,0,0,0,0,0
50,RL,52.0,6292,NoAlley,3.0,Lvl,Inside,2.0,SWISU,Norm,1Fam,1.5Fin,7,7,1928,1950,Gable,Wd Sdng,Wd Sdng,None,0.0,2.0,2.0,BrkTil,3.0,3.0,1.0,1.0,0.0,1.0,0.0,861.0,861.0,3.0,Y,4.0,877,600,0,1477,0.0,1.0,2,0,3,1,2.0,6,Typ,1,4.0,Detchd,1928.0,1.0,1.0,216.0,3.0,2.0,0,50,0,0,0,0,NoFence,0,8,2009,WD ,Normal,145000,0,1,1,0,1,3,0,0,0,0,0,0,0,0,0,0,0
50,RL,80.0,11250,NoAlley,3.0,Lvl,Inside,2.0,ClearCr,Norm,1Fam,1.5Fin,4,5,1957,1989,Gable,Wd Sdng,Wd Sdng,None,0.0,2.0,2.0,CBlock,3.0,3.0,3.0,1.0,0.0,1.0,0.0,1104.0,1104.0,4.0,Y,3.0,1104,684,0,1788,1.0,0.0,1,0,5,1,2.0,8,Min2,2,3.0,Attchd,1957.0,1.0,1.0,304.0,3.0,2.0,120,0,0,0,0,0,NoFence,0,11,2009,WD ,Normal,161500,0,1,1,0,1,3,0,0,0,0,0,0,0,0,0,0,0
190,RM,85.0,13600,Grvl,3.0,Lvl,Inside,2.0,OldTown,Norm,2fmCon,2Story,5,5,1900,1950,Gable,Wd Sdng,Wd Sdng,None,0.0,2.0,2.0,BrkTil,3.0,3.0,1.0,1.0,0.0,1.0,0.0,662.0,662.0,2.0,N,4.0,1422,915,0,2337,0.0,0.0,2,0,5,2,2.0,10,Min2,0,0.0,Detchd,1945.0,1.0,2.0,560.0,3.0,2.0,0,57,0,0,0,0,NoFence,0,9,2007,WD ,Normal,90000,0,0,0,0,1,1,0,0,0,0,0,0,0,0,0,0,0
60,RL,80.0,9130,NoAlley,3.0,Lvl,Inside,2.0,NWAmes,Feedr,1Fam,2Story,6,8,1966,2000,Hip,HdBoard,HdBoard,BrkFace,252.0,2.0,2.0,CBlock,3.0,3.0,1.0,6.0,400.0,3.0,64.0,336.0,800.0,3.0,Y,4.0,800,832,0,1632,0.0,1.0,1,1,4,1,3.0,7,Typ,0,0.0,Attchd,1966.0,1.0,2.0,484.0,3.0,2.0,0,40,0,0,0,0,NoFence,0,7,2008,WD ,Normal,173000,0,0,1,0,1,2,0,0,0,0,0,0,0,0,0,0,0
20,RL,70.0,9116,NoAlley,3.0,Lvl,Corner,2.0,Mitchel,Norm,1Fam,1Story,8,5,2001,2001,Hip,VinylSd,VinylSd,None,0.0,3.0,2.0,PConc,5.0,3.0,1.0,1.0,0.0,1.0,0.0,1491.0,1491.0,4.0,Y,4.0,1491,0,0,1491,0.0,0.0,2,0,3,1,3.0,7,Typ,0,0.0,Attchd,2001.0,2.0,2.0,490.0,3.0,2.0,120,100,0,0,0,0,NoFence,0,5,2006,WD ,Normal,209000,0,0,1,0,1,2,0,0,0,0,0,0,0,0,0,0,0
20,RL,71.0,7064,NoAlley,3.0,Lvl,Inside,2.0,Sawyer,Norm,1Fam,1Story,5,6,1977,1977,Gable,Plywood,Plywood,BrkFace,153.0,2.0,2.0,CBlock,3.0,3.0,1.0,4.0,560.0,1.0,0.0,420.0,980.0,2.0,Y,4.0,980,0,0,980,0.0,0.0,1,0,3,1,2.0,6,Typ,0,0.0,Detchd,1986.0,1.0,2.0,484.0,3.0,2.0,192,0,0,0,0,0,NoFence,0,7,2009,WD ,Normal,135000,0,0,1,0,1,2,0,0,0,0,0,0,0,0,0,0,0
20,RL,74.0,7400,NoAlley,3.0,Lvl,Corner,2.0,NAmes,Artery,1Fam,1Story,7,6,1962,1962,Gable,Wd Sdng,Wd Sdng,None,0.0,2.0,2.0,CBlock,3.0,3.0,1.0,2.0,809.0,1.0,0.0,236.0,1045.0,3.0,Y,4.0,1045,0,0,1045,1.0,0.0,1,0,3,1,2.0,6,Typ,0,0.0,Detchd,1962.0,1.0,2.0,528.0,3.0,2.0,0,0,0,0,0,0,NoFence,0,3,2006,WD ,Normal,120000,0,0,1,0,1,2,0,0,0,0,0,0,0,0,0,0,0
20,RL,62.0,8010,NoAlley,3.0,Lvl,Inside,2.0,NAmes,Norm,1Fam,1Story,6,9,1958,2007,Hip,Wd Sdng,Wd Sdng,None,0.0,3.0,3.0,CBlock,3.0,3.0,2.0,6.0,745.0,1.0,0.0,206.0,951.0,3.0,Y,4.0,951,0,0,951,1.0,0.0,1,0,2,1,3.0,6,Typ,0,0.0,Detchd,1985.0,1.0,2.0,480.0,3.0,2.0,0,0,42,0,0,0,NoFence,450,9,2009,WD ,Normal,143500,0,0,1,0,1,2,0,0,0,0,0,0,0,0,0,0,0
60,RL,100.0,12191,NoAlley,2.0,Lvl,Inside,2.0,NoRidge,Norm,1Fam,2Story,8,5,1997,1998,Hip,VinylSd,VinylSd,BrkFace,515.0,3.0,2.0,PConc,4.0,3.0,3.0,6.0,1181.0,1.0,0.0,598.0,1779.0,4.0,Y,4.0,1779,772,0,2551,1.0,0.0,2,1,4,1,3.0,8,Typ,2,3.0,Attchd,1998.0,3.0,3.0,925.0,3.0,2.0,76,61,0,0,0,0,NoFence,0,6,2007,WD ,Normal,384500,0,1,1,0,1,3,0,0,0,0,0,0,0,0,0,0,0
30,RL,60.0,10800,Grvl,3.0,Lvl,Inside,2.0,OldTown,Norm,1Fam,1Story,5,7,1920,1950,Gable,Wd Sdng,Wd Sdng,None,0.0,2.0,2.0,BrkTil,3.0,3.0,1.0,1.0,0.0,1.0,0.0,720.0,720.0,2.0,N,4.0,846,0,0,846,0.0,0.0,1,0,2,1,3.0,4,Typ,0,0.0,Detchd,1980.0,3.0,2.0,576.0,3.0,0.0,0,0,0,0,0,0,NoFence,0,6,2009,WD ,Normal,106000,0,0,0,0,1,1,0,0,0,0,0,0,0,0,0,0,0
90,RL,70.0,7728,NoAlley,3.0,Lvl,Inside,2.0,NAmes,Norm,Duplex,SLvl,5,6,1962,1962,Hip,Wd Sdng,Wd Sdng,BrkFace,120.0,2.0,2.0,CBlock,3.0,3.0,3.0,5.0,803.0,1.0,0.0,303.0,1106.0,2.0,Y,4.0,1190,0,0,1190,1.0,0.0,1,0,3,1,2.0,6,Typ,0,0.0,Attchd,1962.0,1.0,2.0,540.0,3.0,2.0,0,18,0,0,0,0,GdWo,0,5,2006,WD ,Normal,132500,0,0,1,1,1,3,0,0,0,0,0,0,0,0,0,0,0
30,RM,50.0,5000,NoAlley,3.0,Lvl,Inside,2.0,BrkSide,Feedr,1Fam,1Story,4,7,1925,1950,Gable,MetalSd,MetalSd,None,0.0,2.0,2.0,BrkTil,3.0,3.0,1.0,3.0,188.0,1.0,0.0,577.0,765.0,2.0,N,1.0,765,0,0,765,1.0,0.0,1,0,2,1,3.0,4,Typ,0,0.0,Detchd,1926.0,1.0,1.0,200.0,2.0,1.0,135,0,41,0,0,0,MnPrv,0,4,2010,WD ,Normal,87000,0,0,0,1,1,2,0,0,0,0,0,0,0,0,0,0,0
60,FV,102.0,11143,NoAlley,2.0,Lvl,Corner,2.0,Somerst,Norm,1Fam,2Story,8,5,2004,2005,Gable,CemntBd,CmentBd,None,0.0,3.0,2.0,PConc,4.0,3.0,1.0,1.0,0.0,1.0,0.0,1580.0,1580.0,4.0,Y,4.0,1580,886,0,2466,0.0,0.0,3,0,4,1,3.0,8,Typ,1,4.0,Attchd,2004.0,2.0,2.0,610.0,3.0,2.0,159,214,0,0,0,0,NoFence,0,12,2007,WD ,Normal,340000,0,1,1,0,1,3,0,0,0,0,0,0,0,0,0,0,0
120,RL,43.0,3182,NoAlley,3.0,Lvl,Inside,2.0,Blmngtn,Norm,TwnhsE,1Story,7,5,2005,2006,Gable,VinylSd,VinylSd,BrkFace,14.0,3.0,2.0,PConc,4.0,4.0,1.0,6.0,16.0,1.0,0.0,1330.0,1346.0,4.0,Y,4.0,1504,0,0,1504,0.0,0.0,2,0,2,1,3.0,7,Typ,1,4.0,Attchd,2005.0,3.0,2.0,437.0,3.0,2.0,156,20,0,0,0,0,NoFence,0,5,2008,WD ,Normal,191000,0,1,1,0,1,3,0,0,0,0,0,0,0,0,0,0,0
20,RL,73.0,12925,NoAlley,2.0,Lvl,Corner,2.0,NAmes,Norm,1Fam,1Story,6,7,1970,1970,Gable,BrkFace,Plywood,None,0.0,2.0,2.0,CBlock,3.0,3.0,2.0,4.0,865.0,1.0,0.0,340.0,1205.0,4.0,Y,4.0,2117,0,0,2117,0.0,0.0,2,1,4,1,2.0,7,Typ,2,4.0,Attchd,1970.0,3.0,2.0,550.0,3.0,2.0,0,42,0,0,0,0,NoFence,0,5,2008,WD ,Normal,237500,0,1,1,0,1,3,0,0,0,0,0,0,0,0,0,0,0
50,RL,60.0,8064,NoAlley,3.0,Lvl,Inside,2.0,NAmes,Artery,1Fam,1.5Fin,6,6,1948,1950,Gable,Wd Sdng,Wd Sdng,None,0.0,2.0,2.0,CBlock,3.0,3.0,1.0,5.0,315.0,1.0,0.0,453.0,768.0,4.0,Y,4.0,819,501,0,1320,0.0,0.0,2,0,3,1,2.0,5,Typ,0,0.0,Detchd,1994.0,1.0,2.0,576.0,3.0,2.0,108,0,0,0,0,0,GdWo,0,9,2008,WD ,Normal,138000,0,0,1,1,1,3,0,0,0,0,0,0,0,0,0,0,0
90,RM,78.0,7020,NoAlley,3.0,Lvl,Inside,2.0,Mitchel,Norm,Duplex,SFoyer,7,5,1997,1997,Gable,MetalSd,MetalSd,BrkFace,200.0,2.0,3.0,PConc,4.0,3.0,4.0,6.0,1243.0,1.0,0.0,45.0,1288.0,3.0,Y,4.0,1368,0,0,1368,2.0,0.0,2,0,2,2,2.0,8,Typ,0,0.0,Attchd,1997.0,3.0,4.0,784.0,3.0,2.0,0,48,0,0,0,0,NoFence,0,11,2006,WD ,Normal,215000,0,0,1,0,1,2,0,0,0,0,0,0,0,0,0,0,0
85,RL,70.0,7669,NoAlley,3.0,Lvl,Inside,2.0,Mitchel,Norm,1Fam,SFoyer,5,6,1992,1993,Gable,HdBoard,Wd Shng,None,0.0,2.0,2.0,PConc,4.0,3.0,3.0,6.0,718.0,2.0,110.0,0.0,828.0,2.0,Y,4.0,883,0,0,883,1.0,0.0,1,0,2,1,2.0,5,Typ,1,2.0,Detchd,1998.0,1.0,2.0,698.0,3.0,2.0,100,32,0,0,0,0,GdPrv,0,6,2009,WD ,Normal,149000,0,1,1,1,1,4,0,0,0,0,0,0,0,0,0,0,0
60,RL,85.0,16056,NoAlley,2.0,Lvl,Inside,2.0,StoneBr,Norm,1Fam,2Story,9,5,2005,2006,Hip,CemntBd,CmentBd,Stone,208.0,3.0,2.0,PConc,5.0,3.0,3.0,6.0,240.0,1.0,0.0,1752.0,1992.0,4.0,Y,4.0,1992,876,0,2868,0.0,0.0,3,1,4,1,4.0,11,Typ,1,4.0,BuiltIn,2005.0,3.0,3.0,716.0,3.0,2.0,214,108,0,0,0,0,NoFence,0,7,2006,New,Partial,556581,0,1,1,0,1,3,0,0,0,0,0,0,0,0,0,0,0
50,RL,70.0,11767,NoAlley,3.0,Lvl,Inside,2.0,Edwards,Norm,1Fam,1.5Fin,5,6,1946,1995,Gable,MetalSd,MetalSd,None,0.0,2.0,2.0,CBlock,3.0,3.0,1.0,4.0,352.0,1.0,0.0,416.0,768.0,4.0,Y,4.0,768,432,0,1200,0.0,0.0,1,0,3,1,2.0,6,Typ,0,0.0,Detchd,1946.0,1.0,1.0,240.0,3.0,2.0,0,0,0,0,0,0,NoFence,0,5,2008,WD ,Normal,130500,0,0,1,0,1,2,0,0,0,0,0,0,0,0,0,0,0
50,RM,50.0,6060,NoAlley,3.0,Lvl,Inside,2.0,IDOTRR,Norm,1Fam,1.5Fin,4,5,1939,1950,Gable,AsbShng,AsbShng,None,0.0,2.0,2.0,PConc,3.0,3.0,1.0,1.0,0.0,1.0,0.0,732.0,732.0,3.0,Y,4.0,772,351,0,1123,0.0,0.0,1,0,3,1,2.0,4,Typ,0,0.0,Detchd,1979.0,1.0,1.0,264.0,3.0,1.0,0,0,140,0,0,0,MnPrv,0,6,2007,WD ,Normal,100000,0,0,1,1,1,3,0,0,0,0,0,0,0,0,0,0,0
20,RL,90.0,11727,NoAlley,3.0,Lvl,Corner,2.0,NAmes,Norm,1Fam,1Story,7,6,1969,1969,Gable,HdBoard,HdBoard,BrkFace,434.0,2.0,3.0,CBlock,3.0,3.0,2.0,1.0,0.0,1.0,0.0,1851.0,1851.0,3.0,Y,4.0,1851,0,0,1851,0.0,0.0,2,0,3,1,2.0,8,Typ,1,3.0,Attchd,1969.0,3.0,2.0,506.0,3.0,2.0,0,146,0,0,0,0,NoFence,0,3,2006,WD ,Normal,192100,0,1,1,0,1,3,0,0,0,0,0,0,0,0,0,0,0
60,RL,96.0,10628,NoAlley,2.0,Lvl,Corner,2.0,SawyerW,Norm,1Fam,2Story,7,5,2004,2004,Gable,VinylSd,VinylSd,None,0.0,3.0,2.0,PConc,4.0,3.0,4.0,1.0,0.0,1.0,0.0,835.0,835.0,4.0,Y,4.0,871,941,0,1812,0.0,0.0,2,1,3,1,3.0,8,Typ,0,0.0,BuiltIn,2004.0,2.0,2.0,478.0,3.0,2.0,146,91,0,0,0,0,NoFence,0,1,2009,WD ,Normal,193000,0,0,1,0,1,2,0,0,0,0,0,0,0,0,0,0,0
20,RL,60.0,7200,NoAlley,3.0,Lvl,Inside,2.0,NAmes,Norm,1Fam,1Story,5,5,1950,1950,Hip,MetalSd,MetalSd,None,0.0,2.0,2.0,CBlock,0.0,0.0,0.0,0.0,0.0,0.0,0.0,0.0,0.0,3.0,Y,4.0,1048,0,0,1048,0.0,0.0,1,0,3,1,2.0,7,Min1,0,0.0,Detchd,1950.0,1.0,2.0,420.0,3.0,2.0,0,27,0,0,0,0,NoFence,0,7,2008,WD ,Normal,98300,0,0,1,0,1,2,0,0,0,0,0,0,0,0,0,0,0
20,RL,96.0,12469,NoAlley,3.0,Lvl,FR2,2.0,NridgHt,Norm,1Fam,1Story,9,5,2006,2007,Hip,VinylSd,VinylSd,Stone,378.0,4.0,2.0,PConc,5.0,3.0,4.0,6.0,1151.0,1.0,0.0,639.0,1790.0,4.0,Y,4.0,1816,0,0,1816,1.0,0.0,2,0,3,1,4.0,7,Typ,1,4.0,Attchd,2007.0,3.0,3.0,730.0,3.0,2.0,186,36,0,0,0,0,NoFence,0,8,2007,New,Partial,356000,0,1,1,0,1,3,0,0,0,0,0,0,0,0,0,0,0
20,RL,60.0,11664,NoAlley,3.0,Lvl,Inside,2.0,NAmes,Artery,1Fam,1Story,6,5,1948,1950,Gable,MetalSd,MetalSd,BrkFace,206.0,2.0,2.0,CBlock,3.0,2.0,1.0,4.0,336.0,1.0,0.0,746.0,1082.0,2.0,Y,4.0,1082,0,0,1082,0.0,0.0,1,0,2,1,2.0,5,Typ,1,4.0,Detchd,1948.0,1.0,1.0,240.0,3.0,2.0,0,130,0,0,0,0,NoFence,0,11,2007,WD ,Normal,119200,0,1,1,0,1,3,0,0,0,0,0,0,0,0,0,0,0
20,RL,70.0,16196,NoAlley,0.0,Low,Inside,2.0,SawyerW,Norm,1Fam,1Story,7,5,1998,1998,Gable,VinylSd,VinylSd,None,0.0,3.0,2.0,PConc,4.0,3.0,4.0,6.0,1443.0,1.0,0.0,39.0,1482.0,4.0,Y,4.0,1494,0,0,1494,1.0,0.0,2,0,3,1,3.0,5,Typ,1,2.0,Attchd,1998.0,2.0,2.0,514.0,3.0,2.0,402,25,0,0,0,0,NoFence,0,8,2007,WD ,Normal,215000,0,1,1,0,1,3,0,0,0,0,0,0,0,0,0,0,0
60,RL,83.0,9545,NoAlley,3.0,Lvl,Corner,2.0,NoRidge,Norm,1Fam,2Story,8,5,2000,2000,Gable,VinylSd,VinylSd,BrkFace,322.0,3.0,2.0,PConc,4.0,3.0,2.0,6.0,505.0,1.0,0.0,655.0,1160.0,4.0,Y,4.0,1205,1029,0,2234,1.0,0.0,2,1,3,1,3.0,7,Typ,1,3.0,BuiltIn,2000.0,2.0,3.0,768.0,3.0,2.0,0,50,0,0,0,0,NoFence,0,6,2006,WD ,Normal,300000,0,1,1,0,1,3,0,0,0,0,0,0,0,0,0,0,0
20,RL,80.0,9600,NoAlley,3.0,Lvl,Inside,2.0,NAmes,Feedr,1Fam,1Story,6,6,1958,1988,Hip,Wd Sdng,Wd Sdng,BrkCmn,183.0,2.0,2.0,CBlock,3.0,3.0,1.0,3.0,620.0,2.0,620.0,0.0,1240.0,3.0,Y,4.0,1632,0,0,1632,1.0,0.0,2,0,3,1,2.0,6,Min1,1,4.0,Attchd,1958.0,2.0,1.0,338.0,3.0,2.0,289,0,0,0,0,0,MnPrv,0,4,2009,WD ,Normal,139000,0,1,1,1,1,4,0,0,0,0,0,0,0,0,0,0,0
60,RL,63.0,9084,NoAlley,2.0,Lvl,Inside,2.0,Gilbert,Norm,1Fam,2Story,7,5,1998,1998,Hip,VinylSd,VinylSd,None,0.0,2.0,2.0,PConc,4.0,3.0,1.0,1.0,0.0,1.0,0.0,935.0,935.0,3.0,Y,4.0,955,677,0,1632,0.0,0.0,2,1,3,1,2.0,8,Typ,1,3.0,Attchd,1998.0,3.0,2.0,462.0,3.0,2.0,0,28,0,0,0,0,NoFence,0,6,2006,WD ,Normal,176500,0,1,1,0,1,3,0,0,0,0,0,0,0,0,0,0,0
50,RM,60.0,6876,NoAlley,3.0,Bnk,Inside,2.0,IDOTRR,Norm,1Fam,1.5Fin,6,6,1938,1958,Gable,Wd Sdng,Wd Sdng,None,0.0,2.0,2.0,BrkTil,3.0,3.0,1.0,1.0,0.0,1.0,0.0,1272.0,1272.0,2.0,Y,4.0,1272,0,697,1969,0.0,0.0,2,0,4,1,2.0,9,Min1,1,4.0,Detchd,1938.0,1.0,2.0,400.0,3.0,2.0,0,34,0,0,0,0,NoFence,0,11,2008,COD,Normal,141000,0,1,1,0,1,3,0,0,0,0,0,0,0,0,0,0,0
20,RL,80.0,9600,NoAlley,3.0,Lvl,Inside,2.0,NWAmes,Feedr,1Fam,1Story,5,5,1969,1969,Gable,HdBoard,HdBoard,BrkFace,128.0,2.0,2.0,CBlock,4.0,3.0,2.0,5.0,553.0,3.0,147.0,588.0,1288.0,2.0,Y,4.0,1336,0,0,1336,0.0,1.0,2,0,3,1,2.0,6,Typ,1,2.0,Attchd,1969.0,2.0,2.0,502.0,3.0,2.0,312,11,0,0,0,0,NoFence,650,8,2009,WD ,Normal,163000,0,1,1,0,1,3,0,0,0,0,0,0,0,0,0,0,0
20,RL,74.0,5868,NoAlley,3.0,Lvl,Inside,2.0,NAmes,Norm,1Fam,1Story,5,7,1956,2000,Gable,MetalSd,MetalSd,None,0.0,2.0,2.0,CBlock,3.0,3.0,1.0,4.0,248.0,3.0,240.0,448.0,936.0,4.0,Y,4.0,936,0,0,936,1.0,0.0,1,0,2,1,2.0,4,Typ,0,0.0,Attchd,1956.0,3.0,1.0,308.0,3.0,2.0,0,0,80,0,160,0,NoFence,0,5,2010,WD ,Normal,129000,0,0,1,0,1,2,0,0,0,0,0,0,0,0,0,0,0
50,RL,51.0,4712,NoAlley,2.0,Lvl,Inside,1.0,BrkSide,Feedr,1Fam,1.5Fin,4,7,1946,1950,Gable,MetalSd,MetalSd,None,0.0,2.0,2.0,CBlock,3.0,3.0,1.0,5.0,384.0,1.0,0.0,363.0,747.0,2.0,Y,4.0,774,456,0,1230,1.0,0.0,1,1,3,1,2.0,5,Typ,0,0.0,Detchd,1946.0,1.0,1.0,305.0,3.0,2.0,0,57,0,0,63,0,MnPrv,0,8,2006,WD ,Abnorml,121600,0,0,1,1,1,3,0,0,0,0,0,0,0,0,0,0,0
70,RM,60.0,5700,NoAlley,2.0,Lvl,Corner,2.0,OldTown,Feedr,1Fam,2Story,7,6,1929,1990,Gable,Wd Sdng,Wd Shng,None,0.0,2.0,2.0,BrkTil,3.0,3.0,1.0,3.0,336.0,1.0,0.0,336.0,672.0,3.0,N,3.0,672,672,0,1344,1.0,0.0,1,1,3,1,3.0,6,Typ,1,4.0,Attchd,1979.0,1.0,2.0,456.0,3.0,2.0,0,0,70,0,0,0,GdPrv,0,9,2007,WD ,Normal,140000,0,1,0,1,1,3,0,0,0,0,0,0,0,0,0,0,0
160,RM,21.0,1680,NoAlley,3.0,Lvl,Inside,2.0,BrDale,Norm,Twnhs,2Story,6,6,1972,1972,Gable,HdBoard,HdBoard,BrkFace,425.0,2.0,2.0,CBlock,3.0,3.0,1.0,3.0,110.0,2.0,294.0,79.0,483.0,2.0,Y,4.0,483,504,0,987,1.0,0.0,1,1,2,1,2.0,5,Typ,0,0.0,Detchd,1972.0,1.0,1.0,288.0,3.0,2.0,0,0,0,0,0,0,NoFence,0,7,2009,WD ,Normal,97000,0,0,1,0,1,2,0,0,0,0,0,0,0,0,0,0,0
60,RL,54.0,9783,NoAlley,2.0,Lvl,Inside,2.0,Gilbert,Norm,1Fam,2Story,6,5,1996,1996,Gable,HdBoard,HdBoard,None,0.0,2.0,2.0,PConc,4.0,3.0,1.0,1.0,0.0,1.0,0.0,821.0,821.0,3.0,Y,4.0,821,955,0,1776,0.0,0.0,2,1,3,1,2.0,7,Typ,1,3.0,BuiltIn,1996.0,3.0,2.0,443.0,3.0,2.0,286,116,0,0,0,0,NoFence,0,5,2006,WD ,Normal,202000,0,1,1,0,1,3,0,0,0,0,0,0,0,0,0,0,0
85,RL,74.0,8740,NoAlley,2.0,Lvl,Inside,2.0,Sawyer,Norm,1Fam,SFoyer,5,6,1982,1982,Hip,HdBoard,HdBoard,None,0.0,2.0,2.0,CBlock,3.0,3.0,3.0,5.0,672.0,1.0,0.0,168.0,840.0,2.0,Y,4.0,860,0,0,860,1.0,0.0,1,0,2,1,2.0,4,Typ,0,0.0,Detchd,1996.0,1.0,2.0,528.0,3.0,2.0,0,0,0,0,0,0,NoFence,0,7,2009,WD ,Normal,137000,0,0,1,0,1,2,0,0,0,0,0,0,0,0,0,0,0
60,RL,62.0,7162,NoAlley,3.0,Lvl,Inside,2.0,Edwards,Norm,1Fam,2Story,7,5,2003,2004,Hip,HdBoard,Stucco,BrkFace,190.0,3.0,2.0,PConc,4.0,3.0,1.0,1.0,0.0,1.0,0.0,796.0,796.0,4.0,Y,4.0,806,918,0,1724,0.0,0.0,2,1,3,1,3.0,8,Typ,1,4.0,BuiltIn,2003.0,3.0,2.0,616.0,3.0,2.0,168,57,0,0,0,0,NoFence,0,5,2006,WD ,Normal,196500,0,1,1,0,1,3,0,0,0,0,0,0,0,0,0,0,0
20,RL,60.0,7200,NoAlley,3.0,Bnk,Inside,2.0,CollgCr,Norm,1Fam,1Story,5,7,1972,1972,Gable,HdBoard,HdBoard,None,0.0,2.0,2.0,CBlock,3.0,3.0,3.0,5.0,632.0,1.0,0.0,148.0,780.0,4.0,Y,4.0,780,0,0,780,0.0,0.0,1,0,2,1,2.0,4,Typ,0,0.0,Detchd,1973.0,1.0,1.0,352.0,3.0,2.0,196,0,0,0,0,0,MnPrv,0,1,2008,WD ,Normal,124900,0,0,1,1,1,3,0,0,0,0,0,0,0,0,0,0,0
30,RM,50.0,6000,NoAlley,3.0,Lvl,Inside,2.0,BrkSide,Norm,1Fam,1Story,5,7,1921,1950,Gable,Wd Sdng,Wd Shng,None,0.0,2.0,2.0,CBlock,3.0,3.0,1.0,2.0,616.0,1.0,0.0,0.0,616.0,3.0,Y,4.0,616,0,0,616,0.0,0.0,1,0,2,1,2.0,4,Typ,0,0.0,Detchd,1921.0,1.0,1.0,205.0,3.0,2.0,0,0,129,0,0,0,NoFence,0,6,2006,WD ,Normal,89000,0,0,1,0,1,2,0,0,0,0,0,0,0,0,0,0,0
20,RL,73.0,11241,NoAlley,2.0,Lvl,CulDSac,2.0,NAmes,Norm,1Fam,1Story,6,7,1970,1970,Gable,Wd Sdng,Wd Sdng,BrkFace,180.0,2.0,2.0,CBlock,3.0,3.0,1.0,5.0,578.0,1.0,0.0,426.0,1004.0,4.0,Y,4.0,1004,0,0,1004,1.0,0.0,1,0,2,1,2.0,5,Typ,1,3.0,Attchd,1970.0,3.0,2.0,480.0,3.0,2.0,0,0,0,0,0,0,NoFence,700,3,2010,WD ,Normal,149000,0,1,1,0,1,3,0,0,0,0,0,0,0,0,0,0,0
30,RL,67.0,5142,NoAlley,3.0,Lvl,Inside,2.0,Edwards,Norm,1Fam,1.5Fin,4,7,1923,2008,Gable,Wd Sdng,Wd Sdng,None,0.0,2.0,2.0,PConc,3.0,3.0,1.0,5.0,224.0,1.0,0.0,725.0,949.0,2.0,Y,4.0,949,343,0,1292,0.0,0.0,1,1,3,1,3.0,6,Typ,0,0.0,Detchd,1923.0,1.0,1.0,205.0,3.0,0.0,0,0,183,0,0,0,NoFence,0,6,2008,WD ,Normal,108000,0,0,1,0,1,2,0,0,0,0,0,0,0,0,0,0,0
60,RL,103.0,12867,NoAlley,2.0,Lvl,Corner,2.0,NridgHt,Norm,1Fam,2Story,8,5,2005,2006,Gable,CemntBd,CmentBd,None,0.0,3.0,2.0,PConc,5.0,3.0,3.0,1.0,0.0,1.0,0.0,1209.0,1209.0,4.0,Y,4.0,1209,1044,0,2253,0.0,0.0,2,1,3,1,4.0,8,Typ,1,4.0,Attchd,2005.0,3.0,2.0,575.0,3.0,2.0,243,142,0,0,0,0,NoFence,0,7,2006,New,Partial,344133,0,1,1,0,1,3,0,0,0,0,0,0,0,0,0,0,1
50,RL,71.0,8520,NoAlley,3.0,Lvl,Corner,2.0,NAmes,Artery,1Fam,1.5Fin,5,4,1952,1952,Gable,BrkFace,Wd Sdng,None,0.0,2.0,1.0,CBlock,3.0,3.0,1.0,3.0,507.0,1.0,0.0,403.0,910.0,1.0,Y,4.0,910,475,0,1385,0.0,0.0,2,0,4,1,2.0,6,Typ,0,0.0,Detchd,2000.0,1.0,2.0,720.0,3.0,2.0,0,0,0,0,0,0,MnPrv,0,6,2010,WD ,Normal,166000,0,0,1,1,1,3,0,0,0,0,0,0,0,0,0,0,0
20,RL,60.0,7200,NoAlley,3.0,Lvl,Inside,2.0,NAmes,Norm,1Fam,1Story,5,8,1950,2002,Gable,VinylSd,VinylSd,None,0.0,2.0,2.0,CBlock,3.0,3.0,1.0,5.0,398.0,4.0,149.0,317.0,864.0,3.0,Y,4.0,864,0,0,864,1.0,0.0,1,0,3,1,3.0,5,Typ,0,0.0,Detchd,1980.0,2.0,2.0,720.0,3.0,2.0,194,0,0,0,0,0,NoFence,0,7,2007,WD ,Normal,129000,0,0,1,0,1,2,0,0,0,0,0,0,0,0,0,0,0
50,RL,65.0,7804,NoAlley,3.0,Lvl,Inside,2.0,SWISU,Norm,1Fam,1.5Fin,4,3,1928,1950,Gable,WdShing,Plywood,None,0.0,2.0,2.0,BrkTil,3.0,3.0,1.0,4.0,622.0,1.0,0.0,500.0,1122.0,2.0,Y,4.0,1328,653,0,1981,1.0,0.0,2,0,4,1,3.0,7,Min2,2,3.0,Detchd,1981.0,1.0,2.0,576.0,3.0,2.0,431,44,0,0,0,0,MnPrv,0,12,2009,WD ,Normal,135000,0,1,1,1,1,4,0,0,0,0,0,0,0,0,0,0,0
80,RL,85.0,13825,NoAlley,3.0,Lvl,Inside,2.0,Sawyer,Norm,1Fam,SLvl,5,6,1958,1987,Gable,MetalSd,MetalSd,None,0.0,2.0,3.0,CBlock,3.0,3.0,1.0,1.0,0.0,1.0,0.0,533.0,533.0,2.0,Y,4.0,1021,580,0,1601,0.0,1.0,1,0,3,1,2.0,6,Min2,0,0.0,BuiltIn,1958.0,2.0,1.0,300.0,3.0,2.0,280,34,0,0,0,0,NoFence,0,12,2008,WD ,Normal,140000,0,0,1,0,1,2,0,0,0,0,0,0,0,0,0,0,0
60,RL,74.0,10141,NoAlley,2.0,Lvl,Corner,2.0,Gilbert,Norm,1Fam,2Story,7,5,1998,1998,Gable,VinylSd,VinylSd,BrkFace,40.0,2.0,2.0,PConc,4.0,3.0,1.0,1.0,0.0,1.0,0.0,832.0,832.0,3.0,Y,4.0,885,833,0,1718,0.0,0.0,2,1,3,1,2.0,7,Typ,1,3.0,Attchd,1998.0,3.0,2.0,427.0,3.0,2.0,0,94,0,0,291,0,NoFence,0,12,2009,WD ,Normal,185000,0,1,1,0,1,3,0,0,0,0,0,0,0,0,0,0,0
80,RL,72.0,9947,NoAlley,2.0,Lvl,CulDSac,2.0,Mitchel,Norm,1Fam,SLvl,7,5,1990,1991,Gable,HdBoard,HdBoard,None,0.0,2.0,2.0,PConc,4.0,3.0,3.0,6.0,611.0,1.0,0.0,577.0,1188.0,4.0,Y,4.0,1217,0,0,1217,1.0,0.0,2,0,3,1,3.0,6,Typ,0,0.0,Attchd,1990.0,1.0,2.0,497.0,3.0,2.0,168,27,0,0,0,0,GdPrv,0,6,2009,WD ,Normal,173000,0,0,1,1,1,3,0,0,0,0,0,0,0,0,0,0,0
190,RM,50.0,6000,NoAlley,3.0,Lvl,Inside,2.0,OldTown,Norm,2fmCon,1Story,5,7,1955,1955,Hip,Wd Sdng,Wd Sdng,None,0.0,2.0,2.0,CBlock,3.0,3.0,3.0,6.0,576.0,1.0,0.0,384.0,960.0,2.0,Y,3.0,960,0,0,960,1.0,0.0,1,0,3,1,2.0,5,Typ,0,0.0,Detchd,1976.0,1.0,2.0,576.0,3.0,2.0,0,0,0,0,0,0,NoFence,0,6,2006,WD ,Normal,135500,0,0,1,0,1,2,0,0,0,0,0,0,0,0,0,0,0
60,RL,114.0,17242,NoAlley,2.0,Lvl,Inside,2.0,NoRidge,Norm,1Fam,2Story,9,5,1993,1994,Hip,MetalSd,MetalSd,BrkFace,738.0,3.0,3.0,PConc,5.0,3.0,4.0,3.0,292.0,6.0,1393.0,48.0,1733.0,4.0,Y,4.0,1933,1567,0,3500,1.0,0.0,3,1,4,1,4.0,11,Typ,1,3.0,Attchd,1993.0,2.0,3.0,959.0,3.0,2.0,870,86,0,0,210,0,NoFence,0,5,2006,WD ,Normal,584500,0,1,1,0,1,3,0,0,0,0,0,0,0,0,0,0,0
120,RL,53.0,3684,NoAlley,3.0,Lvl,Inside,2.0,Blmngtn,Norm,TwnhsE,1Story,7,5,2007,2007,Hip,VinylSd,VinylSd,BrkFace,130.0,3.0,2.0,PConc,4.0,3.0,1.0,1.0,0.0,1.0,0.0,1373.0,1373.0,4.0,Y,4.0,1555,0,0,1555,0.0,0.0,2,0,2,1,3.0,7,Typ,1,3.0,Attchd,2007.0,3.0,3.0,660.0,3.0,2.0,143,20,0,0,0,0,NoFence,0,6,2009,WD ,Normal,174000,0,1,1,0,1,3,0,0,0,0,0,0,0,0,0,0,0
70,RL,70.0,12320,NoAlley,2.0,HLS,Inside,2.0,Crawfor,Norm,1Fam,2Story,7,7,1932,1990,Gable,Wd Sdng,Wd Sdng,None,0.0,2.0,2.0,BrkTil,3.0,3.0,1.0,1.0,0.0,1.0,0.0,637.0,637.0,4.0,Y,4.0,959,650,0,1609,0.0,0.0,1,1,3,1,3.0,8,Typ,2,4.0,2Types,1963.0,1.0,3.0,579.0,3.0,2.0,0,0,0,0,104,0,GdWo,0,5,2006,WD ,Normal,199500,0,1,1,1,1,4,0,0,0,0,0,0,0,0,0,0,0
20,RL,108.0,11358,NoAlley,2.0,Lvl,Corner,2.0,NWAmes,Norm,1Fam,1Story,7,7,1972,1987,Hip,Wd Sdng,Wd Sdng,None,0.0,2.0,2.0,CBlock,3.0,3.0,1.0,4.0,346.0,1.0,0.0,778.0,1124.0,2.0,Y,4.0,1610,0,0,1610,0.0,0.0,2,0,3,1,3.0,8,Typ,1,3.0,Attchd,1972.0,2.0,2.0,515.0,3.0,2.0,202,0,0,0,256,0,NoFence,0,5,2007,WD ,Normal,185000,0,1,1,0,1,3,0,0,0,0,0,0,0,0,0,0,0
20,RL,62.0,9858,NoAlley,3.0,Lvl,Inside,2.0,Mitchel,Norm,1Fam,1Story,5,6,1968,1968,Gable,HdBoard,HdBoard,None,0.0,2.0,2.0,CBlock,3.0,3.0,1.0,4.0,510.0,1.0,0.0,354.0,864.0,2.0,Y,4.0,874,0,0,874,1.0,0.0,1,0,3,1,2.0,5,Typ,0,0.0,Attchd,1968.0,2.0,1.0,288.0,3.0,2.0,33,0,0,0,0,0,GdWo,600,11,2009,WD ,Normal,130000,0,0,1,1,1,3,0,0,0,0,0,0,0,0,0,0,0
20,RL,70.0,7000,NoAlley,3.0,Lvl,Corner,2.0,NAmes,Feedr,1Fam,1Story,5,6,1961,1961,Gable,BrkFace,Wd Sdng,None,0.0,2.0,2.0,Slab,0.0,0.0,0.0,0.0,0.0,0.0,0.0,0.0,0.0,3.0,Y,4.0,925,0,0,925,0.0,0.0,1,0,3,1,2.0,7,Typ,0,0.0,Attchd,1961.0,3.0,1.0,300.0,3.0,2.0,0,0,0,0,0,0,NoFence,0,7,2007,WD ,Normal,99000,0,0,1,0,1,2,0,0,0,0,0,0,0,0,0,0,0
20,RL,72.0,26142,NoAlley,2.0,Lvl,CulDSac,2.0,Mitchel,Norm,1Fam,1Story,5,7,1962,1962,Gable,HdBoard,HdBoard,BrkFace,189.0,2.0,2.0,CBlock,3.0,3.0,1.0,3.0,593.0,1.0,0.0,595.0,1188.0,2.0,Y,4.0,1188,0,0,1188,0.0,0.0,1,0,3,1,2.0,6,Typ,0,0.0,Attchd,1962.0,1.0,1.0,312.0,3.0,1.0,261,39,0,0,0,0,NoFence,0,4,2010,WD ,Normal,157900,0,0,1,0,1,2,0,0,0,0,0,0,0,0,0,0,0
20,RL,80.0,14694,NoAlley,2.0,Lvl,Inside,2.0,Veenker,Norm,1Fam,1Story,8,9,1977,2008,Gable,MetalSd,MetalSd,BrkFace,450.0,4.0,4.0,CBlock,4.0,4.0,4.0,6.0,1252.0,5.0,136.0,306.0,1694.0,4.0,Y,4.0,1694,0,0,1694,1.0,0.0,2,0,2,1,4.0,5,Typ,1,4.0,Attchd,1977.0,3.0,2.0,642.0,3.0,2.0,501,120,0,225,0,0,NoFence,0,6,2009,WD ,Normal,318750,0,1,1,0,1,3,0,0,0,0,0,0,0,0,0,0,0
20,RL,90.0,11988,NoAlley,2.0,Lvl,Corner,2.0,NAmes,Feedr,1Fam,1Story,6,6,1957,1957,Gable,VinylSd,VinylSd,None,0.0,2.0,2.0,CBlock,3.0,3.0,1.0,3.0,777.0,1.0,0.0,467.0,1244.0,4.0,Y,3.0,1244,0,0,1244,0.0,0.0,1,1,3,1,2.0,6,Typ,2,4.0,Attchd,1957.0,1.0,1.0,336.0,3.0,2.0,0,40,0,0,0,0,NoFence,0,5,2007,WD ,Normal,150000,0,1,1,0,1,3,0,0,0,0,0,0,0,0,0,0,0
20,RM,52.0,8516,NoAlley,3.0,Lvl,Inside,2.0,OldTown,Norm,1Fam,1Story,4,6,1958,2006,Gable,MetalSd,MetalSd,None,0.0,2.0,2.0,CBlock,3.0,3.0,1.0,1.0,0.0,1.0,0.0,869.0,869.0,2.0,Y,4.0,1093,0,0,1093,0.0,0.0,1,0,2,1,2.0,5,Typ,0,0.0,Detchd,1959.0,1.0,1.0,308.0,3.0,2.0,0,0,0,0,0,0,NoFence,0,5,2008,WD ,Normal,115500,0,0,1,0,1,2,0,0,0,0,0,0,0,0,0,0,0
160,RM,21.0,1974,NoAlley,3.0,Lvl,Inside,2.0,MeadowV,Norm,TwnhsE,2Story,4,5,1973,1973,Gable,CemntBd,CmentBd,None,0.0,2.0,2.0,CBlock,3.0,3.0,1.0,4.0,334.0,1.0,0.0,212.0,546.0,2.0,Y,4.0,546,546,0,1092,0.0,0.0,1,1,3,1,2.0,6,Typ,0,0.0,Attchd,1973.0,2.0,1.0,286.0,3.0,2.0,120,96,0,0,0,0,NoFence,0,5,2010,WD ,Normal,83500,0,0,1,0,1,2,0,0,0,0,0,0,0,0,0,0,0
20,C (all),66.0,8712,NoAlley,3.0,Bnk,Inside,1.0,IDOTRR,Norm,1Fam,1Story,5,5,1952,1952,Hip,Wd Sdng,Wd Sdng,None,0.0,1.0,2.0,CBlock,3.0,3.0,3.0,1.0,0.0,1.0,0.0,540.0,540.0,2.0,N,3.0,1044,0,0,1044,0.0,0.0,1,0,2,1,1.0,4,Typ,0,0.0,Basment,1952.0,1.0,2.0,504.0,3.0,0.0,0,0,0,0,0,0,NoFence,54,6,2010,WD ,Alloca,55993,0,0,0,0,1,1,0,0,0,0,0,0,0,0,0,0,0
50,RL,55.0,7264,NoAlley,3.0,Lvl,Inside,2.0,BrkSide,Norm,1Fam,1.5Fin,7,7,1925,2007,Gable,Wd Sdng,Wd Sdng,None,0.0,3.0,3.0,BrkTil,3.0,3.0,1.0,1.0,0.0,1.0,0.0,952.0,952.0,3.0,N,4.0,952,596,0,1548,0.0,0.0,2,1,3,1,4.0,5,Typ,0,0.0,Detchd,1978.0,1.0,2.0,672.0,3.0,2.0,74,0,0,0,144,0,NoFence,0,10,2009,WD ,Normal,205000,0,0,0,0,1,1,0,0,0,0,0,0,0,0,0,0,0
160,RM,36.0,2592,NoAlley,3.0,Lvl,Inside,2.0,MeadowV,Norm,TwnhsE,2Story,5,3,1976,1976,Gable,CemntBd,CmentBd,None,0.0,2.0,2.0,CBlock,4.0,3.0,1.0,3.0,129.0,4.0,232.0,175.0,536.0,2.0,Y,4.0,536,576,0,1112,0.0,0.0,1,1,3,1,2.0,4,Typ,0,0.0,Attchd,1976.0,1.0,1.0,336.0,3.0,2.0,182,0,0,0,0,0,NoFence,0,4,2010,WD ,Normal,85000,0,0,1,0,1,2,0,0,0,0,0,0,0,0,0,0,0
20,RL,67.0,8368,NoAlley,2.0,HLS,Inside,2.0,Timber,Norm,1Fam,1Story,7,5,2006,2007,Gable,VinylSd,VinylSd,None,0.0,3.0,2.0,PConc,4.0,3.0,1.0,1.0,0.0,1.0,0.0,1689.0,1689.0,4.0,Y,4.0,1689,0,0,1689,0.0,0.0,2,0,3,1,3.0,7,Typ,0,0.0,Attchd,2007.0,3.0,2.0,433.0,3.0,2.0,100,39,0,0,0,0,NoFence,0,4,2007,New,Partial,231713,0,0,1,0,1,2,0,0,0,0,0,0,0,0,0,0,0
20,RL,73.0,11927,NoAlley,3.0,Lvl,Inside,2.0,CollgCr,Norm,1Fam,1Story,8,5,1994,1995,Hip,HdBoard,HdBoard,BrkFace,519.0,3.0,2.0,PConc,4.0,3.0,4.0,4.0,408.0,6.0,465.0,683.0,1556.0,4.0,Y,4.0,1592,0,0,1592,0.0,0.0,2,0,3,1,3.0,7,Typ,1,3.0,Attchd,1994.0,3.0,2.0,484.0,3.0,2.0,120,35,0,0,0,0,NoFence,0,6,2007,WD ,Normal,228000,0,1,1,0,1,3,0,0,0,0,0,0,0,0,0,0,0
20,FV,85.0,10625,NoAlley,3.0,Lvl,Inside,2.0,Somerst,Norm,1Fam,1Story,8,5,2007,2007,Gable,VinylSd,VinylSd,BrkFace,292.0,3.0,2.0,PConc,4.0,3.0,3.0,1.0,0.0,1.0,0.0,1660.0,1660.0,4.0,Y,4.0,1660,0,0,1660,0.0,0.0,2,0,3,1,3.0,7,Typ,1,4.0,Attchd,2007.0,3.0,3.0,660.0,3.0,2.0,133,120,0,0,0,0,NoFence,0,6,2008,WD ,Normal,256000,0,1,1,0,1,3,0,0,0,0,0,0,0,0,0,0,0
20,RL,113.0,13438,NoAlley,2.0,HLS,Corner,2.0,Timber,Norm,1Fam,1Story,9,5,2008,2008,Gable,CemntBd,CmentBd,Stone,246.0,4.0,2.0,CBlock,5.0,3.0,4.0,6.0,1758.0,1.0,0.0,432.0,2190.0,4.0,Y,4.0,2036,0,0,2036,1.0,0.0,2,0,3,1,4.0,9,Typ,1,5.0,Attchd,2008.0,3.0,3.0,780.0,3.0,2.0,90,154,0,0,0,0,NoFence,0,7,2009,WD ,Normal,410000,0,1,1,0,1,3,0,0,0,0,0,0,0,0,0,0,0
60,RL,99.0,13069,NoAlley,2.0,Lvl,Inside,2.0,NridgHt,Norm,1Fam,2Story,8,5,2004,2004,Gable,VinylSd,VinylSd,BrkFace,502.0,3.0,2.0,PConc,4.0,3.0,3.0,1.0,0.0,1.0,0.0,1706.0,1706.0,4.0,Y,4.0,1718,1238,0,2956,0.0,0.0,2,1,5,1,4.0,11,Typ,1,5.0,BuiltIn,2004.0,2.0,3.0,916.0,3.0,2.0,194,50,0,0,0,0,NoFence,0,8,2007,WD ,Normal,342000,0,1,1,0,1,3,0,0,0,0,0,0,0,0,0,0,0
160,RL,68.0,13108,NoAlley,2.0,Lvl,Inside,2.0,StoneBr,Norm,1Fam,2Story,8,5,1994,1994,Gable,CemntBd,CmentBd,None,0.0,3.0,2.0,PConc,4.0,3.0,1.0,1.0,0.0,1.0,0.0,2062.0,2062.0,4.0,Y,4.0,2079,608,0,2687,0.0,0.0,2,1,4,1,3.0,9,Typ,0,0.0,Attchd,1994.0,3.0,2.0,618.0,3.0,2.0,168,12,0,0,0,0,NoFence,0,12,2006,WD ,Normal,270000,0,0,1,0,1,2,0,0,0,0,0,0,0,0,0,0,0
120,FV,73.0,4538,NoAlley,2.0,Lvl,Inside,2.0,Somerst,Norm,TwnhsE,1Story,9,5,2001,2001,Gable,VinylSd,VinylSd,BrkFace,179.0,3.0,2.0,PConc,5.0,3.0,3.0,6.0,1004.0,1.0,0.0,306.0,1310.0,4.0,Y,4.0,1310,0,0,1310,1.0,0.0,1,1,1,1,3.0,5,Typ,1,3.0,Attchd,2001.0,2.0,2.0,545.0,3.0,2.0,277,45,0,0,0,0,NoFence,0,7,2008,WD ,Normal,285000,0,1,1,0,1,3,0,0,0,0,0,0,0,0,0,0,0
60,RL,59.0,9171,NoAlley,2.0,Lvl,Inside,2.0,Gilbert,Norm,1Fam,2Story,7,5,2004,2005,Gable,VinylSd,VinylSd,None,0.0,3.0,2.0,PConc,4.0,3.0,3.0,1.0,0.0,1.0,0.0,848.0,848.0,4.0,Y,4.0,848,750,0,1598,0.0,0.0,2,1,3,1,3.0,7,Typ,1,4.0,Attchd,2004.0,3.0,2.0,433.0,3.0,2.0,100,48,0,0,0,0,NoFence,0,7,2006,WD ,Normal,201490,0,1,1,0,1,3,0,0,0,0,0,0,0,0,0,0,0
20,RL,90.0,13068,NoAlley,3.0,Lvl,Corner,2.0,NWAmes,Norm,1Fam,1Story,6,5,1976,1976,Hip,HdBoard,HdBoard,BrkFace,621.0,2.0,2.0,PConc,4.0,3.0,1.0,5.0,890.0,3.0,48.0,273.0,1211.0,2.0,Y,4.0,1211,0,0,1211,1.0,0.0,2,0,3,1,3.0,6,Typ,1,1.0,Attchd,1976.0,3.0,2.0,461.0,3.0,2.0,0,0,0,174,0,0,MnPrv,0,11,2008,WD ,Normal,161000,0,1,1,1,1,4,0,0,0,0,0,0,0,0,0,0,0
20,RL,85.0,10176,NoAlley,3.0,Lvl,Inside,2.0,Gilbert,Norm,1Fam,1Story,7,5,1990,1990,Gable,HdBoard,HdBoard,None,0.0,2.0,2.0,PConc,4.0,3.0,4.0,6.0,637.0,1.0,0.0,663.0,1300.0,3.0,Y,4.0,1341,0,0,1341,1.0,0.0,1,1,2,1,3.0,5,Typ,1,1.0,Attchd,1990.0,1.0,2.0,506.0,3.0,2.0,192,0,0,0,0,0,NoFence,0,2,2010,WD ,Normal,171500,0,1,1,0,1,3,0,0,0,0,0,0,0,0,0,0,0
30,RL,80.0,13360,Grvl,2.0,HLS,Inside,2.0,Crawfor,Norm,1Fam,1Story,5,7,1921,2006,Gable,Wd Sdng,Wd Sdng,None,0.0,2.0,3.0,BrkTil,4.0,3.0,1.0,5.0,713.0,1.0,0.0,163.0,876.0,4.0,Y,4.0,964,0,0,964,1.0,0.0,1,0,2,1,2.0,5,Typ,0,0.0,Detchd,1921.0,1.0,2.0,432.0,3.0,2.0,0,0,44,0,0,0,NoFence,0,8,2009,WD ,Normal,163500,0,0,1,0,1,2,0,0,0,0,0,0,0,0,0,0,0
20,RL,61.0,8800,NoAlley,2.0,Lvl,Inside,2.0,CollgCr,Norm,1Fam,1Story,5,7,1977,2008,Gable,HdBoard,HdBoard,None,0.0,2.0,2.0,CBlock,4.0,3.0,2.0,2.0,532.0,3.0,144.0,364.0,1040.0,2.0,Y,4.0,1040,0,0,1040,0.0,0.0,2,0,3,1,3.0,5,Typ,0,0.0,Detchd,1977.0,1.0,2.0,484.0,3.0,2.0,0,0,0,0,288,0,NoFence,0,9,2009,WD ,Normal,150500,0,0,1,0,1,2,0,0,0,0,0,0,0,0,0,0,0
20,RL,63.0,13072,NoAlley,3.0,Lvl,Inside,2.0,SawyerW,RRAe,1Fam,1Story,7,5,2004,2005,Gable,VinylSd,VinylSd,None,0.0,3.0,2.0,PConc,4.0,3.0,1.0,1.0,0.0,1.0,0.0,1114.0,1114.0,4.0,Y,4.0,1114,0,0,1114,0.0,0.0,1,1,3,1,3.0,6,Typ,0,0.0,Detchd,2005.0,1.0,2.0,576.0,3.0,2.0,248,102,0,0,0,0,NoFence,0,5,2009,WD ,Normal,159000,0,0,1,0,1,2,0,0,0,0,0,0,0,0,0,0,0
60,RL,105.0,15578,NoAlley,2.0,Lvl,Corner,2.0,Gilbert,Norm,1Fam,2Story,6,5,2006,2006,Gable,VinylSd,VinylSd,None,0.0,3.0,2.0,PConc,4.0,3.0,1.0,1.0,0.0,1.0,0.0,728.0,728.0,3.0,Y,4.0,728,728,0,1456,0.0,0.0,2,1,3,1,2.0,8,Typ,0,0.0,Attchd,2006.0,2.0,2.0,429.0,3.0,2.0,0,0,0,0,0,0,NoFence,0,5,2006,New,Partial,172785,0,0,1,0,1,2,0,0,0,0,0,0,0,0,0,0,0
60,RL,107.0,13891,NoAlley,3.0,Lvl,Inside,2.0,NridgHt,Norm,1Fam,2Story,9,5,2008,2009,Hip,VinylSd,VinylSd,Stone,424.0,4.0,2.0,PConc,5.0,3.0,4.0,1.0,0.0,1.0,0.0,1734.0,1734.0,4.0,Y,4.0,1734,1088,0,2822,0.0,0.0,3,1,4,1,4.0,12,Typ,1,4.0,BuiltIn,2009.0,2.0,3.0,1020.0,3.0,2.0,52,170,0,0,192,0,NoFence,0,1,2009,New,Partial,582933,0,1,1,0,1,3,0,0,0,0,0,0,0,0,0,0,0
20,RL,72.0,9000,NoAlley,3.0,Lvl,Inside,2.0,NAmes,Norm,1Fam,1Story,6,5,1956,1956,Gable,Wd Sdng,Wd Sdng,BrkFace,74.0,2.0,2.0,CBlock,4.0,3.0,1.0,2.0,616.0,1.0,0.0,580.0,1196.0,3.0,Y,3.0,1196,0,0,1196,1.0,0.0,1,0,2,1,2.0,6,Typ,1,4.0,Attchd,1956.0,2.0,1.0,297.0,3.0,2.0,0,44,0,0,0,0,NoFence,0,5,2008,WD ,Normal,139000,0,1,1,0,1,3,0,0,0,0,0,0,0,0,0,0,0
20,RL,84.0,10084,NoAlley,3.0,Lvl,Inside,2.0,CollgCr,Norm,1Fam,1Story,7,5,2005,2006,Gable,VinylSd,VinylSd,BrkFace,196.0,3.0,2.0,PConc,4.0,3.0,3.0,6.0,24.0,1.0,0.0,1528.0,1552.0,4.0,Y,4.0,1552,0,0,1552,0.0,0.0,2,0,3,1,3.0,7,Typ,0,0.0,Attchd,2005.0,2.0,3.0,782.0,3.0,2.0,144,20,0,0,0,0,NoFence,0,7,2006,New,Partial,212900,0,0,1,0,1,2,0,0,0,0,0,0,0,0,0,0,0
20,RL,80.0,10400,NoAlley,3.0,Lvl,Inside,2.0,NWAmes,Norm,1Fam,1Story,7,5,1988,1988,Gable,Wd Sdng,Wd Sdng,BrkFace,102.0,2.0,2.0,CBlock,4.0,3.0,3.0,6.0,929.0,1.0,0.0,916.0,1845.0,3.0,Y,4.0,1872,0,0,1872,0.0,1.0,2,0,3,1,2.0,6,Typ,1,3.0,Attchd,1988.0,3.0,2.0,604.0,3.0,2.0,197,39,0,0,0,0,NoFence,0,6,2006,WD ,Normal,241500,0,1,1,0,1,3,0,0,0,0,0,0,0,0,0,0,0
20,C (all),50.0,9000,NoAlley,3.0,Lvl,Inside,2.0,IDOTRR,Norm,1Fam,1Story,2,3,1949,1950,Gable,AsbShng,AsbShng,None,0.0,2.0,2.0,CBlock,3.0,3.0,3.0,4.0,50.0,1.0,0.0,430.0,480.0,2.0,N,3.0,480,0,0,480,1.0,0.0,0,0,1,1,2.0,4,Typ,0,0.0,Detchd,1958.0,1.0,1.0,308.0,3.0,2.0,0,0,0,0,0,0,NoFence,0,10,2006,WD ,Abnorml,35311,0,0,0,0,1,1,0,0,0,0,0,0,0,0,0,0,0
70,RM,80.0,4800,Grvl,3.0,Lvl,Inside,2.0,OldTown,Norm,1Fam,2Story,5,5,1910,2003,Gable,AsbShng,AsbShng,None,0.0,2.0,2.0,BrkTil,3.0,2.0,1.0,1.0,0.0,1.0,0.0,680.0,680.0,1.0,N,4.0,680,680,0,1360,0.0,0.0,1,0,2,1,2.0,6,Typ,0,0.0,Attchd,1910.0,1.0,1.0,330.0,2.0,2.0,192,50,0,0,0,0,NoFence,0,1,2008,WD ,Normal,111000,0,0,0,0,1,1,0,0,0,0,0,0,0,0,0,0,0
160,RM,21.0,1680,NoAlley,3.0,Lvl,Inside,2.0,BrDale,Norm,Twnhs,2Story,6,8,1972,2007,Gable,HdBoard,HdBoard,BrkFace,510.0,2.0,2.0,CBlock,3.0,3.0,1.0,5.0,162.0,1.0,0.0,321.0,483.0,3.0,Y,4.0,483,504,0,987,0.0,0.0,1,1,2,1,3.0,5,Typ,0,0.0,Detchd,1972.0,1.0,1.0,264.0,3.0,2.0,250,0,0,0,0,0,NoFence,0,5,2009,WD ,Normal,118000,0,0,1,0,1,2,0,0,0,0,0,0,0,0,0,0,0
60,RL,79.0,12798,NoAlley,2.0,HLS,Inside,1.0,ClearCr,Feedr,1Fam,2Story,6,5,1997,1997,Gable,VinylSd,VinylSd,None,0.0,2.0,2.0,PConc,4.0,3.0,4.0,6.0,462.0,1.0,0.0,154.0,616.0,3.0,Y,4.0,616,1072,0,1688,1.0,0.0,2,1,4,1,3.0,8,Typ,0,0.0,Attchd,1997.0,2.0,2.0,603.0,3.0,2.0,403,114,185,0,0,0,NoFence,400,5,2008,WD ,Normal,200000,0,0,1,0,1,2,0,0,0,0,0,0,0,0,0,0,0
20,RL,78.0,9317,NoAlley,2.0,Lvl,Inside,2.0,CollgCr,Norm,1Fam,1Story,6,5,2006,2006,Gable,VinylSd,VinylSd,None,0.0,3.0,2.0,PConc,4.0,3.0,1.0,6.0,24.0,1.0,0.0,1290.0,1314.0,3.0,Y,4.0,1314,0,0,1314,0.0,0.0,2,0,3,1,3.0,6,Typ,1,4.0,Attchd,2006.0,2.0,2.0,440.0,3.0,2.0,0,22,0,0,0,0,NoFence,0,3,2007,WD ,Normal,176432,0,1,1,0,1,3,0,0,0,0,0,0,0,0,0,0,0
60,RL,90.0,14670,NoAlley,3.0,Lvl,Inside,2.0,NAmes,Norm,1Fam,2Story,6,7,1966,1999,Gable,VinylSd,VinylSd,BrkFace,410.0,3.0,3.0,CBlock,3.0,3.0,1.0,4.0,575.0,1.0,0.0,529.0,1104.0,4.0,Y,4.0,1104,884,0,1988,0.0,0.0,2,1,4,1,3.0,9,Typ,1,4.0,Attchd,1966.0,2.0,2.0,480.0,3.0,2.0,0,230,0,0,0,0,MnPrv,0,8,2008,WD ,Normal,227000,0,1,1,1,1,4,0,0,0,0,0,0,0,0,0,0,0
20,RL,74.0,9991,NoAlley,2.0,Lvl,Corner,2.0,Sawyer,Feedr,1Fam,1Story,4,4,1976,1993,Gable,Plywood,Plywood,None,0.0,2.0,2.0,CBlock,3.0,3.0,1.0,4.0,1116.0,1.0,0.0,165.0,1281.0,4.0,Y,4.0,1620,0,0,1620,1.0,0.0,2,0,3,1,2.0,8,Min1,1,3.0,Attchd,1993.0,1.0,2.0,490.0,3.0,2.0,120,78,0,0,0,0,GdWo,0,6,2009,WD ,Normal,150000,0,1,1,1,1,4,0,0,0,0,0,0,0,0,0,0,0
20,RL,68.0,9571,NoAlley,3.0,Lvl,Inside,2.0,Edwards,Norm,1Fam,1Story,5,6,1956,1956,Gable,Wd Sdng,Wd Sdng,None,0.0,2.0,2.0,CBlock,3.0,3.0,3.0,4.0,739.0,1.0,0.0,405.0,1144.0,2.0,Y,4.0,1144,0,0,1144,1.0,0.0,1,0,3,1,2.0,6,Typ,0,0.0,Attchd,1956.0,1.0,1.0,596.0,3.0,2.0,44,0,0,0,0,0,NoFence,0,6,2010,WD ,Normal,129000,0,0,1,0,1,2,0,0,0,0,0,0,0,0,0,0,0
20,RL,78.0,9360,NoAlley,3.0,Lvl,Inside,2.0,NAmes,Feedr,1Fam,1Story,6,7,1968,2004,Hip,HdBoard,HdBoard,BrkFace,203.0,2.0,2.0,CBlock,3.0,3.0,3.0,5.0,760.0,1.0,0.0,216.0,976.0,2.0,Y,4.0,976,0,0,976,1.0,0.0,1,0,2,1,3.0,4,Typ,1,2.0,Attchd,1968.0,2.0,2.0,504.0,3.0,2.0,94,0,0,0,0,0,NoFence,0,8,2006,WD ,Abnorml,157500,0,1,1,0,1,3,0,0,0,0,0,0,0,0,0,0,0
120,RL,39.0,5389,NoAlley,2.0,Lvl,Inside,2.0,StoneBr,Norm,TwnhsE,1Story,8,5,1995,1996,Gable,CemntBd,CmentBd,None,0.0,3.0,2.0,PConc,4.0,3.0,1.0,6.0,1180.0,1.0,0.0,415.0,1595.0,4.0,Y,4.0,1616,0,0,1616,1.0,0.0,2,0,2,1,3.0,5,Typ,1,3.0,Attchd,1995.0,2.0,2.0,608.0,3.0,2.0,237,152,0,0,0,0,NoFence,0,3,2010,WD ,Normal,236500,0,1,1,0,1,3,0,0,0,0,0,0,0,0,0,0,0
20,RL,94.0,17778,NoAlley,2.0,Lvl,Inside,2.0,Veenker,Norm,1Fam,1Story,8,5,1981,1981,Hip,BrkFace,BrkFace,None,0.0,3.0,2.0,CBlock,4.0,3.0,4.0,5.0,1632.0,3.0,829.0,0.0,2461.0,3.0,Y,4.0,2497,0,0,2497,1.0,0.0,2,0,2,1,3.0,7,Typ,2,4.0,Attchd,1981.0,2.0,2.0,676.0,3.0,2.0,266,0,0,0,0,0,NoFence,0,3,2007,WD ,Normal,373000,0,1,1,0,1,3,0,0,0,0,0,0,0,0,0,0,0
20,RL,76.0,9892,NoAlley,3.0,Lvl,Inside,1.0,Mitchel,Norm,1Fam,1Story,8,5,1994,1995,Hip,VinylSd,VinylSd,None,0.0,3.0,3.0,PConc,4.0,4.0,4.0,6.0,1341.0,2.0,284.0,54.0,1679.0,4.0,Y,4.0,1803,0,0,1803,1.0,1.0,2,1,3,1,3.0,6,Typ,2,3.0,Attchd,1994.0,1.0,2.0,482.0,3.0,2.0,129,64,222,0,0,0,GdWo,0,2,2010,WD ,Normal,285000,0,1,1,1,1,4,0,0,0,0,0,0,0,0,0,0,0
120,RL,47.0,6904,NoAlley,2.0,Lvl,Inside,2.0,NridgHt,Norm,TwnhsE,1Story,6,5,2005,2005,Gable,VinylSd,VinylSd,Stone,240.0,3.0,2.0,PConc,4.0,3.0,3.0,5.0,836.0,1.0,0.0,522.0,1358.0,4.0,Y,4.0,1358,0,0,1358,0.0,0.0,2,0,2,1,3.0,6,Typ,1,4.0,Attchd,2005.0,2.0,2.0,484.0,3.0,2.0,192,36,0,0,0,0,NoFence,0,8,2009,WD ,Normal,213000,0,1,1,0,1,3,0,0,0,0,0,0,0,0,0,0,0
20,RL,70.0,7000,NoAlley,3.0,Lvl,Inside,2.0,NAmes,Norm,1Fam,1Story,5,4,1961,1961,Hip,BrkFace,BrkFace,None,0.0,2.0,2.0,CBlock,3.0,3.0,1.0,6.0,781.0,1.0,0.0,369.0,1150.0,2.0,Y,4.0,1150,0,0,1150,0.0,0.0,1,0,3,1,2.0,6,Typ,0,0.0,Attchd,1961.0,2.0,1.0,288.0,3.0,2.0,0,0,0,0,162,0,NoFence,0,7,2006,WD ,Normal,146000,0,0,1,0,1,2,0,0,0,0,0,0,0,0,0,0,0
120,RL,30.0,4420,NoAlley,2.0,Lvl,CulDSac,2.0,Greens,Norm,TwnhsE,1Story,8,5,1980,1980,Gable,Wd Sdng,Wd Sdng,None,0.0,3.0,2.0,CBlock,4.0,3.0,4.0,6.0,728.0,1.0,0.0,0.0,728.0,2.0,Y,4.0,788,0,0,788,1.0,0.0,1,0,1,1,3.0,3,Typ,1,3.0,Detchd,1980.0,3.0,2.0,484.0,3.0,2.0,133,42,0,0,0,0,NoFence,0,6,2010,WD ,Normal,155000,0,1,1,0,1,3,0,0,0,0,0,0,0,0,0,0,0
60,RL,82.0,9709,NoAlley,2.0,Lvl,Inside,2.0,NridgHt,Norm,1Fam,2Story,8,5,2007,2007,Gable,VinylSd,VinylSd,Stone,120.0,4.0,2.0,PConc,5.0,3.0,4.0,6.0,778.0,1.0,0.0,140.0,918.0,4.0,Y,4.0,958,1142,0,2100,1.0,0.0,2,1,3,1,4.0,8,Typ,2,4.0,BuiltIn,2007.0,3.0,3.0,786.0,3.0,2.0,172,104,0,0,0,0,NoFence,0,9,2007,New,Partial,319500,0,1,1,0,1,3,0,0,0,0,0,0,0,0,0,0,0
20,RL,66.0,8923,NoAlley,3.0,Lvl,Inside,2.0,NAmes,Norm,1Fam,1Story,5,7,1953,2006,Gable,Wd Sdng,Wd Sdng,None,0.0,2.0,2.0,CBlock,3.0,3.0,1.0,4.0,643.0,1.0,0.0,365.0,1008.0,3.0,Y,4.0,1008,0,0,1008,1.0,0.0,1,0,2,1,3.0,6,Typ,0,0.0,Attchd,1953.0,1.0,1.0,240.0,3.0,2.0,0,18,0,0,0,0,NoFence,0,5,2007,WD ,Normal,134500,0,0,1,0,1,2,0,0,0,0,0,0,0,0,0,0,0
80,RL,73.0,14112,NoAlley,2.0,Lvl,Corner,2.0,NAmes,Norm,1Fam,SLvl,5,7,1964,1964,Hip,Wd Sdng,HdBoard,BrkFace,86.0,2.0,2.0,PConc,3.0,3.0,3.0,6.0,1014.0,1.0,0.0,138.0,1152.0,2.0,Y,4.0,1152,0,0,1152,1.0,0.0,1,0,3,1,2.0,6,Typ,1,4.0,Attchd,1964.0,2.0,2.0,484.0,3.0,2.0,227,0,0,0,0,0,NoFence,0,4,2010,WD ,Normal,180500,0,1,1,0,1,3,0,0,0,0,0,0,0,0,0,0,0
70,RM,47.0,7755,NoAlley,3.0,Lvl,Inside,2.0,OldTown,Norm,1Fam,2Story,6,8,1918,1995,Gable,Wd Sdng,Wd Sdng,None,0.0,2.0,3.0,CBlock,3.0,3.0,1.0,1.0,0.0,1.0,0.0,1100.0,1100.0,4.0,Y,3.0,1100,1164,0,2264,0.0,0.0,2,1,4,1,2.0,8,Typ,0,0.0,Detchd,1950.0,1.0,1.0,408.0,3.0,2.0,0,152,0,0,0,0,MnPrv,0,5,2007,WD ,Normal,200000,0,0,1,1,1,3,0,0,0,0,0,0,0,0,0,0,0
20,RL,70.0,14781,NoAlley,1.0,Lvl,CulDSac,2.0,CollgCr,Norm,1Fam,1Story,8,5,2001,2002,Hip,VinylSd,VinylSd,BrkFace,178.0,3.0,2.0,PConc,4.0,3.0,4.0,1.0,0.0,1.0,0.0,1753.0,1753.0,4.0,Y,4.0,1787,0,0,1787,0.0,0.0,2,0,3,1,3.0,7,Typ,1,3.0,Attchd,2001.0,2.0,3.0,748.0,3.0,2.0,198,150,0,0,0,0,NoFence,0,8,2006,WD ,Normal,275000,0,1,1,0,1,3,0,0,0,0,0,0,0,0,0,0,0
120,RL,60.0,7313,NoAlley,3.0,Lvl,Inside,2.0,NridgHt,Norm,TwnhsE,1Story,9,5,2005,2005,Hip,MetalSd,MetalSd,BrkFace,246.0,4.0,2.0,PConc,5.0,3.0,1.0,6.0,1153.0,1.0,0.0,408.0,1561.0,4.0,Y,4.0,1561,0,0,1561,1.0,0.0,2,0,2,1,4.0,6,Typ,1,4.0,Attchd,2005.0,3.0,2.0,556.0,3.0,2.0,203,47,0,0,0,0,NoFence,0,8,2007,WD ,Normal,277500,0,1,1,0,1,3,0,0,0,0,0,0,0,0,0,0,0
20,RL,60.0,11556,NoAlley,3.0,Lvl,Inside,2.0,NAmes,Norm,1Fam,1Story,5,6,1952,1952,Gable,MetalSd,MetalSd,Stone,52.0,2.0,2.0,CBlock,3.0,3.0,1.0,3.0,148.0,1.0,0.0,572.0,720.0,4.0,Y,3.0,882,0,0,882,1.0,0.0,1,0,2,1,3.0,4,Typ,0,0.0,Attchd,1952.0,1.0,1.0,240.0,3.0,2.0,0,0,0,0,0,0,MnPrv,0,5,2008,WD ,Normal,116000,0,0,1,1,1,3,0,0,0,0,0,0,0,0,0,0,0
60,RL,80.0,9600,NoAlley,3.0,Lvl,Inside,2.0,NWAmes,Norm,1Fam,2Story,6,6,1971,1971,Gable,MetalSd,MetalSd,None,0.0,2.0,2.0,CBlock,3.0,3.0,1.0,5.0,329.0,1.0,0.0,386.0,715.0,2.0,Y,4.0,930,715,0,1645,0.0,0.0,1,2,4,1,2.0,7,Typ,0,0.0,Attchd,1971.0,2.0,2.0,441.0,3.0,2.0,0,78,0,0,0,0,GdWo,0,6,2010,WD ,Normal,171000,0,0,1,1,1,3,0,0,0,0,0,0,0,0,0,0,0
20,RL,98.0,16033,NoAlley,2.0,Lvl,FR2,2.0,NridgHt,Norm,1Fam,1Story,9,5,2004,2005,Hip,VinylSd,VinylSd,BrkFace,378.0,3.0,2.0,PConc,5.0,3.0,4.0,6.0,1261.0,1.0,0.0,572.0,1833.0,4.0,Y,4.0,1850,0,0,1850,1.0,0.0,2,0,3,1,3.0,8,Typ,1,4.0,Attchd,2004.0,3.0,3.0,772.0,3.0,2.0,519,112,0,0,0,0,NoFence,0,3,2006,WD ,Normal,326000,0,1,1,0,1,3,0,0,0,0,0,0,0,0,0,0,0
160,RM,21.0,1680,NoAlley,3.0,Lvl,Inside,2.0,BrDale,Norm,Twnhs,2Story,6,5,1972,1972,Gable,HdBoard,HdBoard,BrkFace,297.0,2.0,2.0,CBlock,3.0,3.0,1.0,1.0,0.0,1.0,0.0,483.0,483.0,2.0,Y,4.0,483,504,0,987,0.0,0.0,1,1,2,1,2.0,5,Typ,1,1.0,Attchd,1972.0,1.0,1.0,288.0,3.0,2.0,0,0,0,0,0,0,NoFence,0,6,2006,WD ,Normal,94500,0,1,1,0,1,3,0,0,0,0,0,0,0,0,0,0,0
50,RM,60.0,8520,Grvl,3.0,Lvl,Inside,2.0,OldTown,Artery,1Fam,1.5Fin,6,7,1916,1950,Gable,Stucco,Stucco,None,0.0,2.0,3.0,BrkTil,3.0,3.0,1.0,3.0,168.0,2.0,546.0,0.0,714.0,2.0,N,4.0,1664,862,0,2526,0.0,0.0,2,0,5,1,3.0,10,Typ,1,4.0,Detchd,1916.0,1.0,1.0,216.0,3.0,2.0,88,15,0,0,0,0,GdWo,0,8,2007,CWD,Family,136000,0,1,0,1,1,3,0,0,0,0,0,0,0,0,0,0,0
120,RL,80.0,5271,NoAlley,2.0,Low,Inside,1.0,ClearCr,Norm,1Fam,1Story,7,5,1986,1986,Gable,Wd Sdng,Wd Sdng,None,0.0,2.0,2.0,PConc,4.0,3.0,4.0,6.0,1082.0,1.0,0.0,371.0,1453.0,3.0,Y,4.0,1453,0,0,1453,1.0,0.0,1,1,2,1,3.0,6,Typ,1,3.0,Attchd,1986.0,2.0,2.0,445.0,3.0,2.0,0,80,0,0,184,0,NoFence,0,12,2006,WD ,Abnorml,190000,0,1,1,0,1,3,0,0,0,0,0,0,0,0,0,0,0
30,RM,50.0,7030,NoAlley,3.0,Lvl,Inside,2.0,IDOTRR,Norm,1Fam,1Story,4,6,1925,1950,Gable,MetalSd,MetalSd,None,0.0,2.0,2.0,BrkTil,3.0,3.0,1.0,1.0,0.0,1.0,0.0,641.0,641.0,3.0,Y,4.0,641,0,0,641,0.0,0.0,1,0,2,1,1.0,4,Typ,0,0.0,Detchd,1925.0,1.0,1.0,272.0,3.0,0.0,184,0,70,0,0,0,MnPrv,0,3,2006,WD ,Normal,85000,0,0,1,1,1,3,0,0,0,0,0,0,0,0,0,0,0
20,RL,88.0,7990,NoAlley,2.0,Lvl,Inside,2.0,CollgCr,Norm,1Fam,1Story,5,6,1975,1975,Hip,HdBoard,HdBoard,None,0.0,2.0,2.0,CBlock,4.0,3.0,1.0,1.0,0.0,1.0,0.0,924.0,924.0,2.0,Y,4.0,924,0,0,924,0.0,0.0,1,0,3,1,2.0,5,Typ,0,0.0,Detchd,1981.0,1.0,1.0,280.0,3.0,2.0,0,0,0,0,0,0,MnPrv,0,4,2008,WD ,Normal,110000,0,0,1,1,1,3,0,0,0,0,0,0,0,0,0,0,0
120,RL,38.0,4740,NoAlley,2.0,Lvl,Inside,2.0,StoneBr,Norm,TwnhsE,1Story,8,5,1988,1988,Gable,CemntBd,CmentBd,None,0.0,3.0,2.0,CBlock,4.0,3.0,4.0,6.0,248.0,1.0,0.0,918.0,1166.0,3.0,Y,4.0,1179,0,0,1179,1.0,0.0,2,0,2,1,2.0,5,Typ,0,0.0,Attchd,1988.0,2.0,2.0,480.0,3.0,2.0,0,108,0,0,135,0,NoFence,0,10,2007,WD ,Normal,182000,0,0,1,0,1,2,0,0,0,0,0,0,0,0,0,0,0
60,RM,60.0,3378,Grvl,3.0,HLS,Inside,2.0,OldTown,Norm,1Fam,2Story,7,8,1946,1992,Gable,HdBoard,HdBoard,None,0.0,2.0,3.0,CBlock,3.0,3.0,1.0,1.0,0.0,1.0,0.0,651.0,651.0,3.0,Y,4.0,707,682,0,1389,0.0,0.0,1,1,3,1,2.0,6,Typ,2,4.0,Detchd,1947.0,1.0,1.0,240.0,3.0,1.0,0,0,126,0,0,0,NoFence,0,9,2009,WD ,Normal,135000,0,1,1,0,1,3,0,0,0,0,0,0,0,0,0,0,0
20,RM,62.0,7311,NoAlley,3.0,Lvl,Corner,2.0,OldTown,Norm,1Fam,1Story,2,5,1946,1950,Gable,VinylSd,VinylSd,None,0.0,2.0,3.0,BrkTil,3.0,3.0,1.0,1.0,0.0,1.0,0.0,407.0,407.0,2.0,N,3.0,407,0,0,407,0.0,0.0,1,0,1,1,2.0,3,Typ,0,0.0,Detchd,1949.0,1.0,1.0,297.0,2.0,2.0,76,0,120,0,0,0,NoFence,0,3,2008,WD ,Abnorml,46500,0,0,0,0,1,1,0,0,0,0,0,0,0,0,0,0,0
20,RL,80.0,9600,NoAlley,3.0,Lvl,Inside,2.0,NAmes,Norm,1Fam,1Story,6,5,1953,1953,Hip,HdBoard,HdBoard,Stone,238.0,2.0,2.0,CBlock,3.0,3.0,1.0,6.0,1285.0,1.0,0.0,131.0,1416.0,2.0,Y,4.0,1644,0,0,1644,1.0,0.0,1,0,3,1,2.0,7,Typ,2,4.0,Attchd,1953.0,3.0,2.0,418.0,3.0,2.0,110,0,0,0,0,0,NoFence,0,10,2009,WD ,Normal,167000,0,1,1,0,1,3,0,0,0,0,0,0,0,0,0,0,0
20,RL,70.0,7700,NoAlley,3.0,Lvl,Corner,2.0,CollgCr,Norm,1Fam,1Story,5,5,1972,1972,Gable,VinylSd,VinylSd,None,0.0,2.0,2.0,CBlock,3.0,3.0,1.0,2.0,138.0,3.0,468.0,276.0,882.0,2.0,Y,4.0,882,0,0,882,1.0,0.0,1,0,3,1,2.0,5,Typ,0,0.0,Detchd,1980.0,1.0,2.0,461.0,3.0,2.0,96,0,0,0,0,0,MnPrv,0,3,2007,WD ,Normal,112500,0,0,1,1,1,3,0,0,0,0,0,0,0,0,0,0,0
20,RL,70.0,21695,NoAlley,2.0,Lvl,Corner,2.0,Crawfor,Norm,1Fam,1Story,6,9,1988,2007,Hip,Wd Sdng,Plywood,BrkFace,260.0,3.0,3.0,CBlock,4.0,3.0,1.0,6.0,808.0,1.0,0.0,72.0,880.0,4.0,Y,4.0,1680,0,0,1680,1.0,0.0,2,0,3,1,3.0,5,Typ,1,4.0,Attchd,1988.0,3.0,2.0,540.0,3.0,2.0,292,44,0,182,0,0,NoFence,0,12,2009,WD ,Normal,222000,0,1,1,0,1,3,0,0,0,0,0,0,0,0,0,0,0
160,FV,35.0,4251,Pave,2.0,Lvl,Inside,2.0,Somerst,Norm,TwnhsE,2Story,7,5,2006,2007,Gable,MetalSd,MetalSd,None,0.0,3.0,2.0,PConc,4.0,3.0,1.0,1.0,0.0,1.0,0.0,625.0,625.0,4.0,Y,4.0,625,625,0,1250,0.0,0.0,2,1,2,1,3.0,5,Typ,0,0.0,Detchd,2006.0,2.0,2.0,528.0,3.0,2.0,0,54,0,0,0,0,NoFence,0,6,2007,New,Partial,164700,0,0,1,0,1,2,0,0,0,0,0,0,0,0,0,0,0
20,RL,60.0,7200,NoAlley,3.0,Lvl,Inside,2.0,NAmes,Norm,1Fam,1Story,5,3,1950,1950,Gable,WdShing,Wd Shng,None,0.0,2.0,2.0,CBlock,3.0,3.0,1.0,2.0,432.0,1.0,0.0,432.0,864.0,1.0,Y,3.0,1238,0,0,1238,0.0,0.0,1,1,3,1,2.0,6,Min2,1,3.0,Attchd,1950.0,1.0,1.0,357.0,3.0,2.0,0,171,0,0,0,0,NoFence,0,11,2007,WD ,Normal,102000,0,1,1,0,1,3,0,0,0,0,0,0,0,0,0,0,0
60,RL,80.0,14000,NoAlley,3.0,Lvl,Inside,1.0,ClearCr,Norm,1Fam,2Story,7,5,1996,1997,Gable,Wd Sdng,Wd Sdng,None,0.0,3.0,2.0,PConc,5.0,3.0,4.0,6.0,1201.0,1.0,0.0,105.0,1306.0,4.0,Y,4.0,1306,954,0,2260,1.0,0.0,2,1,3,1,3.0,7,Typ,0,0.0,Attchd,1996.0,2.0,2.0,533.0,3.0,2.0,296,44,0,0,0,0,NoFence,0,4,2010,WD ,Normal,328000,0,0,1,0,1,2,0,0,0,0,0,0,0,0,0,0,0
20,RL,70.0,7420,NoAlley,3.0,Lvl,Inside,2.0,Sawyer,Norm,1Fam,1Story,5,5,1962,1962,Hip,MetalSd,MetalSd,None,0.0,2.0,2.0,CBlock,3.0,3.0,1.0,3.0,417.0,1.0,0.0,640.0,1057.0,2.0,Y,4.0,1057,0,0,1057,0.0,0.0,1,0,3,1,2.0,6,Typ,0,0.0,Detchd,1977.0,3.0,2.0,576.0,3.0,2.0,0,0,0,0,0,0,NoFence,0,4,2007,WD ,Normal,132000,0,0,1,0,1,2,0,0,0,0,0,0,0,0,0,0,0
190,RL,100.0,34650,NoAlley,3.0,Bnk,Inside,2.0,Gilbert,Norm,2fmCon,1Story,5,5,1955,1955,Hip,Wd Sdng,Wd Sdng,None,0.0,2.0,2.0,CBlock,3.0,3.0,2.0,3.0,1056.0,1.0,0.0,0.0,1056.0,2.0,N,4.0,1056,0,0,1056,1.0,0.0,1,0,3,1,2.0,5,Typ,0,0.0,Attchd,1955.0,3.0,2.0,572.0,3.0,2.0,264,0,0,0,0,0,NoFence,0,1,2006,WD ,Normal,145000,0,0,0,0,1,1,0,0,0,0,0,0,0,0,0,0,0
60,RL,70.0,8750,NoAlley,3.0,Lvl,Inside,2.0,CollgCr,Norm,1Fam,2Story,6,5,1998,1998,Gable,VinylSd,VinylSd,BrkFace,120.0,2.0,2.0,PConc,4.0,3.0,1.0,6.0,606.0,1.0,0.0,322.0,928.0,4.0,Y,4.0,928,844,0,1772,1.0,0.0,2,1,3,1,2.0,7,Typ,1,3.0,Attchd,1998.0,2.0,2.0,492.0,3.0,2.0,150,96,0,0,0,0,NoFence,0,4,2009,WD ,Normal,200000,0,1,1,0,1,3,0,0,0,0,0,0,0,0,0,0,0
120,RL,43.0,3196,NoAlley,3.0,Lvl,Inside,2.0,Blmngtn,Norm,TwnhsE,1Story,7,5,2003,2004,Gable,VinylSd,VinylSd,BrkFace,18.0,3.0,2.0,PConc,4.0,3.0,4.0,1.0,0.0,1.0,0.0,1374.0,1374.0,4.0,Y,4.0,1557,0,0,1557,0.0,0.0,2,0,2,1,3.0,7,Typ,1,3.0,Attchd,2003.0,3.0,2.0,420.0,3.0,2.0,143,20,0,0,0,0,NoFence,0,10,2006,WD ,Normal,234000,0,1,1,0,1,3,0,0,0,0,0,0,0,0,0,0,0
20,RL,70.0,7000,NoAlley,3.0,Lvl,Inside,2.0,NAmes,Norm,1Fam,1Story,5,7,1960,2002,Gable,Wd Sdng,Wd Sdng,BrkFace,45.0,2.0,2.0,CBlock,3.0,3.0,1.0,3.0,588.0,1.0,0.0,422.0,1010.0,4.0,Y,4.0,1134,0,0,1134,0.0,0.0,1,0,2,1,2.0,6,Typ,0,0.0,Attchd,1960.0,2.0,1.0,254.0,3.0,2.0,0,16,0,0,0,0,MnWw,0,4,2007,WD ,Family,135000,0,0,1,1,1,3,0,0,0,0,0,0,0,0,0,0,0
20,RL,69.0,11302,NoAlley,2.0,Lvl,Inside,2.0,StoneBr,Norm,1Fam,1Story,8,5,2005,2006,Gable,VinylSd,Other,BrkFace,238.0,3.0,2.0,PConc,4.0,3.0,4.0,6.0,1422.0,1.0,0.0,392.0,1814.0,4.0,Y,4.0,1826,0,0,1826,1.0,0.0,2,0,3,1,3.0,7,Typ,1,3.0,Attchd,2005.0,3.0,3.0,758.0,3.0,2.0,180,75,0,0,120,0,NoFence,0,8,2006,New,Partial,319000,0,1,1,0,1,3,0,0,0,0,0,0,0,0,0,0,0
50,RL,50.0,7500,NoAlley,3.0,Lvl,Inside,2.0,NAmes,Norm,1Fam,1.5Fin,6,6,1947,1950,Gable,VinylSd,VinylSd,None,0.0,2.0,2.0,CBlock,3.0,3.0,1.0,1.0,0.0,1.0,0.0,784.0,784.0,4.0,Y,3.0,900,412,0,1312,0.0,0.0,1,1,3,1,2.0,6,Typ,0,0.0,Detchd,1953.0,1.0,2.0,649.0,3.0,2.0,0,28,0,0,0,0,NoFence,0,10,2006,WD ,Normal,127000,0,0,1,0,1,2,0,0,0,0,0,0,0,0,0,0,0
70,RM,58.0,6451,Grvl,3.0,Lvl,Inside,2.0,OldTown,Norm,1Fam,2Story,7,7,1900,1970,Gable,AsbShng,Wd Sdng,None,0.0,2.0,2.0,Stone,3.0,3.0,1.0,3.0,208.0,1.0,0.0,504.0,712.0,3.0,Y,4.0,848,580,0,1428,1.0,0.0,1,0,4,1,2.0,7,Typ,0,0.0,Detchd,1985.0,3.0,2.0,576.0,3.0,2.0,264,0,84,0,0,0,NoFence,0,5,2006,WD ,Normal,139900,0,0,1,0,1,2,0,0,0,0,0,0,0,0,0,0,0
50,RL,50.0,9638,NoAlley,3.0,Lvl,Inside,2.0,SWISU,Feedr,1Fam,1.5Fin,6,7,1919,1990,Gable,Wd Sdng,Wd Shng,None,0.0,2.0,2.0,PConc,3.0,3.0,1.0,1.0,0.0,1.0,0.0,804.0,804.0,4.0,Y,4.0,1699,748,0,2447,0.0,0.0,2,0,4,1,3.0,10,Min2,1,4.0,Detchd,1969.0,1.0,1.0,336.0,3.0,2.0,272,0,42,0,116,0,NoFence,0,3,2010,WD ,Normal,169000,0,1,1,0,1,3,0,0,0,0,0,0,0,0,0,0,0
60,RL,76.0,10142,NoAlley,2.0,Lvl,Inside,2.0,SawyerW,Norm,1Fam,2Story,7,5,2004,2004,Gable,VinylSd,VinylSd,None,0.0,3.0,2.0,PConc,4.0,3.0,1.0,6.0,656.0,1.0,0.0,300.0,956.0,4.0,Y,4.0,956,1128,0,2084,1.0,0.0,2,1,4,1,3.0,8,Typ,0,0.0,BuiltIn,2004.0,2.0,2.0,618.0,3.0,2.0,0,45,0,0,0,0,NoFence,0,1,2010,WD ,Normal,233000,0,0,1,0,1,2,0,0,0,0,0,0,0,0,0,0,0
80,RL,64.0,10784,NoAlley,2.0,Lvl,FR2,2.0,Gilbert,Norm,1Fam,SLvl,7,5,1991,1992,Gable,HdBoard,HdBoard,BrkFace,76.0,3.0,2.0,PConc,4.0,3.0,1.0,1.0,0.0,1.0,0.0,384.0,384.0,3.0,Y,4.0,802,670,0,1472,0.0,0.0,2,1,3,1,3.0,7,Typ,1,3.0,Attchd,1991.0,2.0,2.0,402.0,3.0,2.0,164,0,0,0,0,0,NoFence,0,5,2007,WD ,Normal,160000,0,1,1,0,1,3,0,0,0,0,0,0,0,0,0,0,0
60,RL,43.0,14565,NoAlley,1.0,Lvl,CulDSac,2.0,SawyerW,Norm,1Fam,2Story,7,5,1994,1995,Gable,VinylSd,VinylSd,BrkFace,145.0,3.0,2.0,PConc,4.0,3.0,3.0,6.0,537.0,1.0,0.0,295.0,832.0,4.0,Y,4.0,832,825,0,1657,0.0,0.0,2,1,3,1,3.0,6,Typ,0,0.0,Attchd,1994.0,2.0,2.0,483.0,3.0,2.0,144,74,0,0,0,0,NoFence,2000,11,2008,WD ,Normal,189000,0,0,1,0,1,2,0,0,0,0,0,0,0,0,0,0,0
20,RL,65.0,7150,NoAlley,3.0,Lvl,Inside,2.0,NAmes,Norm,1Fam,1Story,5,5,1967,1967,Gable,HdBoard,HdBoard,BrkFace,60.0,2.0,2.0,CBlock,3.0,3.0,1.0,4.0,432.0,1.0,0.0,460.0,892.0,2.0,Y,4.0,892,0,0,892,0.0,0.0,1,0,3,1,2.0,5,Typ,0,0.0,Attchd,1967.0,2.0,1.0,288.0,3.0,2.0,0,0,0,0,0,0,GdWo,0,7,2009,WD ,Normal,100000,0,0,1,1,1,3,0,0,0,0,0,0,0,0,0,0,0
60,RL,73.0,8970,NoAlley,2.0,Lvl,Corner,2.0,NAmes,Norm,1Fam,2Story,5,6,1965,1965,Gable,MetalSd,MetalSd,None,0.0,2.0,3.0,CBlock,3.0,3.0,1.0,5.0,388.0,1.0,0.0,356.0,744.0,2.0,Y,4.0,825,1315,0,2140,0.0,0.0,2,1,4,1,2.0,7,Typ,1,3.0,Attchd,1965.0,3.0,2.0,549.0,3.0,2.0,0,40,264,0,0,0,MnPrv,0,6,2009,WD ,Normal,177500,0,1,1,1,1,4,0,0,0,0,0,0,0,0,0,0,0
20,RL,70.0,10150,NoAlley,3.0,Lvl,Inside,2.0,NAmes,Feedr,1Fam,1Story,5,5,1958,1958,Gable,Wd Sdng,Wd Sdng,BrkFace,1.0,2.0,2.0,CBlock,3.0,3.0,1.0,3.0,456.0,1.0,0.0,456.0,912.0,4.0,Y,3.0,912,0,0,912,0.0,0.0,1,0,2,1,2.0,5,Typ,0,0.0,Attchd,1958.0,2.0,1.0,275.0,3.0,2.0,0,0,0,0,0,0,NoFence,0,7,2007,COD,Normal,114500,0,0,1,0,1,2,0,0,0,0,0,0,0,0,0,0,0
60,FV,72.0,8640,NoAlley,3.0,Lvl,Inside,2.0,Somerst,Norm,1Fam,2Story,8,5,2007,2007,Gable,VinylSd,VinylSd,None,0.0,3.0,2.0,PConc,4.0,3.0,3.0,6.0,350.0,1.0,0.0,546.0,896.0,4.0,Y,4.0,896,896,0,1792,0.0,0.0,2,1,3,1,3.0,8,Typ,0,0.0,Attchd,2007.0,3.0,2.0,590.0,3.0,2.0,184,96,0,0,0,0,NoFence,0,11,2007,New,Partial,255000,0,0,1,0,1,2,0,0,0,0,0,0,0,0,0,0,0
60,FV,84.0,10603,NoAlley,3.0,Lvl,Inside,2.0,Somerst,Norm,1Fam,2Story,8,5,2006,2006,Hip,VinylSd,VinylSd,Stone,121.0,3.0,2.0,PConc,5.0,4.0,1.0,6.0,682.0,1.0,0.0,218.0,900.0,4.0,Y,4.0,909,886,0,1795,1.0,0.0,2,1,3,1,3.0,8,Typ,1,4.0,Attchd,2006.0,3.0,3.0,782.0,3.0,2.0,168,45,0,0,0,0,NoFence,0,7,2009,WD ,Normal,270000,0,1,1,0,1,3,0,0,0,0,0,0,0,0,0,0,0
20,RL,74.0,6173,NoAlley,2.0,Lvl,Inside,2.0,Sawyer,Norm,1Fam,1Story,5,6,1967,1967,Gable,HdBoard,Wd Sdng,BrkFace,75.0,2.0,2.0,CBlock,3.0,3.0,1.0,6.0,599.0,1.0,0.0,277.0,876.0,2.0,Y,4.0,902,0,0,902,0.0,0.0,1,0,3,1,2.0,6,Typ,0,0.0,Attchd,1967.0,1.0,1.0,288.0,3.0,2.0,0,0,0,0,0,0,MnPrv,0,8,2007,WD ,Normal,125500,0,0,1,1,1,3,0,0,0,0,0,0,0,0,0,0,0
20,RL,64.0,8334,NoAlley,3.0,Lvl,Inside,2.0,CollgCr,Norm,1Fam,1Story,6,5,2006,2007,Gable,VinylSd,VinylSd,None,0.0,3.0,2.0,PConc,4.0,3.0,1.0,1.0,0.0,1.0,0.0,1330.0,1330.0,4.0,Y,4.0,1330,0,0,1330,0.0,0.0,2,0,3,1,3.0,6,Typ,1,4.0,Attchd,2006.0,3.0,2.0,437.0,3.0,2.0,0,23,0,0,0,0,NoFence,0,7,2007,New,Partial,167840,0,1,1,0,1,3,0,0,0,0,0,0,0,0,0,0,0
120,RM,32.0,4500,NoAlley,3.0,Lvl,FR2,2.0,Mitchel,Norm,Twnhs,1Story,6,5,1998,1998,Hip,VinylSd,VinylSd,BrkFace,116.0,2.0,2.0,PConc,5.0,3.0,1.0,6.0,897.0,1.0,0.0,319.0,1216.0,4.0,Y,4.0,1216,0,0,1216,1.0,0.0,2,0,2,1,2.0,5,Typ,0,0.0,Attchd,1998.0,1.0,2.0,402.0,3.0,2.0,0,125,0,0,0,0,NoFence,0,5,2006,WD ,Normal,164000,0,0,1,0,1,2,0,0,0,0,0,0,0,0,0,0,0
70,RL,69.0,11737,NoAlley,2.0,Bnk,Inside,2.0,BrkSide,Norm,1Fam,2Story,6,7,1924,1996,Gambrel,BrkComm,Stucco,None,0.0,2.0,2.0,BrkTil,3.0,3.0,1.0,1.0,0.0,1.0,0.0,848.0,848.0,2.0,N,4.0,1017,810,0,1827,0.0,0.0,1,0,2,1,2.0,9,Typ,1,4.0,Detchd,1943.0,1.0,1.0,240.0,2.0,2.0,27,36,42,0,0,0,GdPrv,0,5,2006,WD ,Normal,202500,0,1,0,1,1,3,0,0,0,0,0,0,0,0,0,0,0
50,RM,50.0,6000,NoAlley,3.0,Lvl,Inside,2.0,BrkSide,Norm,1Fam,1.5Fin,6,7,1937,2000,Gable,Wd Sdng,Wd Sdng,None,0.0,2.0,3.0,BrkTil,3.0,3.0,1.0,3.0,201.0,2.0,162.0,462.0,825.0,4.0,Y,4.0,825,672,0,1497,0.0,0.0,2,0,3,1,2.0,5,Typ,0,0.0,Detchd,2004.0,1.0,1.0,672.0,3.0,2.0,272,0,0,0,0,0,GdPrv,0,5,2008,WD ,Normal,157000,0,0,1,1,1,3,0,0,0,0,0,0,0,0,0,0,0
20,RL,93.0,18265,NoAlley,3.0,Lvl,Corner,2.0,Timber,Norm,1Fam,1Story,6,5,1986,1986,Gable,Plywood,HdBoard,BrkFace,228.0,3.0,3.0,CBlock,4.0,4.0,3.0,6.0,920.0,3.0,60.0,276.0,1256.0,4.0,Y,4.0,1256,0,0,1256,0.0,0.0,2,0,3,1,3.0,6,Typ,1,2.0,Attchd,1986.0,1.0,2.0,578.0,3.0,2.0,282,0,0,0,0,0,NoFence,0,3,2008,WD ,Normal,180000,0,1,1,0,1,3,0,0,0,0,0,0,0,0,0,0,0
20,RL,70.0,8521,NoAlley,3.0,Lvl,FR2,2.0,Sawyer,Feedr,1Fam,1Story,5,5,1967,1967,Gable,HdBoard,HdBoard,None,0.0,2.0,2.0,CBlock,3.0,3.0,1.0,5.0,842.0,1.0,0.0,70.0,912.0,2.0,Y,4.0,912,0,0,912,0.0,0.0,1,0,3,1,2.0,5,Typ,1,2.0,Detchd,1974.0,1.0,1.0,336.0,3.0,2.0,0,0,0,0,0,0,MnPrv,0,5,2010,WD ,Normal,125000,0,1,1,1,1,4,0,0,0,0,0,0,0,0,0,0,0
80,RL,88.0,15400,NoAlley,3.0,Lvl,Inside,2.0,Sawyer,Norm,1Fam,SLvl,5,5,1961,1961,Hip,HdBoard,HdBoard,None,0.0,2.0,2.0,CBlock,3.0,4.0,1.0,1.0,0.0,1.0,0.0,552.0,552.0,2.0,Y,4.0,904,611,259,1774,0.0,0.0,2,0,4,1,2.0,8,Typ,1,3.0,Attchd,1961.0,1.0,1.0,384.0,3.0,2.0,290,40,0,0,0,0,NoFence,0,7,2009,WD ,Normal,165000,0,1,1,0,1,3,0,0,0,0,0,0,0,0,0,0,0
20,RH,60.0,8400,NoAlley,3.0,Lvl,Inside,2.0,SawyerW,Feedr,1Fam,1Story,4,4,1950,1950,Gable,Wd Sdng,AsbShng,None,0.0,1.0,1.0,CBlock,3.0,2.0,1.0,1.0,0.0,1.0,0.0,721.0,721.0,3.0,Y,4.0,841,0,0,841,0.0,0.0,1,0,2,1,2.0,4,Typ,0,0.0,CarPort,1950.0,1.0,1.0,294.0,3.0,0.0,250,0,24,0,0,0,NoFence,0,9,2009,WD ,Normal,82000,0,0,1,0,1,2,0,0,0,0,0,0,0,0,0,0,0
20,RL,71.0,8838,NoAlley,3.0,Lvl,Inside,2.0,NAmes,Norm,1Fam,1Story,5,3,1957,1982,Gable,MetalSd,MetalSd,None,0.0,2.0,2.0,BrkTil,0.0,0.0,0.0,0.0,0.0,0.0,0.0,0.0,0.0,3.0,Y,4.0,1764,0,0,1764,0.0,0.0,2,1,4,1,2.0,7,Maj2,1,3.0,Attchd,1957.0,3.0,1.0,301.0,3.0,2.0,0,72,0,0,0,0,NoFence,0,10,2008,WD ,Normal,100000,0,1,1,0,1,3,0,0,0,0,0,0,0,0,0,0,0
20,RL,91.0,11375,NoAlley,3.0,Lvl,Inside,2.0,Sawyer,Norm,1Fam,1Story,6,5,1954,1995,Gable,VinylSd,VinylSd,None,0.0,2.0,2.0,CBlock,3.0,3.0,1.0,3.0,736.0,1.0,0.0,231.0,967.0,2.0,Y,4.0,1299,0,0,1299,0.0,0.0,1,0,3,1,3.0,6,Typ,1,3.0,Attchd,1954.0,1.0,2.0,494.0,3.0,2.0,81,0,280,0,0,0,NoFence,0,10,2007,WD ,Normal,150000,0,1,1,0,1,3,0,0,0,0,0,0,0,0,0,0,0
20,RL,60.0,9000,NoAlley,3.0,Lvl,FR2,2.0,NAmes,Norm,1Fam,1Story,4,7,1971,2006,Gable,VinylSd,VinylSd,None,0.0,2.0,3.0,CBlock,3.0,3.0,1.0,5.0,240.0,1.0,0.0,624.0,864.0,3.0,Y,4.0,864,0,0,864,0.0,0.0,1,0,3,1,2.0,5,Typ,0,0.0,Detchd,1986.0,1.0,2.0,576.0,3.0,2.0,200,0,0,0,0,0,GdWo,0,7,2009,WD ,Normal,130000,0,0,1,1,1,3,0,0,0,0,0,0,0,0,0,0,0
20,RL,64.0,7488,NoAlley,2.0,Lvl,Inside,2.0,CollgCr,Norm,1Fam,1Story,7,5,2005,2005,Gable,VinylSd,VinylSd,None,0.0,3.0,2.0,PConc,4.0,3.0,3.0,6.0,393.0,1.0,0.0,815.0,1208.0,4.0,Y,4.0,1208,0,0,1208,0.0,0.0,2,0,2,1,3.0,6,Typ,0,0.0,Attchd,2005.0,2.0,2.0,632.0,3.0,2.0,105,58,0,0,0,0,NoFence,0,2,2006,WD ,Abnorml,183600,0,0,1,0,1,2,0,0,0,0,0,0,0,0,0,0,0
20,RL,77.0,9510,NoAlley,3.0,Lvl,Inside,2.0,NAmes,Norm,1Fam,1Story,6,5,1962,1985,Gable,HdBoard,HdBoard,BrkCmn,161.0,2.0,2.0,CBlock,3.0,3.0,1.0,5.0,701.0,1.0,0.0,434.0,1135.0,4.0,Y,4.0,1207,0,0,1207,0.0,0.0,1,1,3,1,2.0,6,Typ,0,0.0,Attchd,1962.0,2.0,1.0,264.0,3.0,2.0,0,240,0,0,0,0,NoFence,0,5,2006,WD ,Normal,147000,0,0,1,0,1,2,0,0,0,0,0,0,0,0,0,0,0
60,RL,75.0,9317,NoAlley,3.0,Lvl,Inside,2.0,SawyerW,Norm,1Fam,2Story,7,5,1994,2001,Gable,VinylSd,VinylSd,None,0.0,3.0,3.0,PConc,4.0,4.0,1.0,6.0,497.0,1.0,0.0,282.0,779.0,4.0,Y,4.0,1029,929,0,1958,1.0,0.0,2,1,3,1,3.0,7,Typ,1,3.0,Attchd,1994.0,2.0,2.0,499.0,3.0,2.0,202,93,0,0,0,0,NoFence,0,7,2007,CWD,Normal,220000,0,1,1,0,1,3,0,0,0,0,0,0,0,0,0,0,0
160,RL,24.0,2280,NoAlley,3.0,Lvl,FR2,2.0,NPkVill,Norm,Twnhs,2Story,6,6,1976,1976,Gable,Plywood,Brk Cmn,None,0.0,2.0,2.0,CBlock,4.0,3.0,1.0,5.0,566.0,1.0,0.0,289.0,855.0,2.0,Y,4.0,855,601,0,1456,0.0,0.0,2,1,3,1,2.0,7,Typ,1,3.0,Attchd,1976.0,1.0,2.0,440.0,3.0,2.0,87,0,0,0,0,0,NoFence,0,7,2009,WD ,Normal,148500,0,1,1,0,1,3,0,0,0,0,0,0,0,0,0,0,0
70,RL,80.0,24090,NoAlley,3.0,Lvl,Inside,2.0,ClearCr,Norm,1Fam,2Story,7,7,1940,1950,Gable,MetalSd,MetalSd,None,0.0,2.0,3.0,CBlock,3.0,3.0,2.0,1.0,0.0,1.0,0.0,1032.0,1032.0,4.0,Y,4.0,1207,1196,0,2403,0.0,0.0,2,0,4,1,2.0,10,Typ,2,3.0,Attchd,1940.0,1.0,1.0,349.0,3.0,2.0,56,0,318,0,0,0,NoFence,0,6,2010,COD,Normal,244400,0,1,1,0,1,3,0,0,0,0,0,0,0,0,0,0,0
60,RL,97.0,10990,NoAlley,2.0,Lvl,CulDSac,2.0,NoRidge,Norm,1Fam,2Story,7,5,1996,1997,Gable,VinylSd,VinylSd,None,0.0,3.0,2.0,PConc,5.0,3.0,1.0,6.0,851.0,1.0,0.0,213.0,1064.0,4.0,Y,4.0,1064,1061,0,2125,1.0,0.0,2,1,4,1,3.0,12,Typ,2,3.0,Attchd,1996.0,2.0,2.0,576.0,3.0,2.0,168,0,0,0,0,0,NoFence,0,6,2008,WD ,Normal,279500,0,1,1,0,1,3,0,0,0,0,0,0,0,0,0,0,0
20,RL,90.0,9900,NoAlley,3.0,Lvl,Inside,2.0,NAmes,Feedr,1Fam,1Story,6,5,1967,1967,Gable,BrkComm,Brk Cmn,None,0.0,3.0,2.0,CBlock,3.0,3.0,1.0,3.0,1173.0,1.0,0.0,507.0,1680.0,2.0,Y,4.0,1691,0,0,1691,1.0,0.0,1,0,2,1,2.0,5,Typ,0,0.0,Attchd,1967.0,1.0,2.0,550.0,4.0,2.0,0,67,260,0,0,0,MnPrv,0,4,2009,WD ,Normal,175000,0,0,1,1,1,3,0,0,0,0,0,0,0,0,0,0,0
20,RL,65.0,8529,NoAlley,2.0,Lvl,Inside,2.0,SawyerW,Norm,1Fam,1Story,7,5,2001,2001,Gable,VinylSd,VinylSd,None,0.0,3.0,2.0,PConc,4.0,3.0,1.0,6.0,20.0,1.0,0.0,1434.0,1454.0,4.0,Y,4.0,1434,0,0,1434,0.0,0.0,2,0,3,1,3.0,6,Typ,1,3.0,Attchd,2001.0,2.0,2.0,527.0,3.0,2.0,290,39,0,0,0,0,NoFence,0,4,2009,WD ,Normal,189000,0,1,1,0,1,3,0,0,0,0,0,0,0,0,0,0,0
160,FV,73.0,2117,NoAlley,3.0,Lvl,Inside,2.0,Somerst,Norm,TwnhsE,2Story,6,5,2000,2000,Gable,MetalSd,MetalSd,BrkFace,513.0,3.0,2.0,PConc,4.0,3.0,1.0,6.0,420.0,1.0,0.0,336.0,756.0,4.0,Y,4.0,756,756,0,1512,0.0,0.0,2,1,2,1,3.0,4,Typ,1,3.0,Detchd,2000.0,1.0,2.0,440.0,3.0,2.0,0,32,0,0,0,0,NoFence,0,6,2007,WD ,Normal,168500,0,1,1,0,1,3,0,0,0,0,0,0,0,0,0,0,0
120,RL,34.0,5122,NoAlley,2.0,Lvl,Inside,2.0,NridgHt,Norm,Twnhs,1Story,6,5,2005,2005,Gable,VinylSd,VinylSd,Stone,135.0,3.0,2.0,PConc,4.0,3.0,3.0,6.0,881.0,1.0,0.0,425.0,1306.0,4.0,Y,4.0,1306,0,0,1306,1.0,0.0,2,0,1,1,3.0,5,Typ,1,4.0,Attchd,2005.0,2.0,2.0,624.0,3.0,2.0,170,63,0,0,0,0,NoFence,0,3,2009,WD ,Normal,184500,0,1,1,0,1,3,0,0,0,0,0,0,0,0,0,0,0
20,RL,81.0,9260,NoAlley,3.0,Lvl,Corner,2.0,SawyerW,Norm,1Fam,1Story,7,5,2007,2007,Gable,VinylSd,VinylSd,None,0.0,3.0,2.0,PConc,4.0,3.0,2.0,1.0,0.0,1.0,0.0,1162.0,1162.0,4.0,Y,4.0,1162,0,0,1162,0.0,0.0,2,0,3,1,3.0,6,Typ,0,0.0,Attchd,2007.0,3.0,2.0,483.0,3.0,2.0,0,32,0,0,0,0,NoFence,0,3,2008,WD ,Normal,170000,0,0,1,0,1,2,0,0,0,0,0,0,0,0,0,0,0
20,RL,65.0,7800,NoAlley,3.0,Lvl,Inside,2.0,Sawyer,Norm,1Fam,1Story,5,7,1966,2008,Hip,HdBoard,HdBoard,BrkFace,47.0,2.0,2.0,CBlock,3.0,3.0,2.0,4.0,240.0,3.0,474.0,150.0,864.0,4.0,Y,4.0,892,0,0,892,1.0,0.0,1,0,3,1,3.0,5,Typ,0,0.0,Detchd,1966.0,1.0,1.0,416.0,3.0,2.0,0,0,0,0,0,0,NoFence,0,6,2010,WD ,Normal,137900,0,0,1,0,1,2,0,0,0,0,0,0,0,0,0,0,0
60,FV,75.0,9000,NoAlley,3.0,Lvl,Inside,2.0,Somerst,Norm,1Fam,2Story,8,5,2008,2008,Gable,VinylSd,VinylSd,None,0.0,3.0,2.0,PConc,4.0,3.0,1.0,1.0,0.0,1.0,0.0,768.0,768.0,4.0,Y,4.0,786,804,0,1590,0.0,0.0,2,1,3,1,3.0,6,Typ,0,0.0,Attchd,2008.0,2.0,2.0,676.0,3.0,2.0,0,30,0,0,0,0,NoFence,0,6,2009,WD ,Normal,210000,0,0,1,0,1,2,0,0,0,0,0,0,0,0,0,0,0
20,RL,60.0,8172,NoAlley,3.0,Lvl,Inside,2.0,Edwards,Norm,1Fam,1Story,5,7,1955,1990,Hip,WdShing,Plywood,None,0.0,2.0,2.0,CBlock,3.0,3.0,1.0,3.0,167.0,1.0,0.0,697.0,864.0,2.0,Y,4.0,864,0,0,864,1.0,0.0,1,0,2,1,2.0,5,Typ,0,0.0,Detchd,1957.0,1.0,2.0,572.0,3.0,0.0,0,0,0,0,0,0,NoFence,0,4,2006,WD ,Normal,115000,0,0,1,0,1,2,0,0,0,0,0,0,0,0,0,0,0
60,RL,65.0,15426,NoAlley,2.0,Lvl,Inside,2.0,CollgCr,Norm,1Fam,2Story,6,5,1997,1997,Gable,VinylSd,VinylSd,None,0.0,2.0,2.0,PConc,4.0,3.0,1.0,6.0,821.0,1.0,0.0,107.0,928.0,4.0,Y,4.0,928,836,0,1764,1.0,0.0,2,1,3,1,3.0,7,Typ,0,0.0,Attchd,1997.0,2.0,2.0,470.0,3.0,2.0,276,99,0,0,0,0,MnPrv,0,8,2009,WD ,Normal,231500,0,0,1,1,1,3,0,0,0,0,0,0,0,0,0,0,0
20,RL,44.0,10751,NoAlley,2.0,Lvl,CulDSac,2.0,Sawyer,RRAe,1Fam,1Story,5,5,1974,1974,Gable,Plywood,Plywood,BrkFace,44.0,2.0,2.0,CBlock,2.0,3.0,4.0,5.0,787.0,1.0,0.0,250.0,1037.0,2.0,Y,4.0,1037,0,0,1037,1.0,0.0,1,0,2,1,2.0,5,Typ,0,0.0,Attchd,1974.0,2.0,2.0,431.0,3.0,2.0,136,47,0,0,0,0,NoFence,0,8,2007,WD ,Normal,129000,0,0,1,0,1,2,0,0,0,0,0,0,0,0,0,0,0
20,RL,72.0,17979,NoAlley,2.0,Lvl,Corner,2.0,Mitchel,Norm,1Fam,1Story,5,6,1968,1968,Gable,Plywood,Plywood,None,0.0,2.0,3.0,CBlock,3.0,3.0,1.0,5.0,785.0,1.0,0.0,328.0,1113.0,4.0,Y,4.0,1160,0,0,1160,1.0,0.0,1,0,3,1,3.0,6,Typ,0,0.0,Attchd,1968.0,1.0,1.0,257.0,3.0,2.0,81,0,0,0,0,0,GdWo,500,2,2008,WD ,Normal,152500,0,0,1,1,1,3,0,0,0,0,0,0,0,0,0,0,0
190,RL,79.0,6221,NoAlley,2.0,Lvl,Inside,2.0,Crawfor,Norm,2fmCon,1.5Fin,5,5,1941,1950,Gable,VinylSd,VinylSd,None,0.0,2.0,2.0,CBlock,3.0,2.0,1.0,2.0,533.0,1.0,0.0,195.0,728.0,4.0,Y,4.0,760,595,0,1355,0.0,0.0,2,0,3,1,2.0,5,Typ,0,0.0,Detchd,1966.0,1.0,2.0,528.0,3.0,2.0,0,0,0,0,144,0,MnPrv,0,10,2007,WD ,Normal,140000,0,0,1,1,1,3,0,0,0,0,0,0,0,0,0,0,0
85,RL,88.0,11782,NoAlley,2.0,Lvl,Inside,2.0,Sawyer,Norm,1Fam,SFoyer,5,7,1961,1995,Gable,HdBoard,HdBoard,None,0.0,2.0,2.0,CBlock,3.0,3.0,3.0,5.0,899.0,1.0,0.0,210.0,1109.0,2.0,Y,4.0,1155,0,0,1155,1.0,0.0,1,0,3,1,3.0,6,Min2,0,0.0,Detchd,1987.0,1.0,2.0,576.0,3.0,2.0,192,0,0,0,0,0,MnPrv,400,6,2010,WD ,Normal,148000,0,0,1,1,1,3,0,0,0,0,0,0,0,0,0,0,0
60,RL,70.0,8400,NoAlley,3.0,Lvl,Inside,2.0,CollgCr,Norm,1Fam,2Story,7,5,2005,2005,Gable,VinylSd,VinylSd,None,0.0,3.0,2.0,PConc,4.0,3.0,3.0,1.0,0.0,1.0,0.0,784.0,784.0,4.0,Y,4.0,784,827,0,1611,0.0,0.0,2,1,3,1,3.0,6,Typ,0,0.0,Attchd,2005.0,2.0,2.0,572.0,3.0,2.0,144,36,0,0,0,0,NoFence,0,3,2006,WD ,Normal,195800,0,0,1,0,1,2,0,0,0,0,0,0,0,0,0,0,0
75,RM,65.0,8850,NoAlley,2.0,Bnk,Corner,2.0,OldTown,Norm,1Fam,2.5Unf,7,6,1916,1950,Gable,MetalSd,MetalSd,None,0.0,2.0,2.0,BrkTil,3.0,3.0,1.0,1.0,0.0,1.0,0.0,815.0,815.0,4.0,Y,4.0,815,875,0,1690,0.0,0.0,1,0,3,1,2.0,7,Typ,1,4.0,Detchd,1916.0,1.0,1.0,225.0,3.0,2.0,0,0,330,0,0,0,NoFence,0,7,2006,ConLw,Normal,144000,0,1,1,0,1,3,0,0,0,0,0,0,0,0,0,0,0
20,RL,105.0,11751,NoAlley,2.0,Lvl,Inside,2.0,NWAmes,Norm,1Fam,1Story,6,6,1977,1977,Hip,Plywood,Plywood,BrkFace,480.0,2.0,2.0,CBlock,4.0,3.0,1.0,4.0,705.0,1.0,0.0,1139.0,1844.0,4.0,Y,4.0,1844,0,0,1844,0.0,0.0,2,0,3,1,2.0,7,Typ,1,3.0,Attchd,1977.0,2.0,2.0,546.0,3.0,2.0,0,122,0,0,0,0,MnPrv,0,1,2010,COD,Normal,190000,0,1,1,1,1,4,0,0,0,0,0,0,0,0,0,0,0
60,RL,82.0,9942,NoAlley,2.0,Lvl,Inside,2.0,NridgHt,Norm,1Fam,2Story,9,5,2005,2006,Gable,MetalSd,MetalSd,BrkFace,385.0,4.0,2.0,PConc,5.0,4.0,3.0,6.0,1290.0,1.0,0.0,316.0,1606.0,4.0,Y,4.0,1625,466,0,2091,1.0,0.0,2,1,3,1,4.0,8,Typ,1,4.0,Attchd,2005.0,2.0,2.0,521.0,3.0,2.0,194,84,0,0,0,0,NoFence,0,5,2006,New,Partial,338500,0,1,1,0,1,3,0,0,0,0,0,0,0,0,0,0,0
60,RL,70.0,9771,NoAlley,0.0,Lvl,Corner,2.0,SawyerW,Norm,1Fam,2Story,6,5,1995,2002,Gable,HdBoard,HdBoard,BrkFace,190.0,3.0,2.0,PConc,4.0,3.0,1.0,2.0,779.0,1.0,0.0,298.0,1077.0,4.0,Y,4.0,1093,1721,0,2814,0.0,1.0,2,1,4,1,3.0,9,Typ,1,3.0,BuiltIn,1995.0,3.0,2.0,614.0,3.0,2.0,48,32,0,0,216,0,GdPrv,0,6,2008,WD ,Normal,260000,0,1,1,1,1,4,0,0,0,0,0,0,0,0,0,0,0
190,RL,60.0,9873,NoAlley,3.0,Lvl,Inside,2.0,BrkSide,RRAn,2fmCon,1Story,4,5,1970,1970,Gable,HdBoard,HdBoard,BrkFace,160.0,2.0,2.0,CBlock,3.0,3.0,3.0,5.0,789.0,1.0,0.0,171.0,960.0,2.0,N,4.0,960,0,0,960,1.0,0.0,1,0,3,1,2.0,6,Typ,0,0.0,Detchd,1970.0,1.0,2.0,576.0,3.0,2.0,0,288,0,0,0,0,NoFence,0,5,2006,WD ,Normal,129000,0,0,0,0,1,1,0,0,0,0,0,0,0,0,0,0,0
20,RL,60.0,7200,NoAlley,3.0,Lvl,Inside,2.0,NAmes,Norm,1Fam,1Story,5,7,1950,1950,Hip,Wd Sdng,Wd Sdng,None,0.0,2.0,2.0,CBlock,0.0,0.0,0.0,0.0,0.0,0.0,0.0,0.0,0.0,2.0,Y,1.0,1040,0,0,1040,0.0,0.0,1,0,2,1,2.0,5,Typ,0,0.0,Detchd,1950.0,1.0,2.0,625.0,3.0,2.0,0,0,0,0,0,0,NoFence,0,6,2006,WD ,Normal,109500,0,0,1,0,1,2,0,0,0,0,0,0,0,0,0,0,0
60,RL,64.0,7750,NoAlley,3.0,Lvl,Inside,2.0,Gilbert,RRAn,1Fam,2Story,7,5,2003,2003,Gable,VinylSd,VinylSd,None,0.0,3.0,2.0,PConc,4.0,3.0,1.0,1.0,0.0,1.0,0.0,660.0,660.0,4.0,Y,4.0,660,660,0,1320,0.0,0.0,2,1,3,1,3.0,6,Typ,0,0.0,Attchd,2003.0,3.0,2.0,400.0,3.0,2.0,0,48,0,0,0,0,NoFence,0,8,2007,WD ,Normal,162000,0,0,1,0,1,2,0,0,0,0,0,0,0,0,0,0,0
60,RL,75.0,9743,NoAlley,3.0,Lvl,Inside,2.0,NWAmes,Norm,1Fam,2Story,5,6,1969,1969,Gable,VinylSd,VinylSd,None,0.0,2.0,2.0,CBlock,3.0,2.0,1.0,4.0,280.0,1.0,0.0,440.0,720.0,3.0,Y,4.0,720,588,0,1308,0.0,0.0,1,1,3,1,2.0,7,Typ,0,0.0,Detchd,1969.0,1.0,2.0,484.0,3.0,2.0,0,0,0,0,0,0,NoFence,0,6,2008,WD ,Normal,146900,0,0,1,0,1,2,0,0,0,0,0,0,0,0,0,0,0
80,RL,74.0,10246,NoAlley,2.0,Lvl,CulDSac,2.0,Sawyer,Norm,1Fam,SLvl,4,9,1965,2001,Gable,VinylSd,VinylSd,None,0.0,2.0,3.0,CBlock,3.0,4.0,3.0,6.0,648.0,1.0,0.0,0.0,648.0,4.0,Y,4.0,960,0,0,960,1.0,1.0,0,0,0,1,2.0,3,Typ,0,0.0,Attchd,1965.0,1.0,1.0,364.0,3.0,2.0,88,0,0,0,0,0,NoFence,0,5,2006,WD ,Normal,145000,0,0,1,0,1,2,0,0,0,0,0,0,0,0,0,0,0
160,RM,24.0,1488,NoAlley,3.0,Lvl,Inside,2.0,Blueste,Norm,TwnhsE,2Story,6,6,1980,1992,Gable,MetalSd,MetalSd,None,0.0,2.0,3.0,CBlock,4.0,3.0,2.0,5.0,471.0,1.0,0.0,90.0,561.0,2.0,Y,4.0,561,668,0,1229,1.0,0.0,1,1,2,1,3.0,5,Typ,1,3.0,Attchd,1980.0,3.0,2.0,462.0,3.0,2.0,176,0,0,0,0,0,GdPrv,0,10,2009,WD ,Normal,137000,0,1,1,1,1,4,0,0,0,0,0,0,0,0,0,0,0
20,RL,60.0,6360,NoAlley,3.0,Lvl,Inside,2.0,Sawyer,Norm,1Fam,1Story,5,5,1963,1963,Hip,Wd Sdng,HdBoard,None,0.0,2.0,2.0,CBlock,4.0,4.0,1.0,5.0,489.0,1.0,0.0,375.0,864.0,2.0,Y,4.0,864,0,0,864,0.0,0.0,1,0,3,1,2.0,5,Typ,0,0.0,Attchd,1963.0,1.0,1.0,276.0,3.0,2.0,0,0,0,0,0,0,NoFence,650,1,2008,COD,Abnorml,119916,0,0,1,0,1,2,0,0,0,0,0,0,0,0,0,0,0
90,RL,95.0,11345,NoAlley,3.0,Lvl,Corner,2.0,NAmes,Feedr,Duplex,2Story,5,5,1948,1950,Gable,AsbShng,AsbShng,Stone,567.0,2.0,2.0,CBlock,3.0,3.0,1.0,3.0,220.0,1.0,0.0,708.0,928.0,3.0,Y,3.0,928,992,0,1920,0.0,0.0,2,0,4,2,2.0,10,Typ,0,0.0,Detchd,1948.0,1.0,2.0,400.0,3.0,2.0,0,0,0,0,0,0,NoFence,0,7,2007,WD ,Normal,137000,0,0,1,0,1,2,0,0,0,0,0,0,0,0,0,0,0
70,RL,61.0,7259,NoAlley,2.0,Lvl,Inside,1.0,Crawfor,Norm,1Fam,2Story,6,8,1945,2002,Gambrel,Wd Sdng,Wd Sdng,None,0.0,2.0,2.0,CBlock,3.0,3.0,1.0,5.0,774.0,2.0,150.0,104.0,1028.0,4.0,Y,4.0,1436,884,0,2320,1.0,0.0,2,1,3,1,3.0,9,Typ,1,3.0,Detchd,1945.0,1.0,1.0,180.0,3.0,2.0,224,0,0,0,0,0,MnPrv,0,7,2007,WD ,Normal,259500,0,1,1,1,1,4,0,0,0,0,0,0,0,0,0,0,0
80,RL,70.0,13607,NoAlley,2.0,Lvl,Inside,2.0,Crawfor,Norm,1Fam,SLvl,6,6,1986,1986,Gable,VinylSd,VinylSd,BrkFace,242.0,2.0,3.0,CBlock,3.0,3.0,1.0,5.0,454.0,1.0,0.0,118.0,572.0,3.0,Y,4.0,1182,800,0,1982,1.0,0.0,2,1,3,1,2.0,6,Typ,1,3.0,BuiltIn,1986.0,3.0,2.0,501.0,3.0,2.0,400,112,0,0,0,0,NoFence,1500,4,2009,WD ,Normal,208000,0,1,1,0,1,3,0,0,0,0,0,0,0,0,0,0,0
80,RL,65.0,8385,NoAlley,3.0,Lvl,Inside,2.0,CollgCr,Norm,1Fam,SLvl,5,8,1977,1977,Gable,HdBoard,HdBoard,BrkFace,220.0,3.0,2.0,CBlock,4.0,4.0,3.0,6.0,595.0,1.0,0.0,390.0,985.0,2.0,Y,4.0,985,0,0,985,0.0,0.0,2,0,3,1,2.0,6,Typ,0,0.0,Attchd,1977.0,1.0,1.0,328.0,3.0,2.0,210,0,0,0,0,0,NoFence,0,11,2008,WD ,Normal,149900,0,0,1,0,1,2,0,0,0,0,0,0,0,0,0,0,0
60,RL,75.0,9073,NoAlley,2.0,Lvl,Inside,2.0,Gilbert,Norm,1Fam,2Story,7,5,2006,2006,Gable,VinylSd,VinylSd,None,0.0,3.0,2.0,PConc,4.0,3.0,1.0,1.0,0.0,1.0,0.0,738.0,738.0,4.0,Y,4.0,738,754,0,1492,0.0,0.0,2,1,3,1,3.0,8,Typ,0,0.0,Attchd,2006.0,3.0,2.0,440.0,3.0,2.0,100,32,0,0,0,0,NoFence,0,10,2006,New,Partial,185101,0,0,1,0,1,2,0,0,0,0,0,0,0,0,0,0,0
20,RL,77.0,10010,NoAlley,3.0,Lvl,Inside,1.0,Mitchel,Norm,1Fam,1Story,5,5,1974,1975,Gable,HdBoard,HdBoard,None,0.0,2.0,2.0,CBlock,4.0,3.0,3.0,5.0,1071.0,2.0,123.0,195.0,1389.0,3.0,Y,4.0,1389,0,0,1389,1.0,0.0,1,0,2,1,2.0,6,Typ,1,3.0,Attchd,1975.0,2.0,2.0,418.0,3.0,2.0,240,38,0,0,0,0,NoFence,0,4,2006,WD ,Normal,170000,0,1,1,0,1,3,0,0,0,0,0,0,0,0,0,0,0
50,RL,70.0,10512,NoAlley,3.0,Lvl,Inside,2.0,Edwards,Norm,1Fam,1.5Fin,6,6,1954,1954,Gable,Wd Sdng,Wd Sdng,None,0.0,2.0,2.0,CBlock,3.0,3.0,1.0,4.0,491.0,1.0,0.0,497.0,988.0,4.0,Y,4.0,988,638,0,1626,0.0,0.0,1,1,3,1,3.0,6,Typ,0,0.0,Attchd,1954.0,1.0,1.0,332.0,3.0,2.0,366,0,0,0,0,0,NoFence,0,5,2007,WD ,Normal,154000,0,0,1,0,1,2,0,0,0,0,0,0,0,0,0,0,0
45,RM,50.0,5000,NoAlley,3.0,Bnk,Inside,1.0,BrkSide,Norm,1Fam,1.5Unf,6,7,1926,1950,Gable,MetalSd,MetalSd,None,0.0,2.0,2.0,BrkTil,3.0,3.0,1.0,1.0,0.0,1.0,0.0,992.0,992.0,4.0,Y,4.0,1013,0,0,1013,0.0,0.0,1,0,3,1,2.0,6,Typ,0,0.0,Detchd,1926.0,1.0,1.0,160.0,2.0,2.0,0,0,101,0,0,0,NoFence,0,4,2008,WD ,Normal,113000,0,0,1,0,1,2,0,0,0,0,0,0,0,0,0,0,0
20,RL,72.0,10011,NoAlley,2.0,Lvl,Inside,2.0,NAmes,Norm,1Fam,1Story,5,6,1957,1996,Gable,HdBoard,HdBoard,BrkFace,64.0,2.0,2.0,CBlock,3.0,3.0,1.0,4.0,360.0,1.0,0.0,710.0,1070.0,2.0,Y,4.0,1236,0,0,1236,0.0,1.0,1,0,2,1,3.0,6,Min1,1,2.0,Attchd,1957.0,1.0,1.0,447.0,3.0,2.0,0,0,0,0,0,0,MnPrv,0,5,2006,WD ,Normal,134450,0,1,1,1,1,4,0,0,0,0,0,0,0,0,0,0,0
120,RL,34.0,5063,NoAlley,3.0,Lvl,Inside,2.0,NridgHt,Norm,Twnhs,1Story,7,5,2007,2008,Gable,VinylSd,VinylSd,Stone,166.0,3.0,2.0,PConc,4.0,3.0,1.0,6.0,904.0,1.0,0.0,410.0,1314.0,4.0,Y,4.0,1314,0,0,1314,1.0,0.0,2,0,2,1,3.0,6,Typ,1,4.0,Attchd,2008.0,2.0,2.0,626.0,3.0,2.0,172,62,0,0,0,0,NoFence,0,4,2009,ConLw,Normal,207500,0,1,1,0,1,3,0,0,0,0,0,0,0,0,0,0,0
120,RL,34.0,3903,NoAlley,3.0,Lvl,Inside,2.0,NridgHt,Norm,Twnhs,1Story,6,5,2005,2006,Gable,VinylSd,VinylSd,Stone,182.0,3.0,2.0,PConc,4.0,3.0,3.0,5.0,1030.0,1.0,0.0,272.0,1302.0,4.0,Y,4.0,1302,0,0,1302,1.0,0.0,1,1,1,1,3.0,5,Typ,1,4.0,Attchd,2005.0,2.0,2.0,631.0,3.0,2.0,110,50,0,0,0,0,NoFence,0,5,2007,WD ,Normal,200000,0,1,1,0,1,3,0,0,0,0,0,0,0,0,0,0,0
60,RL,70.0,9453,NoAlley,2.0,Lvl,CulDSac,2.0,SawyerW,RRNe,1Fam,2Story,7,7,1993,2003,Gable,HdBoard,HdBoard,None,0.0,3.0,2.0,PConc,4.0,3.0,1.0,4.0,402.0,1.0,0.0,594.0,996.0,4.0,Y,4.0,1014,730,0,1744,0.0,0.0,2,1,3,1,3.0,7,Typ,0,0.0,Attchd,1993.0,2.0,2.0,457.0,3.0,2.0,370,70,0,238,0,0,NoFence,0,2,2010,WD ,Normal,194500,0,0,1,0,1,2,0,0,0,0,0,0,0,0,0,0,0
50,RL,45.0,8248,Grvl,3.0,Lvl,Inside,2.0,Edwards,Norm,1Fam,1.5Fin,5,7,1918,1950,Gable,Stucco,Stucco,None,0.0,2.0,2.0,BrkTil,3.0,3.0,1.0,1.0,0.0,1.0,0.0,686.0,686.0,3.0,Y,4.0,686,564,0,1250,0.0,1.0,1,1,3,1,1.0,7,Typ,0,0.0,Detchd,1955.0,1.0,1.0,280.0,3.0,1.0,207,0,96,0,0,0,NoFence,0,7,2006,WD ,Normal,116000,0,0,1,0,1,2,0,0,0,0,0,0,0,0,0,0,0
20,RL,91.0,14303,NoAlley,2.0,Lvl,Corner,2.0,NoRidge,Norm,1Fam,1Story,8,5,1994,1994,Hip,HdBoard,HdBoard,BrkFace,554.0,3.0,2.0,PConc,4.0,3.0,4.0,6.0,1314.0,1.0,0.0,672.0,1986.0,4.0,Y,4.0,1987,0,0,1987,1.0,0.0,2,0,2,1,3.0,7,Typ,1,3.0,Attchd,1994.0,3.0,2.0,691.0,3.0,2.0,262,36,0,0,0,0,NoFence,0,8,2008,WD ,Normal,301500,0,1,1,0,1,3,0,0,0,0,0,0,0,0,0,0,0
20,RL,89.0,12898,NoAlley,2.0,HLS,Inside,2.0,Timber,Norm,1Fam,1Story,9,5,2007,2008,Hip,VinylSd,VinylSd,Stone,70.0,3.0,2.0,PConc,5.0,3.0,4.0,6.0,1022.0,1.0,0.0,598.0,1620.0,4.0,Y,4.0,1620,0,0,1620,1.0,0.0,2,0,2,1,4.0,6,Typ,1,5.0,Attchd,2008.0,3.0,3.0,912.0,3.0,2.0,228,0,0,0,0,0,NoFence,0,9,2009,WD ,Normal,315500,0,1,1,0,1,3,0,0,0,0,0,0,0,0,0,0,0
20,RL,65.0,9345,NoAlley,2.0,Lvl,Inside,2.0,CollgCr,Norm,1Fam,1Story,8,5,2007,2007,Gable,VinylSd,VinylSd,Stone,156.0,3.0,2.0,PConc,4.0,3.0,3.0,1.0,0.0,1.0,0.0,1615.0,1615.0,4.0,Y,4.0,1615,0,0,1615,0.0,0.0,2,0,3,1,3.0,7,Typ,1,4.0,Attchd,2007.0,2.0,3.0,864.0,3.0,2.0,168,30,0,0,0,0,NoFence,0,5,2008,WD ,Normal,248500,0,1,1,0,1,3,0,0,0,0,0,0,0,0,0,0,0
60,RL,80.0,10000,NoAlley,3.0,Lvl,Inside,2.0,CollgCr,Norm,1Fam,2Story,8,5,1995,1996,Gable,VinylSd,VinylSd,BrkFace,438.0,3.0,2.0,PConc,4.0,3.0,1.0,6.0,1079.0,1.0,0.0,141.0,1220.0,4.0,Y,4.0,1220,870,0,2090,1.0,0.0,2,1,3,1,3.0,8,Typ,1,3.0,Attchd,1995.0,2.0,2.0,556.0,3.0,2.0,0,65,0,0,0,0,NoFence,0,12,2007,WD ,Normal,240000,0,1,1,0,1,3,0,0,0,0,0,0,0,0,0,0,0
90,RL,60.0,8544,NoAlley,3.0,Lvl,Corner,2.0,NAmes,Norm,Duplex,1Story,3,4,1950,1950,Gable,BrkFace,Stone,None,0.0,2.0,2.0,Slab,0.0,0.0,0.0,0.0,0.0,0.0,0.0,0.0,0.0,1.0,N,1.0,1040,0,0,1040,0.0,0.0,2,0,2,2,2.0,6,Typ,0,0.0,Detchd,1950.0,1.0,2.0,400.0,3.0,2.0,0,0,0,0,0,0,NoFence,0,12,2006,WD ,Normal,81400,0,0,0,0,1,1,0,0,0,0,0,0,0,0,0,0,0
160,RM,21.0,1680,NoAlley,3.0,Lvl,Inside,2.0,BrDale,Norm,Twnhs,2Story,5,5,1971,1971,Gable,HdBoard,HdBoard,BrkFace,142.0,2.0,2.0,CBlock,3.0,3.0,1.0,1.0,0.0,1.0,0.0,630.0,630.0,2.0,Y,4.0,630,672,0,1302,0.0,0.0,2,1,3,1,2.0,6,Typ,0,0.0,Detchd,1991.0,1.0,1.0,280.0,3.0,2.0,0,0,0,0,0,0,NoFence,0,5,2009,COD,Abnorml,112000,0,0,1,0,1,2,0,0,0,0,0,0,0,0,0,0,0
60,RL,65.0,7153,NoAlley,3.0,Lvl,Inside,2.0,SawyerW,Norm,1Fam,2Story,6,5,1992,1992,Gable,VinylSd,VinylSd,None,0.0,3.0,3.0,PConc,4.0,3.0,1.0,5.0,387.0,1.0,0.0,374.0,761.0,4.0,Y,4.0,810,793,0,1603,0.0,0.0,2,1,3,1,3.0,7,Typ,0,0.0,Attchd,1992.0,2.0,2.0,484.0,3.0,2.0,0,124,0,0,0,0,NoFence,0,7,2006,WD ,Normal,175900,0,0,1,0,1,2,0,0,0,0,0,0,0,0,0,0,0
60,RL,60.0,18062,NoAlley,2.0,HLS,CulDSac,2.0,StoneBr,Norm,1Fam,2Story,10,5,2006,2006,Hip,CemntBd,CmentBd,BrkFace,662.0,4.0,2.0,PConc,5.0,3.0,4.0,1.0,0.0,1.0,0.0,1528.0,1528.0,4.0,Y,4.0,1528,1862,0,3390,0.0,0.0,3,1,5,1,4.0,10,Typ,1,5.0,BuiltIn,2006.0,3.0,3.0,758.0,3.0,2.0,204,34,0,0,0,0,NoFence,0,9,2006,New,Partial,545224,0,1,1,0,1,3,0,0,0,0,0,0,0,0,0,0,0
70,RM,57.0,6876,NoAlley,3.0,Lvl,Inside,2.0,IDOTRR,Norm,1Fam,2Story,6,5,1927,1950,Gable,Plywood,Plywood,None,0.0,2.0,2.0,CBlock,3.0,2.0,1.0,4.0,522.0,1.0,0.0,198.0,720.0,1.0,Y,4.0,1146,784,0,1930,1.0,0.0,2,0,4,1,2.0,8,Typ,0,0.0,Attchd,1927.0,1.0,1.0,316.0,3.0,2.0,0,0,213,0,0,0,MnPrv,0,8,2009,WD ,Normal,149000,0,0,1,1,1,3,0,0,0,0,0,0,0,0,0,0,0
60,RL,73.0,8499,NoAlley,2.0,Lvl,Inside,2.0,Gilbert,Norm,1Fam,2Story,6,5,2006,2007,Gable,VinylSd,VinylSd,None,0.0,2.0,2.0,PConc,4.0,3.0,1.0,1.0,0.0,1.0,0.0,616.0,616.0,4.0,Y,4.0,616,796,0,1412,0.0,0.0,2,1,3,1,3.0,6,Typ,1,4.0,BuiltIn,2007.0,3.0,2.0,432.0,3.0,2.0,0,36,0,0,0,0,NoFence,0,3,2007,New,Partial,156932,0,1,1,0,1,3,0,0,0,0,0,0,0,0,0,0,0
70,RM,121.0,17671,Grvl,3.0,Lvl,Corner,2.0,OldTown,Artery,1Fam,2Story,8,9,1882,1986,Gable,Wd Sdng,Wd Sdng,None,0.0,3.0,3.0,BrkTil,3.0,3.0,1.0,4.0,216.0,1.0,0.0,700.0,916.0,3.0,Y,4.0,916,826,0,1742,0.0,0.0,1,1,4,1,3.0,8,Typ,1,4.0,Attchd,1925.0,1.0,2.0,424.0,3.0,1.0,0,169,0,0,0,0,NoFence,0,11,2009,WD ,Normal,168000,0,1,1,0,1,3,0,0,0,0,0,0,0,0,0,0,0
60,RL,91.0,14541,NoAlley,2.0,Lvl,Corner,2.0,NoRidge,Norm,1Fam,2Story,8,7,1993,1993,Gable,MetalSd,MetalSd,None,0.0,3.0,3.0,PConc,4.0,4.0,1.0,6.0,1012.0,1.0,0.0,326.0,1338.0,4.0,Y,4.0,1352,1168,0,2520,1.0,0.0,2,1,5,1,3.0,10,Typ,1,3.0,Attchd,1993.0,2.0,3.0,796.0,3.0,2.0,209,55,0,0,0,0,NoFence,0,11,2006,WD ,Abnorml,310000,0,1,1,0,1,3,0,0,0,0,0,0,0,0,0,0,0
20,RL,72.0,11875,NoAlley,3.0,Lvl,Inside,2.0,Mitchel,Norm,1Fam,1Story,5,5,1999,1999,Gable,VinylSd,VinylSd,None,0.0,2.0,2.0,PConc,4.0,3.0,1.0,1.0,0.0,1.0,0.0,1344.0,1344.0,4.0,Y,4.0,1344,0,0,1344,0.0,0.0,2,0,3,1,2.0,7,Typ,1,4.0,Attchd,2001.0,1.0,2.0,686.0,3.0,2.0,328,0,0,0,0,0,NoFence,0,6,2010,WD ,Normal,166500,0,1,1,0,1,3,0,0,0,0,0,0,0,0,0,0,0
20,RL,65.0,7832,NoAlley,3.0,Lvl,Inside,2.0,Sawyer,Norm,1Fam,1Story,5,5,1968,1968,Hip,HdBoard,HdBoard,None,0.0,2.0,2.0,CBlock,3.0,3.0,1.0,6.0,775.0,1.0,0.0,89.0,864.0,4.0,Y,4.0,864,0,0,864,1.0,0.0,1,0,2,1,2.0,4,Typ,0,0.0,Detchd,1969.0,1.0,1.0,280.0,3.0,2.0,226,0,0,0,0,0,NoFence,0,5,2010,WD ,Normal,137250,0,0,1,0,1,2,0,0,0,0,0,0,0,0,0,0,0
30,RM,60.0,6324,NoAlley,2.0,Lvl,Inside,2.0,BrkSide,Feedr,1Fam,1Story,4,6,1927,1950,Gable,MetalSd,MetalSd,None,0.0,2.0,2.0,BrkTil,3.0,3.0,1.0,1.0,0.0,1.0,0.0,520.0,520.0,1.0,N,4.0,520,0,0,520,0.0,0.0,1,0,1,1,1.0,4,Typ,0,0.0,Detchd,1920.0,1.0,1.0,240.0,2.0,2.0,49,0,87,0,0,0,NoFence,0,5,2008,WD ,Normal,68500,0,0,0,0,1,1,0,0,0,0,0,0,0,0,0,0,0
20,RL,63.0,8500,NoAlley,3.0,Lvl,FR2,2.0,CollgCr,Norm,1Fam,1Story,7,5,2004,2004,Gable,VinylSd,VinylSd,BrkFace,106.0,3.0,2.0,PConc,4.0,3.0,3.0,1.0,0.0,1.0,0.0,1422.0,1422.0,4.0,Y,4.0,1422,0,0,1422,0.0,0.0,2,0,3,1,3.0,7,Typ,0,0.0,Attchd,2004.0,2.0,2.0,626.0,3.0,2.0,192,60,0,0,0,0,NoFence,0,11,2007,WD ,Normal,179600,0,0,1,0,1,2,0,0,0,0,0,0,0,0,0,0,0
20,RL,88.0,11443,NoAlley,3.0,Lvl,Inside,2.0,Timber,Norm,1Fam,1Story,8,5,2005,2006,Hip,VinylSd,VinylSd,BrkFace,208.0,3.0,2.0,PConc,5.0,3.0,4.0,6.0,1460.0,1.0,0.0,408.0,1868.0,4.0,Y,4.0,2028,0,0,2028,1.0,0.0,2,0,2,1,3.0,7,Typ,2,4.0,Attchd,2005.0,2.0,3.0,880.0,3.0,2.0,326,66,0,0,0,0,NoFence,0,3,2006,New,Partial,369900,0,1,1,0,1,3,0,0,0,0,0,0,0,0,0,0,0
80,RL,74.0,10200,NoAlley,3.0,Lvl,Inside,2.0,Sawyer,Norm,1Fam,SLvl,5,8,1970,1970,Hip,HdBoard,HdBoard,None,0.0,2.0,3.0,PConc,4.0,3.0,3.0,5.0,704.0,1.0,0.0,160.0,864.0,4.0,Y,4.0,904,0,0,904,0.0,0.0,1,0,3,1,3.0,5,Typ,0,0.0,2Types,1979.0,1.0,3.0,912.0,3.0,2.0,143,0,0,0,0,0,MnPrv,0,6,2008,WD ,Normal,144000,0,0,1,1,1,3,0,0,0,0,0,0,0,0,0,0,0
160,RM,24.0,1300,NoAlley,3.0,Lvl,Inside,2.0,Blueste,Norm,TwnhsE,2Story,6,6,1980,1980,Gable,MetalSd,MetalSd,None,0.0,2.0,2.0,CBlock,4.0,3.0,1.0,5.0,285.0,1.0,0.0,276.0,561.0,2.0,Y,4.0,561,668,0,1229,0.0,0.0,1,1,2,1,2.0,5,Typ,1,3.0,Attchd,1980.0,3.0,2.0,462.0,3.0,2.0,150,0,0,0,0,0,GdPrv,0,5,2009,WD ,Normal,124000,0,1,1,1,1,4,0,0,0,0,0,0,0,0,0,0,0
60,RL,63.0,8199,NoAlley,3.0,Lvl,Inside,2.0,CollgCr,Norm,1Fam,2Story,7,5,2005,2005,Gable,WdShing,Wd Shng,None,0.0,3.0,2.0,PConc,4.0,3.0,3.0,6.0,648.0,1.0,0.0,80.0,728.0,4.0,Y,4.0,728,728,0,1456,1.0,0.0,2,1,3,1,3.0,7,Typ,1,4.0,Attchd,2005.0,3.0,2.0,410.0,3.0,2.0,36,18,0,0,0,0,NoFence,0,10,2008,WD ,Normal,189000,0,1,1,0,1,3,0,0,0,0,0,0,0,0,0,0,0
20,RL,73.0,39384,NoAlley,2.0,Low,CulDSac,0.0,NAmes,Norm,1Fam,1Story,6,6,1957,1957,Gable,Wd Sdng,Wd Sdng,Stone,902.0,2.0,2.0,CBlock,4.0,3.0,4.0,5.0,1110.0,1.0,0.0,595.0,1705.0,4.0,Y,4.0,1390,0,0,1390,1.0,0.0,1,1,1,1,4.0,4,Min1,2,4.0,Attchd,1957.0,1.0,2.0,550.0,3.0,2.0,0,189,0,0,0,0,NoFence,0,10,2006,WD ,Abnorml,252000,0,1,1,0,1,3,0,0,0,0,0,0,0,0,0,0,0
30,RL,60.0,7290,NoAlley,3.0,Lvl,Corner,2.0,SWISU,Norm,1Fam,1Story,7,8,1921,1950,Gable,WdShing,Wd Shng,BrkFace,174.0,2.0,2.0,BrkTil,3.0,3.0,1.0,1.0,0.0,1.0,0.0,1228.0,1228.0,4.0,Y,4.0,1424,0,0,1424,0.0,0.0,2,0,2,1,2.0,7,Typ,1,4.0,Attchd,1921.0,1.0,1.0,312.0,3.0,2.0,0,0,90,0,0,0,NoFence,0,4,2008,WD ,Normal,168000,0,1,1,0,1,3,0,0,0,0,0,0,0,0,0,0,0
80,RL,62.0,7692,NoAlley,3.0,Bnk,Inside,1.0,Edwards,Norm,1Fam,SLvl,4,6,1954,1954,Gable,Wd Sdng,Wd Sdng,None,0.0,2.0,2.0,CBlock,5.0,3.0,3.0,1.0,0.0,1.0,0.0,416.0,416.0,3.0,Y,3.0,1204,0,0,1204,0.0,0.0,1,0,3,1,2.0,6,Typ,0,0.0,Basment,1954.0,1.0,1.0,312.0,3.0,2.0,0,0,0,0,0,0,NoFence,0,11,2008,WD ,Abnorml,100000,0,0,1,0,1,2,0,0,0,0,0,0,0,0,0,0,0
50,RM,52.0,6240,NoAlley,3.0,Lvl,Inside,2.0,BrkSide,Norm,1Fam,1.5Fin,5,5,1930,1950,Gable,MetalSd,MetalSd,None,0.0,2.0,2.0,BrkTil,3.0,3.0,1.0,2.0,448.0,1.0,0.0,480.0,928.0,2.0,Y,1.0,928,608,0,1536,0.0,0.0,2,0,4,1,2.0,7,Typ,1,4.0,Detchd,1930.0,1.0,2.0,480.0,3.0,2.0,0,10,0,0,0,0,MnPrv,0,3,2010,WD ,Normal,138400,0,1,1,1,1,4,0,0,0,0,0,0,0,0,0,0,0
50,RL,75.0,9525,NoAlley,3.0,Lvl,Inside,2.0,Edwards,Norm,1Fam,1.5Fin,6,4,1954,1972,Gable,Wd Sdng,Wd Sdng,None,0.0,2.0,2.0,CBlock,3.0,2.0,1.0,3.0,444.0,1.0,0.0,550.0,994.0,3.0,Y,4.0,1216,639,0,1855,0.0,0.0,2,0,4,1,2.0,7,Typ,0,0.0,Attchd,1954.0,1.0,1.0,325.0,3.0,2.0,182,0,0,0,0,0,NoFence,0,10,2006,WD ,Normal,136900,0,0,1,0,1,2,0,0,0,0,0,0,0,0,0,0,0
20,RL,86.0,11194,NoAlley,2.0,Lvl,Inside,2.0,Somerst,PosN,1Fam,1Story,8,5,2008,2008,Gable,VinylSd,VinylSd,Stone,240.0,3.0,2.0,PConc,4.0,3.0,2.0,1.0,0.0,1.0,0.0,1696.0,1696.0,4.0,Y,4.0,1696,0,0,1696,0.0,0.0,2,0,3,1,3.0,7,Typ,0,0.0,Attchd,2008.0,2.0,3.0,972.0,3.0,2.0,120,56,0,0,0,0,NoFence,0,9,2009,WD ,Normal,275000,0,0,1,0,1,2,0,0,0,0,0,0,0,0,0,0,0
60,RL,75.0,9157,NoAlley,2.0,Lvl,Corner,2.0,Timber,Norm,1Fam,2Story,7,5,2003,2003,Gable,VinylSd,VinylSd,None,0.0,3.0,2.0,PConc,4.0,3.0,1.0,1.0,0.0,1.0,0.0,912.0,912.0,4.0,Y,4.0,1072,942,0,2014,0.0,0.0,2,1,3,1,3.0,9,Typ,0,0.0,Attchd,2003.0,3.0,2.0,486.0,3.0,2.0,124,114,0,0,0,0,NoFence,0,2,2009,WD ,Abnorml,170000,0,0,1,0,1,2,0,0,0,0,0,0,0,0,0,0,0
20,RL,100.0,17500,NoAlley,3.0,Lvl,Inside,2.0,Crawfor,PosA,1Fam,1Story,7,8,1959,2002,Gable,BrkFace,HdBoard,None,0.0,3.0,3.0,PConc,4.0,3.0,3.0,6.0,1406.0,1.0,0.0,496.0,1902.0,2.0,Y,4.0,1902,0,0,1902,1.0,0.0,2,0,3,1,4.0,7,Typ,2,3.0,Attchd,1959.0,3.0,2.0,567.0,3.0,2.0,0,207,162,0,0,0,NoFence,0,5,2010,WD ,Normal,335000,0,1,1,0,1,3,0,0,0,0,0,0,0,0,0,0,0
160,RM,21.0,1890,NoAlley,3.0,Lvl,Inside,2.0,BrDale,Norm,Twnhs,2Story,6,6,1972,1972,Gable,HdBoard,HdBoard,BrkFace,422.0,2.0,2.0,CBlock,3.0,3.0,1.0,2.0,483.0,1.0,0.0,0.0,483.0,3.0,Y,4.0,483,504,0,987,0.0,0.0,1,1,2,1,2.0,5,Typ,0,0.0,Detchd,1975.0,1.0,1.0,352.0,3.0,2.0,411,0,0,0,0,0,NoFence,0,4,2008,WD ,Normal,100500,0,0,1,0,1,2,0,0,0,0,0,0,0,0,0,0,0
50,RM,81.0,12150,Grvl,3.0,Lvl,Inside,2.0,OldTown,Norm,1Fam,1.5Fin,5,5,1954,1954,Gable,MetalSd,MetalSd,BrkFace,335.0,2.0,2.0,BrkTil,3.0,3.0,1.0,1.0,0.0,1.0,0.0,1050.0,1050.0,4.0,N,1.0,1050,745,0,1795,0.0,0.0,2,0,4,1,2.0,7,Typ,0,0.0,Attchd,1954.0,1.0,1.0,352.0,2.0,2.0,0,0,0,0,0,0,NoFence,0,11,2008,WD ,Normal,131500,0,0,0,0,1,1,0,0,0,0,0,0,0,0,0,0,0
20,RL,114.0,10357,NoAlley,2.0,Lvl,Corner,2.0,SawyerW,Feedr,1Fam,1Story,7,5,1990,1991,Hip,HdBoard,HdBoard,None,0.0,3.0,2.0,PConc,4.0,3.0,2.0,6.0,738.0,1.0,0.0,172.0,910.0,3.0,Y,4.0,1442,0,0,1442,1.0,0.0,2,0,3,1,3.0,6,Typ,1,3.0,Attchd,1990.0,3.0,2.0,719.0,3.0,2.0,0,244,0,0,0,0,NoFence,0,5,2007,WD ,Normal,179900,0,1,1,0,1,3,0,0,0,0,0,0,0,0,0,0,0
85,RL,80.0,16500,NoAlley,3.0,Lvl,Inside,2.0,NWAmes,Norm,1Fam,SFoyer,6,5,1971,1971,Hip,HdBoard,HdBoard,BrkFace,509.0,2.0,2.0,CBlock,4.0,3.0,3.0,6.0,962.0,1.0,0.0,270.0,1232.0,1.0,Y,4.0,1320,0,0,1320,0.0,1.0,2,0,3,1,2.0,5,Typ,1,4.0,Attchd,1971.0,2.0,2.0,495.0,3.0,2.0,0,20,0,0,0,0,NoFence,0,5,2009,WD ,Normal,172500,0,1,1,0,1,3,0,0,0,0,0,0,0,0,0,0,0
120,RL,53.0,4043,NoAlley,3.0,Lvl,Inside,2.0,NPkVill,Norm,TwnhsE,1Story,6,6,1977,1977,Gable,Plywood,Plywood,None,0.0,2.0,2.0,CBlock,4.0,3.0,1.0,5.0,559.0,1.0,0.0,510.0,1069.0,2.0,Y,4.0,1069,0,0,1069,0.0,0.0,2,0,2,1,2.0,4,Typ,0,0.0,Attchd,1977.0,2.0,2.0,440.0,3.0,2.0,0,55,0,0,200,0,NoFence,0,10,2008,COD,Abnorml,140000,0,0,1,0,1,2,0,0,0,0,0,0,0,0,0,0,0
20,RL,80.0,9600,NoAlley,3.0,Lvl,Corner,2.0,NAmes,Norm,1Fam,1Story,5,6,1959,1959,Gable,MetalSd,MetalSd,BrkFace,132.0,2.0,2.0,CBlock,3.0,3.0,1.0,5.0,991.0,1.0,0.0,50.0,1041.0,4.0,Y,4.0,1041,0,0,1041,1.0,0.0,1,0,3,1,2.0,6,Typ,0,0.0,Attchd,1959.0,2.0,1.0,270.0,3.0,2.0,224,88,0,0,0,0,MnPrv,0,7,2009,WD ,Normal,124500,0,0,1,1,1,3,0,0,0,0,0,0,0,0,0,0,0
20,RL,65.0,9750,NoAlley,3.0,Low,Inside,1.0,CollgCr,Norm,1Fam,1Story,5,7,1994,1994,Gable,VinylSd,VinylSd,None,0.0,2.0,2.0,PConc,4.0,3.0,1.0,6.0,722.0,1.0,0.0,268.0,990.0,4.0,Y,4.0,990,0,0,990,1.0,0.0,1,0,3,1,2.0,5,Typ,0,0.0,Detchd,1997.0,1.0,2.0,528.0,3.0,2.0,168,0,0,0,0,0,NoFence,0,8,2008,WD ,Normal,155000,0,0,1,0,1,2,0,0,0,0,0,0,0,0,0,0,0
90,RL,63.0,9297,NoAlley,3.0,Lvl,Inside,2.0,Mitchel,Norm,Duplex,1Story,5,5,1976,1976,Gable,Plywood,Plywood,None,0.0,2.0,2.0,CBlock,3.0,3.0,1.0,5.0,1606.0,1.0,0.0,122.0,1728.0,2.0,Y,4.0,1728,0,0,1728,2.0,0.0,2,0,4,2,2.0,8,Typ,0,0.0,Detchd,1976.0,1.0,2.0,560.0,3.0,2.0,0,0,0,0,0,0,NoFence,0,7,2006,WD ,Family,188000,0,0,1,0,1,2,0,0,0,0,0,0,0,0,0,0,0
120,FV,80.0,3523,Pave,2.0,Lvl,Inside,2.0,Somerst,Norm,TwnhsE,1Story,8,5,2006,2007,Gable,VinylSd,VinylSd,Stone,30.0,3.0,2.0,PConc,4.0,3.0,1.0,6.0,60.0,1.0,0.0,1081.0,1141.0,4.0,Y,4.0,1151,0,0,1151,1.0,0.0,2,0,2,1,3.0,5,Typ,0,0.0,Attchd,2006.0,3.0,2.0,484.0,3.0,2.0,0,60,0,0,0,0,NoFence,0,2,2007,New,Partial,166000,0,0,1,0,1,2,0,0,0,0,0,0,0,0,0,0,0
50,RM,50.0,6000,NoAlley,3.0,Lvl,Inside,2.0,OldTown,Norm,1Fam,1.5Fin,5,7,1950,1970,Gable,Wd Sdng,Wd Sdng,None,0.0,2.0,4.0,CBlock,3.0,3.0,1.0,4.0,384.0,1.0,0.0,384.0,768.0,2.0,Y,3.0,768,560,0,1328,0.0,0.0,1,1,3,1,2.0,6,Typ,0,0.0,Detchd,1950.0,1.0,1.0,308.0,3.0,2.0,0,12,0,0,0,0,MnPrv,0,3,2009,WD ,Normal,129500,0,0,1,1,1,3,0,0,0,0,0,0,0,0,0,0,0
20,RL,56.0,26073,NoAlley,2.0,Lvl,CulDSac,2.0,Crawfor,Norm,1Fam,1Story,5,5,1956,1956,Gable,BrkFace,MetalSd,None,0.0,2.0,2.0,PConc,3.0,3.0,1.0,3.0,1116.0,1.0,0.0,782.0,1898.0,4.0,Y,3.0,1898,0,0,1898,0.0,0.0,2,1,3,1,2.0,7,Typ,2,3.0,Attchd,1956.0,1.0,2.0,484.0,3.0,2.0,0,51,224,0,0,0,MnPrv,0,4,2008,WD ,Normal,236500,0,1,1,1,1,4,0,0,0,0,0,0,0,0,0,0,0
50,RH,70.0,6300,Pave,3.0,Lvl,Corner,2.0,SWISU,Norm,1Fam,1.5Fin,5,4,1938,1950,Gable,MetalSd,MetalSd,BrkFace,88.0,2.0,2.0,PConc,3.0,2.0,1.0,2.0,832.0,1.0,0.0,0.0,832.0,2.0,Y,4.0,832,436,0,1268,0.0,0.0,1,1,3,1,2.0,7,Typ,2,4.0,Basment,1938.0,1.0,1.0,250.0,3.0,2.0,0,0,55,0,0,0,NoFence,0,7,2009,WD ,Abnorml,160000,0,1,1,0,1,3,0,0,0,0,0,0,0,0,0,0,0
120,RL,43.0,3182,NoAlley,3.0,Lvl,Inside,2.0,Blmngtn,Norm,TwnhsE,1Story,7,5,2005,2006,Gable,VinylSd,VinylSd,BrkFace,16.0,3.0,2.0,PConc,4.0,3.0,1.0,6.0,16.0,1.0,0.0,1330.0,1346.0,4.0,Y,4.0,1504,0,0,1504,0.0,0.0,2,0,1,1,3.0,7,Typ,1,4.0,Attchd,2005.0,3.0,2.0,457.0,3.0,2.0,156,0,0,0,0,0,NoFence,0,5,2009,WD ,Normal,181000,0,1,1,0,1,3,0,0,0,0,0,0,0,0,0,0,0
50,RM,60.0,10440,Grvl,3.0,Lvl,Corner,2.0,OldTown,Norm,1Fam,1.5Fin,6,7,1920,1950,Gable,BrkFace,Wd Sdng,None,0.0,3.0,3.0,BrkTil,4.0,3.0,1.0,2.0,493.0,1.0,0.0,1017.0,1510.0,4.0,Y,4.0,1584,1208,0,2792,0.0,0.0,2,0,5,1,2.0,8,Mod,2,3.0,Detchd,1920.0,1.0,2.0,520.0,2.0,2.0,0,547,0,0,480,0,MnPrv,1150,6,2008,WD ,Normal,256000,0,1,1,1,1,4,0,0,0,0,0,0,0,0,0,0,0
70,RL,51.0,9842,NoAlley,3.0,Lvl,Inside,2.0,SWISU,Feedr,1Fam,2Story,5,6,1921,1998,Gable,MetalSd,Wd Sdng,None,0.0,2.0,2.0,BrkTil,3.0,2.0,1.0,1.0,0.0,1.0,0.0,612.0,612.0,4.0,Y,4.0,990,1611,0,2601,0.0,0.0,3,1,4,1,2.0,8,Typ,0,0.0,BuiltIn,1998.0,2.0,2.0,621.0,3.0,2.0,183,0,301,0,0,0,NoFence,0,5,2008,WD ,Normal,189000,0,0,1,0,1,2,0,0,0,0,0,0,0,0,0,0,0
30,RL,40.0,4280,NoAlley,3.0,Lvl,Inside,2.0,Crawfor,Norm,1Fam,1Story,5,6,1913,2002,Gable,WdShing,Stucco,None,0.0,2.0,2.0,PConc,3.0,3.0,1.0,2.0,365.0,1.0,0.0,75.0,440.0,2.0,N,4.0,694,0,0,694,0.0,0.0,1,0,2,1,3.0,4,Typ,1,4.0,Detchd,1990.0,1.0,1.0,352.0,4.0,1.0,0,0,34,0,0,0,MnPrv,0,3,2007,WD ,Normal,90350,0,1,0,1,1,3,0,0,0,0,0,0,0,0,0,0,0
50,RL,60.0,10410,Grvl,3.0,Lvl,Corner,2.0,OldTown,Artery,1Fam,1.5Fin,3,4,1915,1950,Gable,Wd Sdng,Wd Sdng,None,0.0,2.0,2.0,PConc,3.0,3.0,1.0,1.0,0.0,1.0,0.0,672.0,672.0,2.0,Y,4.0,694,520,0,1214,0.0,0.0,1,0,3,1,2.0,6,Typ,0,0.0,Detchd,1998.0,1.0,3.0,936.0,3.0,2.0,216,0,160,0,0,0,MnPrv,0,1,2006,WD ,Family,105000,0,0,1,1,1,3,0,0,0,0,0,0,0,0,0,0,0
60,RL,105.0,11025,NoAlley,3.0,HLS,Inside,1.0,NoRidge,Norm,1Fam,2Story,8,5,1992,1993,Gable,HdBoard,ImStucc,BrkFace,692.0,3.0,2.0,PConc,5.0,3.0,4.0,6.0,1118.0,1.0,0.0,216.0,1334.0,4.0,Y,4.0,1520,1306,0,2826,1.0,0.0,2,1,3,1,3.0,9,Typ,3,3.0,Attchd,1992.0,2.0,3.0,888.0,3.0,2.0,177,208,186,0,0,0,NoFence,0,10,2006,WD ,Normal,334000,0,1,1,0,1,3,0,0,0,0,0,0,0,0,0,0,0
30,RL,60.0,10800,Grvl,3.0,Lvl,Inside,2.0,OldTown,Norm,1Fam,1Story,5,6,1920,1950,Hip,Stucco,Stucco,None,0.0,2.0,2.0,BrkTil,3.0,3.0,1.0,3.0,821.0,1.0,0.0,299.0,1120.0,4.0,Y,4.0,1130,0,0,1130,1.0,0.0,1,0,2,1,2.0,5,Typ,1,4.0,Detchd,1970.0,1.0,2.0,720.0,3.0,2.0,229,0,0,0,0,0,NoFence,0,6,2006,WD ,Normal,120000,0,1,1,0,1,3,0,0,0,0,0,0,0,0,0,0,0
90,RL,72.0,12760,NoAlley,2.0,Lvl,Inside,2.0,Mitchel,Norm,Duplex,1Story,6,5,1976,1976,Gable,Plywood,Plywood,None,0.0,2.0,2.0,CBlock,3.0,3.0,1.0,1.0,0.0,1.0,0.0,1958.0,1958.0,2.0,Y,4.0,2048,0,0,2048,0.0,0.0,3,0,5,2,2.0,9,Typ,0,0.0,2Types,1976.0,1.0,2.0,776.0,3.0,2.0,0,0,0,0,0,0,NoFence,0,3,2010,ConLD,Normal,170000,0,0,1,0,1,2,0,0,0,0,0,0,0,0,0,0,0
50,RL,52.0,7015,NoAlley,2.0,Bnk,Corner,2.0,BrkSide,Norm,1Fam,1.5Fin,5,4,1950,1950,Gable,MetalSd,MetalSd,BrkCmn,161.0,2.0,2.0,CBlock,3.0,3.0,1.0,2.0,185.0,1.0,0.0,524.0,709.0,2.0,Y,4.0,979,224,0,1203,1.0,0.0,1,0,3,1,3.0,5,Typ,1,3.0,Detchd,1950.0,1.0,1.0,352.0,3.0,2.0,0,0,248,0,0,0,NoFence,0,7,2009,WD ,Normal,110000,0,1,1,0,1,3,0,0,0,0,0,0,0,0,0,0,0
20,RL,85.0,10000,NoAlley,3.0,Lvl,Inside,2.0,Somerst,Norm,1Fam,1Story,8,5,2006,2006,Hip,VinylSd,VinylSd,Stone,410.0,3.0,2.0,PConc,4.0,4.0,3.0,1.0,0.0,1.0,0.0,1588.0,1588.0,4.0,Y,4.0,1588,0,0,1588,0.0,0.0,2,0,3,1,3.0,7,Typ,1,4.0,Attchd,2006.0,2.0,3.0,825.0,3.0,2.0,144,45,0,0,0,0,NoFence,0,12,2007,WD ,Normal,227000,0,1,1,0,1,3,0,0,0,0,0,0,0,0,0,0,0
60,RL,80.0,12384,NoAlley,3.0,Lvl,CulDSac,2.0,NWAmes,Norm,1Fam,2Story,7,7,1976,1976,Gable,Plywood,Plywood,BrkFace,233.0,2.0,2.0,CBlock,4.0,3.0,1.0,1.0,0.0,1.0,0.0,793.0,793.0,2.0,Y,4.0,1142,793,0,1935,0.0,0.0,2,1,3,1,2.0,7,Typ,1,3.0,Attchd,1976.0,2.0,2.0,550.0,3.0,2.0,0,113,252,0,0,0,NoFence,0,11,2007,WD ,Normal,197900,0,1,1,0,1,3,0,0,0,0,0,0,0,0,0,0,0
190,RM,60.0,10800,Grvl,3.0,Lvl,Inside,2.0,OldTown,Norm,2fmCon,1.5Fin,6,6,1940,1950,Gable,Wd Sdng,Wd Sdng,None,0.0,2.0,2.0,CBlock,3.0,3.0,1.0,4.0,590.0,1.0,0.0,294.0,884.0,2.0,Y,4.0,884,552,0,1436,0.0,0.0,2,0,3,2,2.0,8,Typ,2,4.0,Detchd,1940.0,1.0,2.0,828.0,3.0,2.0,0,0,126,0,0,0,NoFence,0,5,2008,Con,Normal,155000,0,1,1,0,1,3,0,0,0,0,0,0,0,0,0,0,0
20,RL,72.0,9928,NoAlley,2.0,Lvl,CulDSac,2.0,Mitchel,Norm,1Fam,1Story,7,5,1991,1992,Gable,HdBoard,HdBoard,None,0.0,2.0,2.0,PConc,4.0,3.0,1.0,6.0,1239.0,1.0,0.0,215.0,1454.0,2.0,Y,4.0,1478,0,0,1478,1.0,0.0,2,0,3,1,2.0,6,Typ,1,3.0,Attchd,1991.0,1.0,2.0,506.0,3.0,2.0,114,22,0,0,0,0,NoFence,0,5,2007,WD ,Normal,210000,0,1,1,0,1,3,0,0,0,0,0,0,0,0,0,0,0
60,RL,96.0,13262,NoAlley,2.0,Lvl,Inside,2.0,NridgHt,Norm,1Fam,2Story,8,5,2003,2004,Gable,VinylSd,VinylSd,Stone,186.0,3.0,2.0,PConc,4.0,3.0,1.0,1.0,0.0,1.0,0.0,1082.0,1082.0,4.0,Y,4.0,1105,1295,0,2400,0.0,0.0,3,1,4,1,3.0,10,Typ,1,4.0,BuiltIn,2003.0,3.0,3.0,730.0,3.0,2.0,114,40,0,0,0,0,NoFence,0,6,2009,WD ,Normal,290000,0,1,1,0,1,3,0,0,0,0,0,0,0,0,0,0,0
20,RL,80.0,10000,NoAlley,3.0,Lvl,Corner,2.0,Sawyer,Feedr,1Fam,1Story,5,6,1961,1983,Hip,HdBoard,HdBoard,None,0.0,2.0,2.0,CBlock,3.0,3.0,1.0,4.0,594.0,1.0,0.0,270.0,864.0,4.0,Y,4.0,1144,0,0,1144,1.0,0.0,1,0,3,1,2.0,6,Typ,1,3.0,Attchd,1961.0,2.0,1.0,264.0,3.0,2.0,165,0,0,0,0,0,GdWo,400,3,2009,WD ,Normal,131400,0,1,1,1,1,4,0,0,0,0,0,0,0,0,0,0,0
60,RL,91.0,10010,NoAlley,3.0,Lvl,Inside,2.0,NoRidge,Norm,1Fam,2Story,7,5,1993,1994,Hip,VinylSd,VinylSd,BrkFace,320.0,3.0,2.0,PConc,4.0,3.0,3.0,4.0,228.0,6.0,852.0,0.0,1080.0,4.0,Y,4.0,1108,1089,0,2197,1.0,0.0,2,1,4,1,3.0,9,Typ,1,4.0,Attchd,1993.0,3.0,3.0,783.0,3.0,2.0,385,99,0,0,0,0,NoFence,0,7,2008,WD ,Normal,287500,0,1,1,0,1,3,0,0,0,0,0,0,0,0,0,0,0
20,RL,105.0,15431,NoAlley,3.0,Lvl,Inside,2.0,NridgHt,Norm,1Fam,1Story,10,5,2005,2006,Hip,VinylSd,VinylSd,BrkFace,400.0,4.0,2.0,PConc,5.0,3.0,4.0,6.0,1430.0,1.0,0.0,564.0,1994.0,4.0,Y,4.0,2046,0,0,2046,1.0,0.0,2,1,2,1,4.0,7,Typ,2,4.0,Attchd,2005.0,3.0,3.0,878.0,3.0,2.0,188,65,0,0,175,0,NoFence,0,8,2007,WD ,Normal,450000,0,1,1,0,1,3,0,0,0,0,0,0,0,0,0,0,0
60,RL,84.0,9660,NoAlley,2.0,Lvl,Inside,2.0,NoRidge,Norm,1Fam,2Story,8,5,1998,1998,Gable,VinylSd,VinylSd,BrkFace,242.0,3.0,2.0,PConc,4.0,3.0,1.0,6.0,791.0,1.0,0.0,253.0,1044.0,4.0,Y,4.0,1079,897,0,1976,1.0,0.0,2,1,3,1,3.0,7,Typ,1,5.0,Attchd,1998.0,3.0,3.0,885.0,3.0,2.0,210,31,0,0,0,0,NoFence,0,2,2006,WD ,Normal,286000,0,1,1,0,1,3,0,0,0,0,0,0,0,0,0,0,0
60,RL,57.0,10021,NoAlley,2.0,Lvl,Inside,2.0,CollgCr,Norm,1Fam,2Story,6,6,1997,2006,Gable,VinylSd,VinylSd,None,0.0,2.0,3.0,PConc,4.0,3.0,1.0,6.0,539.0,1.0,0.0,96.0,635.0,4.0,Y,4.0,646,662,0,1308,1.0,0.0,2,1,3,1,3.0,6,Typ,0,0.0,Attchd,1997.0,2.0,2.0,497.0,3.0,2.0,142,54,0,0,0,0,NoFence,0,5,2007,WD ,Normal,175000,0,0,1,0,1,2,0,0,0,0,0,0,0,0,0,0,0
20,RL,137.0,16492,NoAlley,2.0,Lvl,Corner,2.0,NAmes,PosA,1Fam,1Story,6,6,1966,2002,Gable,BrkFace,Plywood,None,0.0,3.0,2.0,CBlock,3.0,3.0,1.0,5.0,247.0,3.0,713.0,557.0,1517.0,4.0,Y,4.0,1888,0,0,1888,0.0,0.0,2,1,2,1,3.0,6,Mod,1,4.0,Attchd,1966.0,3.0,2.0,578.0,3.0,2.0,0,0,0,0,0,0,NoFence,0,6,2010,WD ,Normal,190000,0,1,1,0,1,3,0,0,0,0,0,0,0,0,0,0,0
20,RL,73.0,7340,NoAlley,2.0,Lvl,Inside,2.0,NAmes,Norm,1Fam,1Story,4,6,1971,1971,Gable,HdBoard,HdBoard,None,0.0,2.0,2.0,CBlock,3.0,3.0,1.0,5.0,322.0,1.0,0.0,536.0,858.0,2.0,Y,4.0,858,0,0,858,0.0,0.0,1,0,2,1,2.0,4,Typ,0,0.0,Detchd,1979.0,1.0,1.0,684.0,3.0,2.0,0,0,0,0,0,0,NoFence,0,6,2007,WD ,Normal,110000,0,0,1,0,1,2,0,0,0,0,0,0,0,0,0,0,0
80,RL,64.0,8991,NoAlley,2.0,Lvl,CulDSac,2.0,NWAmes,PosN,1Fam,SLvl,7,6,1976,1976,Gable,Plywood,Plywood,Stone,130.0,2.0,2.0,CBlock,4.0,3.0,4.0,6.0,624.0,3.0,604.0,0.0,1228.0,2.0,Y,4.0,1324,0,0,1324,0.0,1.0,2,0,3,1,3.0,5,Typ,1,2.0,Attchd,1976.0,3.0,2.0,585.0,3.0,2.0,407,36,0,0,0,0,NoFence,0,2,2007,WD ,Normal,174000,0,1,1,0,1,3,0,0,0,0,0,0,0,0,0,0,0
50,RL,55.0,7150,NoAlley,3.0,Lvl,Inside,2.0,NAmes,Norm,1Fam,1.5Fin,4,4,1955,1955,Gable,MetalSd,MetalSd,None,0.0,2.0,2.0,PConc,3.0,3.0,1.0,3.0,150.0,1.0,0.0,1040.0,1190.0,3.0,Y,4.0,1040,500,0,1540,1.0,0.0,1,0,4,1,1.0,7,Typ,0,0.0,Detchd,2002.0,1.0,1.0,352.0,3.0,2.0,0,0,0,0,0,0,NoFence,0,8,2007,WD ,Normal,115000,0,0,1,0,1,2,0,0,0,0,0,0,0,0,0,0,0
60,RL,120.0,15611,NoAlley,3.0,Lvl,Inside,2.0,CollgCr,Norm,1Fam,2Story,8,5,2006,2006,Gable,VinylSd,VinylSd,None,0.0,3.0,2.0,PConc,4.0,3.0,3.0,1.0,0.0,1.0,0.0,1079.0,1079.0,4.0,Y,4.0,1079,840,0,1919,0.0,0.0,2,1,3,1,3.0,8,Typ,1,4.0,Attchd,2006.0,2.0,2.0,685.0,4.0,2.0,0,51,0,0,0,0,NoFence,0,7,2006,New,Partial,233230,0,1,1,0,1,3,0,0,0,0,0,0,0,0,0,0,0
120,FV,32.0,3784,Pave,2.0,Lvl,Inside,2.0,Somerst,Norm,TwnhsE,1Story,8,5,2006,2007,Gable,VinylSd,VinylSd,Stone,36.0,3.0,2.0,PConc,4.0,3.0,1.0,6.0,60.0,1.0,0.0,1451.0,1511.0,4.0,Y,4.0,1565,0,0,1565,1.0,0.0,2,0,2,1,3.0,5,Typ,0,0.0,Attchd,2006.0,3.0,2.0,476.0,3.0,2.0,0,120,0,0,0,0,NoFence,0,2,2007,New,Partial,193800,0,0,1,0,1,2,0,0,0,0,0,0,0,0,0,0,0
20,RL,70.0,25485,NoAlley,2.0,Lvl,CulDSac,2.0,Crawfor,Norm,1Fam,1Story,6,4,1960,1960,Gable,Wd Sdng,MetalSd,BrkFace,423.0,2.0,1.0,CBlock,3.0,4.0,2.0,2.0,540.0,3.0,1020.0,0.0,1560.0,2.0,Y,4.0,1560,0,0,1560,0.0,0.0,1,1,3,1,2.0,6,Typ,3,3.0,Attchd,1960.0,2.0,2.0,580.0,3.0,2.0,0,75,584,0,0,0,NoFence,0,5,2007,WD ,Normal,201000,0,1,1,0,1,3,0,0,0,0,0,0,0,0,0,0,0
60,RL,80.0,10382,NoAlley,2.0,Lvl,Corner,2.0,NWAmes,PosN,1Fam,2Story,7,6,1973,1973,Gable,HdBoard,HdBoard,Stone,240.0,2.0,2.0,CBlock,4.0,3.0,2.0,5.0,859.0,4.0,32.0,216.0,1107.0,4.0,Y,4.0,1107,983,0,2090,1.0,0.0,2,1,3,1,2.0,7,Typ,2,3.0,Attchd,1973.0,2.0,2.0,484.0,3.0,2.0,235,204,228,0,0,0,NoFence,350,11,2009,WD ,Normal,200000,0,1,1,0,1,3,0,0,0,0,0,0,0,0,0,0,0
60,FV,73.0,8010,Pave,2.0,Lvl,Inside,2.0,Somerst,Norm,1Fam,2Story,8,5,2003,2004,Hip,CemntBd,CmentBd,None,0.0,3.0,2.0,PConc,5.0,3.0,1.0,6.0,964.0,1.0,0.0,90.0,1054.0,4.0,Y,4.0,1072,976,0,2048,1.0,0.0,2,1,3,1,3.0,8,Typ,2,4.0,Detchd,2003.0,1.0,2.0,552.0,3.0,2.0,0,48,0,0,180,0,NoFence,0,8,2007,WD ,Normal,301000,0,1,1,0,1,3,0,0,0,0,0,0,0,0,0,0,0
20,RL,73.0,9503,NoAlley,3.0,Lvl,Inside,2.0,NAmes,Norm,1Fam,1Story,5,5,1958,1983,Hip,HdBoard,HdBoard,None,0.0,2.0,2.0,CBlock,3.0,3.0,1.0,5.0,457.0,3.0,374.0,193.0,1024.0,2.0,Y,4.0,1344,0,0,1344,1.0,0.0,1,0,2,1,2.0,6,Min1,1,3.0,Detchd,1970.0,1.0,1.0,484.0,3.0,2.0,316,28,0,0,0,0,GdWo,0,6,2007,WD ,Normal,144000,0,1,1,1,1,4,0,0,0,0,0,0,0,0,0,0,0
80,RL,85.0,13400,NoAlley,3.0,Lvl,Inside,2.0,NAmes,Norm,1Fam,SLvl,5,5,1966,1966,Gable,VinylSd,VinylSd,BrkFace,1047.0,2.0,2.0,CBlock,3.0,3.0,3.0,5.0,516.0,4.0,128.0,380.0,1024.0,2.0,Y,4.0,1086,0,0,1086,1.0,0.0,1,0,3,1,2.0,6,Typ,1,4.0,Attchd,1966.0,2.0,2.0,484.0,3.0,2.0,0,0,0,0,0,0,GdWo,0,6,2006,WD ,Normal,159950,0,1,1,1,1,4,0,0,0,0,0,0,0,0,0,0,0
60,RL,80.0,9600,NoAlley,3.0,Lvl,Inside,2.0,NWAmes,Norm,1Fam,2Story,7,5,1974,1974,Gable,Plywood,Plywood,BrkFace,252.0,2.0,2.0,CBlock,3.0,3.0,1.0,5.0,698.0,1.0,0.0,467.0,1165.0,3.0,Y,4.0,1165,896,0,2061,0.0,1.0,2,1,4,1,2.0,8,Typ,1,3.0,Attchd,1974.0,2.0,2.0,498.0,3.0,2.0,0,77,0,0,196,0,NoFence,0,5,2009,COD,Abnorml,168500,0,1,1,0,1,3,0,0,0,0,0,0,0,0,0,0,0
20,RL,80.0,10928,NoAlley,3.0,Lvl,Inside,2.0,NWAmes,Norm,1Fam,1Story,6,6,1978,1986,Gable,VinylSd,VinylSd,BrkFace,101.0,2.0,2.0,PConc,3.0,3.0,1.0,2.0,363.0,1.0,0.0,1064.0,1427.0,2.0,Y,4.0,1671,0,0,1671,0.0,0.0,2,0,3,1,2.0,7,Typ,1,3.0,Attchd,1978.0,2.0,2.0,484.0,3.0,2.0,252,55,0,0,0,0,NoFence,0,8,2009,WD ,Normal,200000,0,1,1,0,1,3,0,0,0,0,0,0,0,0,0,0,0
60,RL,88.0,11134,NoAlley,3.0,Lvl,Inside,2.0,NoRidge,Norm,1Fam,2Story,8,5,1992,1993,Gable,HdBoard,HdBoard,BrkFace,180.0,3.0,2.0,PConc,4.0,3.0,1.0,6.0,1129.0,1.0,0.0,261.0,1390.0,4.0,Y,4.0,1402,823,0,2225,1.0,0.0,2,1,4,1,3.0,7,Typ,1,3.0,Attchd,1992.0,2.0,3.0,713.0,3.0,2.0,198,30,0,0,0,0,NoFence,0,6,2010,WD ,Normal,285000,0,1,1,0,1,3,0,0,0,0,0,0,0,0,0,0,0
50,RM,52.0,9439,NoAlley,3.0,Lvl,Inside,2.0,OldTown,Norm,1Fam,1.5Fin,5,5,1930,1950,Gable,Wd Sdng,Wd Sdng,None,0.0,2.0,2.0,CBlock,3.0,3.0,1.0,2.0,324.0,1.0,0.0,588.0,912.0,3.0,Y,3.0,912,336,0,1248,0.0,0.0,1,0,2,1,2.0,6,Typ,0,0.0,Detchd,1957.0,1.0,1.0,160.0,2.0,2.0,0,0,192,0,0,0,NoFence,0,3,2007,WD ,Normal,87000,0,0,1,0,1,2,0,0,0,0,0,0,0,0,0,0,0
20,RL,91.0,11024,NoAlley,2.0,Lvl,Corner,2.0,SawyerW,Norm,1Fam,1Story,7,5,2005,2006,Gable,VinylSd,VinylSd,BrkFace,118.0,3.0,2.0,PConc,4.0,3.0,3.0,1.0,0.0,1.0,0.0,1400.0,1400.0,4.0,Y,4.0,1400,0,0,1400,0.0,0.0,2,0,3,1,3.0,6,Typ,0,0.0,Attchd,2005.0,2.0,2.0,612.0,3.0,2.0,144,55,0,0,0,0,NoFence,0,10,2006,New,Partial,186800,0,0,1,0,1,2,0,0,0,0,0,0,0,0,0,0,0
80,RL,80.0,9600,NoAlley,3.0,Lvl,Inside,2.0,NAmes,Norm,1Fam,SLvl,6,6,1955,1996,Hip,AsbShng,AsbShng,None,0.0,2.0,2.0,CBlock,3.0,3.0,3.0,4.0,831.0,1.0,0.0,161.0,992.0,3.0,Y,4.0,1661,0,0,1661,1.0,0.0,1,0,3,1,3.0,8,Typ,1,3.0,BuiltIn,1955.0,2.0,1.0,377.0,3.0,2.0,0,28,0,0,178,0,MnPrv,0,10,2008,WD ,Normal,165500,0,1,1,1,1,4,0,0,0,0,0,0,0,0,0,0,0
20,RL,91.0,11825,NoAlley,3.0,Lvl,Inside,2.0,NridgHt,Norm,1Fam,1Story,8,5,2006,2007,Gable,CemntBd,CmentBd,Stone,302.0,3.0,2.0,PConc,5.0,3.0,2.0,1.0,0.0,1.0,0.0,1694.0,1694.0,4.0,Y,4.0,1694,0,0,1694,0.0,0.0,2,0,3,1,3.0,7,Typ,1,4.0,Attchd,2006.0,2.0,3.0,856.0,3.0,2.0,0,112,0,0,0,0,NoFence,0,6,2007,New,Partial,322400,0,1,1,0,1,3,0,0,0,0,0,0,0,0,0,0,0
50,RM,50.0,6000,NoAlley,3.0,Lvl,Corner,2.0,BrkSide,Norm,1Fam,1.5Fin,6,7,1929,1950,Gable,WdShing,Wd Shng,None,0.0,2.0,2.0,BrkTil,3.0,3.0,1.0,1.0,0.0,1.0,0.0,862.0,862.0,2.0,Y,4.0,950,208,0,1158,0.0,0.0,1,0,3,1,2.0,5,Typ,1,4.0,BuiltIn,1929.0,2.0,1.0,208.0,3.0,2.0,0,0,112,0,0,0,NoFence,0,7,2008,WD ,Normal,120000,0,1,1,0,1,3,0,0,0,0,0,0,0,0,0,0,0
190,RM,60.0,10800,Pave,3.0,Lvl,Inside,2.0,OldTown,Norm,2fmCon,1.5Fin,6,7,1905,2000,Gable,Wd Sdng,Wd Sdng,None,0.0,2.0,2.0,BrkTil,2.0,3.0,1.0,1.0,0.0,1.0,0.0,482.0,482.0,4.0,N,4.0,1221,691,0,1912,0.0,0.0,2,0,3,2,2.0,7,Typ,1,3.0,Detchd,2003.0,1.0,2.0,672.0,4.0,2.0,0,25,212,0,0,0,NoFence,0,4,2008,WD ,Normal,163000,0,1,0,0,1,2,0,0,0,0,0,0,0,0,0,0,0
50,RM,50.0,6000,NoAlley,3.0,Lvl,Inside,2.0,BrkSide,Norm,1Fam,1.5Fin,4,6,1936,1950,Gable,MetalSd,MetalSd,None,0.0,2.0,2.0,BrkTil,3.0,3.0,1.0,4.0,672.0,1.0,0.0,0.0,672.0,2.0,Y,4.0,757,567,0,1324,0.0,0.0,1,0,3,1,2.0,6,Typ,0,0.0,Detchd,1936.0,1.0,1.0,240.0,3.0,2.0,0,0,0,0,0,0,NoFence,0,7,2009,WD ,Normal,128000,0,0,1,0,1,2,0,0,0,0,0,0,0,0,0,0,0
60,RL,118.0,35760,NoAlley,2.0,Lvl,CulDSac,2.0,NoRidge,Norm,1Fam,2Story,10,5,1995,1996,Hip,HdBoard,HdBoard,BrkFace,1378.0,3.0,3.0,PConc,5.0,3.0,4.0,6.0,1387.0,1.0,0.0,543.0,1930.0,4.0,Y,4.0,1831,1796,0,3627,1.0,0.0,3,1,4,1,3.0,10,Typ,1,3.0,Attchd,1995.0,3.0,3.0,807.0,3.0,2.0,361,76,0,0,0,0,NoFence,0,7,2006,WD ,Normal,625000,0,1,1,0,1,3,0,0,0,0,0,0,0,0,0,0,0
20,RL,48.0,17043,NoAlley,2.0,Lvl,CulDSac,2.0,NWAmes,Norm,1Fam,1Story,6,5,1979,1998,Gable,HdBoard,HdBoard,None,0.0,2.0,3.0,CBlock,4.0,2.0,1.0,1.0,0.0,1.0,0.0,1362.0,1362.0,2.0,Y,4.0,1586,0,0,1586,0.0,0.0,2,0,3,1,2.0,7,Typ,1,3.0,Attchd,1979.0,1.0,2.0,435.0,3.0,2.0,192,0,0,0,0,0,NoFence,0,1,2009,WD ,Normal,181000,0,1,1,0,1,3,0,0,0,0,0,0,0,0,0,0,0
20,RL,72.0,10152,NoAlley,3.0,Lvl,Inside,2.0,NAmes,Norm,1Fam,1Story,6,6,1956,1994,Gable,Wd Sdng,Wd Sdng,None,0.0,2.0,2.0,CBlock,3.0,3.0,3.0,4.0,914.0,1.0,0.0,210.0,1124.0,4.0,Y,4.0,1124,0,0,1124,1.0,0.0,1,0,3,1,2.0,6,Typ,1,3.0,Attchd,1956.0,3.0,1.0,353.0,3.0,2.0,0,211,180,0,142,0,NoFence,0,5,2006,WD ,Normal,153000,0,1,1,0,1,3,0,0,0,0,0,0,0,0,0,0,0
20,RL,75.0,9375,NoAlley,3.0,Lvl,Corner,2.0,Edwards,Norm,1Fam,1Story,4,5,1954,1954,Gable,MetalSd,MetalSd,None,0.0,2.0,3.0,CBlock,3.0,3.0,1.0,3.0,799.0,1.0,0.0,168.0,967.0,4.0,Y,4.0,1350,0,0,1350,0.0,0.0,1,1,3,1,2.0,6,Typ,1,4.0,Attchd,1954.0,2.0,2.0,504.0,3.0,2.0,237,0,0,0,0,0,NoFence,0,6,2006,WD ,Normal,146000,0,1,1,0,1,3,0,0,0,0,0,0,0,0,0,0,0
60,RL,99.0,16779,NoAlley,3.0,Lvl,Inside,2.0,Sawyer,Feedr,1Fam,2Story,5,4,1920,1996,Gable,Wd Sdng,Wd Sdng,BrkFace,356.0,2.0,1.0,CBlock,4.0,3.0,1.0,4.0,267.0,1.0,0.0,404.0,671.0,1.0,Y,4.0,1567,1087,0,2654,0.0,0.0,3,0,4,1,2.0,11,Mod,1,4.0,Attchd,1946.0,1.0,2.0,638.0,3.0,2.0,128,570,0,0,0,0,NoFence,500,5,2007,WD ,Normal,158000,0,1,1,0,1,3,0,0,0,0,0,0,0,0,0,0,0
60,RL,73.0,8814,NoAlley,3.0,Lvl,Inside,2.0,NAmes,Feedr,1Fam,2Story,5,6,1968,1968,Gable,MetalSd,MetalSd,None,0.0,2.0,2.0,CBlock,3.0,3.0,1.0,2.0,732.0,1.0,0.0,0.0,732.0,4.0,Y,4.0,732,732,0,1464,0.0,0.0,1,1,4,1,2.0,7,Typ,0,0.0,Attchd,1968.0,1.0,2.0,470.0,3.0,2.0,0,40,0,0,0,0,NoFence,0,6,2008,WD ,Normal,141000,0,0,1,0,1,2,0,0,0,0,0,0,0,0,0,0,0
70,RL,80.0,16560,NoAlley,2.0,Lvl,Inside,2.0,Crawfor,Norm,1Fam,2Story,6,8,1932,1950,Gable,Wd Sdng,Wd Sdng,None,0.0,2.0,2.0,BrkTil,4.0,3.0,1.0,3.0,503.0,1.0,0.0,449.0,952.0,2.0,Y,4.0,1170,1175,0,2345,0.0,0.0,2,1,4,1,2.0,9,Typ,1,4.0,Detchd,1932.0,1.0,2.0,360.0,3.0,2.0,0,0,0,0,0,0,NoFence,0,7,2006,WD ,Normal,239000,0,1,1,0,1,3,0,0,0,0,0,0,0,0,0,0,0
20,RL,73.0,16133,NoAlley,3.0,HLS,Inside,2.0,Edwards,Norm,1Fam,1Story,5,4,1969,1969,Gable,HdBoard,Plywood,None,0.0,2.0,2.0,CBlock,4.0,3.0,2.0,5.0,847.0,1.0,0.0,329.0,1176.0,2.0,Y,4.0,1176,0,0,1176,1.0,0.0,1,0,2,1,2.0,5,Typ,0,0.0,Attchd,1969.0,1.0,1.0,360.0,3.0,2.0,0,92,0,0,112,0,NoFence,0,12,2006,WD ,Abnorml,119900,0,0,1,0,1,2,0,0,0,0,0,0,0,0,0,0,0
20,RL,95.0,13015,NoAlley,3.0,Lvl,Corner,2.0,CollgCr,Norm,1Fam,1Story,5,6,1996,1996,Gable,VinylSd,VinylSd,None,0.0,2.0,3.0,PConc,4.0,3.0,1.0,1.0,0.0,1.0,0.0,1100.0,1100.0,4.0,Y,4.0,1100,0,0,1100,0.0,0.0,1,1,3,1,2.0,5,Typ,0,0.0,Attchd,1996.0,2.0,2.0,462.0,3.0,2.0,0,0,0,0,0,0,NoFence,0,6,2006,WD ,Normal,145000,0,0,1,0,1,2,0,0,0,0,0,0,0,0,0,0,0
20,RL,73.0,8990,NoAlley,2.0,Lvl,Inside,2.0,CollgCr,Norm,1Fam,1Story,7,5,2006,2006,Gable,VinylSd,VinylSd,None,0.0,3.0,2.0,PConc,4.0,3.0,2.0,1.0,0.0,1.0,0.0,1498.0,1498.0,4.0,Y,4.0,1498,0,0,1498,0.0,0.0,2,0,2,1,3.0,5,Typ,0,0.0,Attchd,2006.0,2.0,2.0,675.0,3.0,2.0,351,33,0,0,0,0,NoFence,0,4,2006,New,Partial,204900,0,0,1,0,1,2,0,0,0,0,0,0,0,0,0,0,0
120,RL,53.0,4045,NoAlley,3.0,Lvl,Inside,2.0,Blmngtn,Norm,TwnhsE,1Story,7,5,2006,2006,Hip,VinylSd,VinylSd,BrkFace,45.0,3.0,2.0,PConc,4.0,3.0,3.0,6.0,1070.0,1.0,0.0,286.0,1356.0,4.0,Y,4.0,1500,0,0,1500,1.0,0.0,2,0,2,1,3.0,6,Typ,1,4.0,Attchd,2006.0,3.0,3.0,648.0,3.0,2.0,161,20,0,0,0,0,NoFence,0,10,2006,New,Partial,246578,0,1,1,0,1,3,0,0,0,0,0,0,0,0,0,0,0
60,RL,62.0,7984,NoAlley,2.0,Lvl,Inside,2.0,Gilbert,Norm,1Fam,2Story,7,5,2004,2005,Gable,VinylSd,VinylSd,BrkFace,200.0,3.0,2.0,PConc,4.0,3.0,1.0,1.0,0.0,1.0,0.0,868.0,868.0,4.0,Y,4.0,868,762,0,1630,0.0,0.0,2,1,3,1,3.0,7,Typ,1,4.0,BuiltIn,2004.0,3.0,2.0,436.0,3.0,2.0,120,48,0,0,0,0,NoFence,0,9,2009,WD ,Normal,189500,0,1,1,0,1,3,0,0,0,0,0,0,0,0,0,0,0
80,RL,125.0,14419,NoAlley,2.0,Lvl,Corner,2.0,Timber,Norm,1Fam,SLvl,7,5,1987,1989,Hip,Plywood,Plywood,BrkFace,310.0,2.0,2.0,PConc,4.0,3.0,4.0,6.0,904.0,5.0,624.0,117.0,1645.0,4.0,Y,4.0,1479,0,0,1479,2.0,0.0,2,1,3,1,3.0,7,Min1,1,2.0,Attchd,1987.0,3.0,2.0,578.0,3.0,2.0,224,238,0,0,0,0,NoFence,0,7,2009,WD ,Normal,213500,0,1,1,0,1,3,0,0,0,0,0,0,0,0,0,0,0
50,RL,45.0,7506,NoAlley,3.0,Lvl,Corner,2.0,OldTown,Norm,1Fam,1.5Fin,5,8,1925,1950,Gable,VinylSd,VinylSd,None,0.0,2.0,3.0,PConc,3.0,3.0,1.0,1.0,0.0,1.0,0.0,747.0,747.0,2.0,Y,4.0,747,412,0,1159,0.0,0.0,1,0,3,1,2.0,5,Typ,0,0.0,Detchd,1932.0,1.0,1.0,288.0,2.0,0.0,84,0,96,0,0,0,NoFence,0,5,2008,WD ,Normal,114000,0,0,1,0,1,2,0,0,0,0,0,0,0,0,0,0,0
20,RL,107.0,13891,NoAlley,3.0,Lvl,Inside,2.0,NridgHt,Norm,1Fam,1Story,9,5,2007,2007,Hip,VinylSd,VinylSd,Stone,456.0,4.0,2.0,PConc,5.0,3.0,4.0,6.0,1812.0,1.0,0.0,740.0,2552.0,4.0,Y,4.0,2552,0,0,2552,1.0,0.0,2,0,3,1,4.0,8,Typ,2,5.0,Attchd,2007.0,3.0,3.0,932.0,3.0,2.0,130,28,0,0,0,0,NoFence,0,10,2007,New,Partial,479069,0,1,1,0,1,3,0,0,0,0,0,0,0,0,0,0,0
20,RL,83.0,10159,NoAlley,2.0,Lvl,Inside,2.0,NridgHt,Norm,1Fam,1Story,9,5,2009,2010,Hip,VinylSd,VinylSd,Stone,450.0,4.0,2.0,PConc,5.0,3.0,3.0,6.0,1646.0,1.0,0.0,284.0,1930.0,4.0,Y,4.0,1940,0,0,1940,1.0,0.0,2,1,3,1,4.0,8,Typ,1,4.0,Attchd,2010.0,3.0,3.0,606.0,3.0,2.0,168,95,0,0,0,0,NoFence,0,4,2010,New,Partial,395192,0,1,1,0,1,3,0,0,0,0,0,0,0,0,0,0,0
60,RL,80.0,12511,NoAlley,2.0,Lvl,Corner,2.0,NWAmes,Norm,1Fam,2Story,7,7,1978,1978,Mansard,Plywood,Plywood,BrkFace,168.0,3.0,2.0,PConc,4.0,3.0,1.0,5.0,988.0,1.0,0.0,432.0,1420.0,4.0,Y,4.0,1420,1420,0,2840,0.0,1.0,2,1,4,1,3.0,8,Min2,2,4.0,Attchd,1978.0,3.0,4.0,1314.0,3.0,2.0,0,16,0,0,208,0,MnPrv,0,12,2008,WD ,Normal,292500,0,1,1,1,1,4,0,0,0,0,0,0,0,0,0,0,0
20,RL,75.0,11235,NoAlley,3.0,Lvl,Inside,2.0,Sawyer,Norm,1Fam,1Story,4,5,1963,1979,Gable,HdBoard,HdBoard,BrkFace,51.0,2.0,2.0,CBlock,3.0,3.0,1.0,3.0,547.0,1.0,0.0,504.0,1051.0,3.0,Y,4.0,1382,0,0,1382,0.0,0.0,1,1,3,1,2.0,6,Typ,1,1.0,Attchd,1974.0,1.0,2.0,459.0,3.0,2.0,0,82,0,0,0,0,NoFence,0,10,2006,WD ,Normal,148000,0,1,1,0,1,3,0,0,0,0,0,0,0,0,0,0,0
20,RL,63.0,7560,NoAlley,3.0,Lvl,Inside,2.0,NAmes,Norm,1Fam,1Story,5,5,1971,1971,Hip,MetalSd,MetalSd,None,0.0,2.0,2.0,CBlock,4.0,3.0,1.0,3.0,119.0,5.0,613.0,132.0,864.0,2.0,Y,4.0,864,0,0,864,1.0,0.0,1,0,3,1,2.0,5,Typ,0,0.0,Detchd,1977.0,1.0,2.0,576.0,3.0,2.0,0,0,0,0,0,0,NoFence,0,5,2008,WD ,Normal,123000,0,0,1,0,1,2,0,0,0,0,0,0,0,0,0,0,0
60,RL,70.0,9531,NoAlley,2.0,Lvl,CulDSac,2.0,CollgCr,Norm,1Fam,2Story,6,5,1998,1998,Gable,VinylSd,VinylSd,None,0.0,2.0,2.0,PConc,4.0,3.0,2.0,6.0,706.0,1.0,0.0,88.0,794.0,4.0,Y,4.0,882,914,0,1796,1.0,0.0,2,1,3,1,2.0,7,Typ,0,0.0,Attchd,1998.0,2.0,2.0,546.0,3.0,2.0,0,36,0,0,0,0,MnPrv,0,5,2007,WD ,Normal,211000,0,0,1,1,1,3,0,0,0,0,0,0,0,0,0,0,0
20,RL,76.0,10612,NoAlley,3.0,Lvl,Inside,2.0,Somerst,Norm,1Fam,1Story,8,5,2006,2006,Gable,VinylSd,VinylSd,BrkFace,248.0,3.0,2.0,PConc,4.0,3.0,2.0,6.0,28.0,1.0,0.0,1496.0,1524.0,3.0,Y,4.0,1534,0,0,1534,0.0,0.0,2,0,3,1,3.0,7,Typ,1,4.0,Attchd,2006.0,3.0,2.0,484.0,3.0,2.0,168,46,0,0,0,0,NoFence,0,1,2007,WD ,Family,215000,0,1,1,0,1,3,0,0,0,0,0,0,0,0,0,0,0
20,RL,95.0,12182,NoAlley,3.0,Lvl,Corner,2.0,NridgHt,Norm,1Fam,1Story,7,5,2005,2005,Gable,VinylSd,VinylSd,BrkFace,226.0,3.0,2.0,PConc,4.0,3.0,2.0,4.0,1201.0,1.0,0.0,340.0,1541.0,4.0,Y,4.0,1541,0,0,1541,0.0,0.0,2,0,3,1,3.0,7,Typ,1,4.0,Attchd,2005.0,2.0,2.0,532.0,3.0,2.0,0,70,0,0,0,0,NoFence,0,5,2010,New,Partial,220000,0,1,1,0,1,3,0,0,0,0,0,0,0,0,0,0,0
190,RL,195.0,41600,NoAlley,2.0,Lvl,FR2,2.0,Gilbert,Norm,2fmCon,1Story,5,5,1969,1990,Gable,HdBoard,HdBoard,None,0.0,2.0,2.0,CBlock,4.0,3.0,4.0,5.0,1047.0,1.0,0.0,53.0,1100.0,2.0,Y,4.0,1424,0,0,1424,1.0,0.0,1,1,3,1,2.0,7,Mod,0,0.0,2Types,1969.0,1.0,3.0,828.0,3.0,0.0,144,0,0,0,0,0,NoFence,0,11,2007,WD ,Normal,155000,0,0,1,0,1,2,0,0,0,0,0,0,0,0,0,0,0
30,RM,60.0,7200,NoAlley,3.0,Lvl,Corner,2.0,OldTown,Norm,1Fam,1Story,5,7,1940,1992,Gable,MetalSd,MetalSd,Stone,294.0,2.0,3.0,CBlock,3.0,3.0,1.0,4.0,510.0,1.0,0.0,278.0,788.0,2.0,Y,4.0,804,0,0,804,1.0,0.0,1,0,2,1,3.0,4,Typ,2,4.0,Attchd,1940.0,1.0,1.0,240.0,3.0,2.0,0,0,154,0,0,0,MnPrv,0,2,2010,WD ,Abnorml,119000,0,1,1,1,1,4,0,0,0,0,0,0,0,0,0,0,0
20,RL,65.0,25095,NoAlley,2.0,Low,Inside,0.0,ClearCr,Norm,1Fam,1Story,5,8,1968,2003,Flat,Wd Sdng,Wd Sdng,None,0.0,2.0,2.0,CBlock,3.0,3.0,4.0,6.0,1324.0,1.0,0.0,113.0,1437.0,4.0,Y,4.0,1473,0,0,1473,2.0,0.0,1,0,1,1,4.0,5,Typ,2,4.0,Attchd,1968.0,1.0,1.0,452.0,3.0,2.0,0,48,0,0,60,0,NoFence,0,6,2009,WD ,Partial,143000,0,1,1,0,1,3,0,0,0,0,0,0,0,0,0,0,0
70,RL,120.0,13728,NoAlley,3.0,Lvl,Corner,2.0,Edwards,Norm,1Fam,2Story,6,7,1935,1986,Hip,Stucco,Stucco,None,0.0,2.0,2.0,CBlock,3.0,3.0,1.0,3.0,626.0,1.0,0.0,501.0,1127.0,4.0,Y,4.0,1236,872,0,2108,0.0,0.0,2,0,4,1,3.0,7,Typ,2,3.0,Basment,1935.0,1.0,2.0,540.0,3.0,2.0,0,0,0,0,90,0,NoFence,0,7,2008,WD ,Normal,235000,0,1,1,0,1,3,0,0,0,0,0,0,0,0,0,0,0
20,RL,70.0,7945,NoAlley,3.0,Lvl,Inside,2.0,NAmes,Norm,1Fam,1Story,5,6,1959,1959,Gable,BrkFace,Wd Sdng,None,0.0,2.0,2.0,CBlock,3.0,3.0,1.0,5.0,179.0,4.0,506.0,465.0,1150.0,4.0,Y,3.0,1150,0,0,1150,1.0,0.0,1,0,3,1,2.0,6,Typ,0,0.0,Attchd,1959.0,2.0,1.0,300.0,3.0,2.0,0,0,0,0,0,0,NoFence,0,5,2006,WD ,Normal,141000,0,0,1,0,1,2,0,0,0,0,0,0,0,0,0,0,0
120,RL,44.0,6442,NoAlley,2.0,Lvl,Inside,2.0,NridgHt,Norm,TwnhsE,1Story,8,5,2006,2006,Gable,VinylSd,VinylSd,Stone,178.0,3.0,2.0,PConc,4.0,4.0,2.0,6.0,24.0,1.0,0.0,1346.0,1370.0,4.0,Y,4.0,1370,0,0,1370,0.0,0.0,2,0,2,1,3.0,6,Typ,1,4.0,Attchd,2006.0,2.0,2.0,484.0,3.0,2.0,120,49,0,0,0,0,NoFence,0,10,2007,WD ,Normal,202500,0,1,1,0,1,3,0,0,0,0,0,0,0,0,0,0,0
70,RL,60.0,7200,NoAlley,3.0,Lvl,Corner,2.0,OldTown,Artery,1Fam,2Story,7,9,1910,2008,Gable,VinylSd,VinylSd,None,0.0,3.0,3.0,PConc,3.0,3.0,1.0,1.0,0.0,1.0,0.0,560.0,560.0,4.0,Y,4.0,930,760,0,1690,0.0,0.0,2,0,4,1,3.0,5,Typ,0,0.0,Detchd,2008.0,1.0,2.0,624.0,3.0,2.0,0,0,112,0,0,0,NoFence,0,8,2009,WD ,Normal,156500,0,0,1,0,1,2,0,0,0,0,0,0,0,0,0,0,0
120,RL,53.0,3922,NoAlley,3.0,Lvl,Inside,2.0,Blmngtn,Norm,TwnhsE,1Story,7,5,2006,2007,Gable,VinylSd,VinylSd,BrkFace,72.0,3.0,2.0,PConc,5.0,3.0,3.0,1.0,0.0,1.0,0.0,1258.0,1258.0,4.0,Y,4.0,1402,0,0,1402,0.0,2.0,0,2,2,1,3.0,7,Typ,1,4.0,Attchd,2006.0,3.0,3.0,648.0,3.0,2.0,120,16,0,0,0,0,NoFence,0,2,2007,New,Partial,194201,0,1,1,0,1,3,0,0,0,0,0,0,0,0,0,0,0
20,RL,100.0,10004,NoAlley,3.0,Lvl,Inside,2.0,NAmes,Norm,1Fam,1Story,6,6,1964,1964,Gable,HdBoard,Plywood,BrkFace,180.0,2.0,2.0,CBlock,3.0,3.0,1.0,3.0,196.0,4.0,345.0,975.0,1516.0,2.0,Y,4.0,1516,0,0,1516,0.0,0.0,1,1,3,1,2.0,6,Typ,0,0.0,Attchd,1964.0,2.0,2.0,472.0,3.0,2.0,0,0,0,0,152,0,NoFence,0,2,2009,WD ,Normal,167000,0,0,1,0,1,2,0,0,0,0,0,0,0,0,0,0,0
50,RM,52.0,6240,NoAlley,3.0,Lvl,Inside,2.0,BrkSide,Norm,1Fam,1.5Fin,5,8,1939,1952,Gable,Wd Sdng,Wd Sdng,None,0.0,2.0,3.0,BrkTil,3.0,3.0,1.0,3.0,48.0,1.0,0.0,624.0,672.0,4.0,Y,4.0,899,423,0,1322,1.0,0.0,1,0,4,1,2.0,7,Typ,0,0.0,Detchd,1939.0,1.0,1.0,280.0,3.0,2.0,0,0,0,0,0,0,MnPrv,0,7,2007,WD ,Normal,132000,0,0,1,1,1,3,0,0,0,0,0,0,0,0,0,0,0
20,RL,65.0,6500,NoAlley,3.0,Lvl,Inside,2.0,Edwards,Norm,1Fam,1Story,6,6,1976,1976,Hip,HdBoard,Plywood,BrkFace,84.0,2.0,2.0,CBlock,3.0,5.0,1.0,4.0,1033.0,1.0,0.0,94.0,1127.0,2.0,Y,4.0,1127,0,0,1127,0.0,1.0,1,1,3,1,2.0,6,Typ,1,1.0,Detchd,1991.0,1.0,2.0,480.0,3.0,2.0,0,0,138,0,0,0,NoFence,0,5,2008,WD ,Normal,135000,0,1,1,0,1,3,0,0,0,0,0,0,0,0,0,0,0
30,C (all),60.0,10200,Grvl,3.0,Lvl,Inside,2.0,IDOTRR,Norm,1Fam,1Story,4,6,1925,1950,Gable,MetalSd,MetalSd,None,0.0,2.0,2.0,BrkTil,3.0,3.0,1.0,1.0,0.0,1.0,0.0,572.0,572.0,1.0,N,0.0,572,0,0,572,0.0,0.0,1,0,2,1,2.0,4,Typ,0,0.0,Detchd,1940.0,1.0,1.0,200.0,3.0,0.0,0,0,72,0,0,0,NoFence,0,5,2009,WD ,Normal,75000,0,0,0,0,1,1,0,0,0,0,0,0,0,0,0,0,0
160,RL,24.0,2308,NoAlley,3.0,Lvl,Corner,2.0,NPkVill,Norm,TwnhsE,2Story,6,6,1976,1976,Gable,Plywood,Brk Cmn,None,0.0,2.0,2.0,CBlock,4.0,3.0,1.0,5.0,556.0,1.0,0.0,248.0,804.0,2.0,Y,4.0,804,744,0,1548,1.0,0.0,2,1,3,1,3.0,7,Typ,1,3.0,Detchd,1976.0,1.0,2.0,440.0,3.0,2.0,48,0,0,0,0,0,NoFence,0,7,2007,WD ,Normal,155000,0,1,1,0,1,3,0,0,0,0,0,0,0,0,0,0,0
20,RL,122.0,11923,NoAlley,2.0,Lvl,Corner,2.0,CollgCr,Norm,1Fam,1Story,9,5,2007,2007,Gable,VinylSd,VinylSd,None,0.0,3.0,2.0,PConc,5.0,3.0,1.0,1.0,0.0,1.0,0.0,1800.0,1800.0,4.0,Y,4.0,1800,0,0,1800,0.0,0.0,2,0,2,1,4.0,7,Typ,0,0.0,Attchd,2007.0,3.0,2.0,702.0,3.0,2.0,288,136,0,0,0,0,NoFence,0,5,2009,WD ,Normal,239000,0,0,1,0,1,2,0,0,0,0,0,0,0,0,0,0,0
20,RL,60.0,7200,NoAlley,3.0,Lvl,Corner,2.0,NAmes,Norm,1Fam,1Story,5,7,1951,2000,Gable,Wd Sdng,Wd Sdng,None,0.0,2.0,2.0,CBlock,3.0,3.0,2.0,4.0,234.0,3.0,486.0,180.0,900.0,2.0,Y,4.0,900,0,0,900,0.0,1.0,1,0,3,1,3.0,5,Typ,0,0.0,Detchd,2005.0,1.0,2.0,576.0,3.0,2.0,222,32,0,0,0,0,NoFence,0,5,2010,WD ,Normal,134800,0,0,1,0,1,2,0,0,0,0,0,0,0,0,0,0,0
50,C (all),52.0,5150,NoAlley,3.0,Lvl,Corner,2.0,IDOTRR,Feedr,1Fam,1.5Fin,4,7,1910,2000,Gable,Plywood,Plywood,None,0.0,2.0,2.0,PConc,1.0,3.0,1.0,1.0,0.0,1.0,0.0,356.0,356.0,2.0,N,3.0,671,378,0,1049,0.0,0.0,1,0,2,1,2.0,5,Typ,0,0.0,Detchd,1910.0,1.0,1.0,195.0,1.0,0.0,0,0,0,0,0,0,NoFence,0,5,2008,WD ,Normal,80900,0,0,0,0,1,1,0,0,0,0,0,0,0,0,0,0,0
20,RL,68.0,9520,NoAlley,3.0,Bnk,Inside,1.0,Edwards,Norm,1Fam,1Story,4,5,1953,1953,Gable,MetalSd,MetalSd,Stone,115.0,2.0,2.0,CBlock,4.0,3.0,1.0,3.0,767.0,1.0,0.0,144.0,911.0,2.0,Y,4.0,930,0,0,930,0.0,0.0,1,0,2,1,2.0,5,Typ,0,0.0,Attchd,1953.0,2.0,1.0,286.0,3.0,2.0,134,0,0,0,0,0,MnPrv,3000,5,2008,WD ,Normal,99000,0,0,1,1,1,3,0,0,0,0,0,0,0,0,0,0,0
20,RL,42.0,10331,NoAlley,3.0,Lvl,CulDSac,2.0,Timber,Norm,1Fam,1Story,7,7,1985,1985,Gable,Plywood,Plywood,None,0.0,2.0,2.0,CBlock,4.0,3.0,1.0,5.0,215.0,4.0,80.0,970.0,1265.0,3.0,Y,4.0,1240,0,0,1240,0.0,1.0,2,0,3,1,3.0,6,Typ,0,0.0,Attchd,1985.0,1.0,2.0,528.0,3.0,2.0,232,0,0,0,0,0,NoFence,0,7,2007,WD ,Normal,174000,0,0,1,0,1,2,0,0,0,0,0,0,0,0,0,0,0
60,RL,98.0,12256,NoAlley,2.0,Lvl,Corner,2.0,NoRidge,Norm,1Fam,2Story,8,5,1994,1995,Gable,HdBoard,HdBoard,BrkFace,362.0,3.0,2.0,PConc,5.0,3.0,3.0,6.0,1032.0,1.0,0.0,431.0,1463.0,4.0,Y,4.0,1500,1122,0,2622,1.0,0.0,2,1,3,1,3.0,9,Typ,2,3.0,Attchd,1994.0,2.0,2.0,712.0,3.0,2.0,186,32,0,0,0,0,NoFence,0,4,2010,WD ,Normal,325000,0,1,1,0,1,3,0,0,0,0,0,0,0,0,0,0,0
20,RL,74.0,10206,NoAlley,3.0,Lvl,Corner,2.0,Edwards,Norm,1Fam,1Story,3,3,1952,1952,Flat,BrkComm,Brk Cmn,None,0.0,2.0,2.0,Slab,0.0,0.0,0.0,0.0,0.0,0.0,0.0,0.0,0.0,1.0,N,1.0,944,0,0,944,0.0,0.0,1,0,2,1,1.0,4,Min1,0,0.0,Detchd,1956.0,1.0,2.0,528.0,3.0,2.0,0,0,0,0,0,0,NoFence,0,7,2009,WD ,Normal,82000,0,0,0,0,1,1,0,0,0,0,0,0,0,0,0,0,0
50,RM,50.0,6125,NoAlley,3.0,Lvl,Inside,2.0,BrkSide,Norm,1Fam,1.5Fin,5,7,1939,1998,Gable,MetalSd,MetalSd,None,0.0,2.0,3.0,CBlock,3.0,3.0,1.0,3.0,306.0,1.0,0.0,422.0,728.0,4.0,Y,4.0,728,546,0,1274,0.0,0.0,2,0,3,1,2.0,6,Typ,0,0.0,Detchd,1939.0,1.0,1.0,224.0,2.0,2.0,0,0,192,0,0,0,NoFence,0,3,2007,CWD,Normal,135000,0,0,1,0,1,2,0,0,0,0,0,0,0,0,0,0,0
20,RL,65.0,8767,NoAlley,2.0,Lvl,Inside,2.0,CollgCr,Norm,1Fam,1Story,7,5,2005,2005,Gable,VinylSd,VinylSd,None,0.0,3.0,2.0,PConc,4.0,3.0,3.0,6.0,24.0,1.0,0.0,1286.0,1310.0,4.0,Y,4.0,1310,0,0,1310,0.0,0.0,2,0,3,1,3.0,6,Typ,1,4.0,Attchd,2005.0,3.0,2.0,400.0,3.0,2.0,0,0,0,0,0,0,NoFence,0,7,2006,New,Partial,164990,0,1,1,0,1,3,0,0,0,0,0,0,0,0,0,0,0
60,RL,41.0,12460,NoAlley,2.0,Lvl,FR2,2.0,Gilbert,RRAn,1Fam,2Story,7,5,1999,2000,Gable,VinylSd,VinylSd,None,0.0,3.0,2.0,PConc,4.0,3.0,1.0,6.0,870.0,1.0,0.0,167.0,1037.0,4.0,Y,4.0,1037,1285,0,2322,0.0,0.0,2,1,4,1,2.0,8,Typ,1,3.0,BuiltIn,1999.0,3.0,2.0,400.0,3.0,2.0,144,44,0,0,0,0,NoFence,0,5,2008,WD ,Normal,225000,0,1,1,0,1,3,0,0,0,0,0,0,0,0,0,0,0
60,RL,63.0,7875,NoAlley,3.0,Lvl,Inside,2.0,Gilbert,Norm,1Fam,2Story,7,5,2003,2003,Gable,VinylSd,VinylSd,None,0.0,3.0,2.0,PConc,4.0,3.0,1.0,1.0,0.0,1.0,0.0,783.0,783.0,4.0,Y,4.0,807,702,0,1509,0.0,0.0,2,1,3,1,3.0,8,Typ,1,4.0,Attchd,2003.0,3.0,2.0,393.0,3.0,2.0,0,75,0,0,0,0,NoFence,0,7,2006,WD ,Normal,180000,0,1,1,0,1,3,0,0,0,0,0,0,0,0,0,0,0
20,RL,80.0,17400,NoAlley,3.0,Low,Inside,1.0,Mitchel,Norm,1Fam,1Story,5,5,1977,1977,Gable,BrkFace,BrkFace,None,0.0,2.0,2.0,CBlock,3.0,3.0,1.0,5.0,936.0,1.0,0.0,190.0,1126.0,1.0,Y,4.0,1126,0,0,1126,1.0,0.0,2,0,3,1,2.0,5,Typ,1,4.0,Attchd,1977.0,2.0,2.0,484.0,3.0,1.0,295,41,0,0,0,0,NoFence,0,5,2006,WD ,Normal,160000,0,1,1,0,1,3,0,0,0,0,0,0,0,0,0,0,0
90,RL,76.0,10260,NoAlley,3.0,Lvl,Inside,2.0,Mitchel,Norm,Duplex,2Story,5,4,1976,1976,Gable,Plywood,Plywood,None,0.0,2.0,2.0,CBlock,0.0,0.0,0.0,0.0,0.0,0.0,0.0,0.0,0.0,2.0,Y,4.0,936,936,0,1872,0.0,0.0,2,2,4,2,2.0,8,Typ,0,0.0,Attchd,1976.0,1.0,2.0,484.0,3.0,2.0,0,0,0,0,0,0,NoFence,0,11,2008,WD ,Abnorml,100000,0,0,1,0,1,2,0,0,0,0,0,0,0,0,0,0,0
60,FV,75.0,9803,NoAlley,3.0,Lvl,Inside,2.0,Somerst,Norm,1Fam,2Story,7,5,2005,2005,Gable,VinylSd,VinylSd,None,0.0,3.0,2.0,PConc,4.0,3.0,1.0,6.0,400.0,1.0,0.0,466.0,866.0,3.0,Y,4.0,866,902,0,1768,0.0,0.0,2,1,3,1,3.0,7,Typ,0,0.0,Attchd,2005.0,2.0,2.0,603.0,3.0,2.0,0,108,0,0,0,0,NoFence,0,2,2008,WD ,Normal,226700,0,0,1,0,1,2,0,0,0,0,0,0,0,0,0,0,0
80,RL,67.0,13300,NoAlley,2.0,Lvl,Inside,2.0,Gilbert,Norm,1Fam,SLvl,7,5,2004,2004,Gable,VinylSd,VinylSd,None,0.0,3.0,2.0,PConc,4.0,3.0,1.0,6.0,326.0,1.0,0.0,58.0,384.0,4.0,Y,4.0,744,630,0,1374,1.0,0.0,2,1,3,1,3.0,7,Typ,1,4.0,BuiltIn,2004.0,3.0,2.0,400.0,3.0,2.0,100,0,0,0,0,0,NoFence,0,6,2010,WD ,Normal,184500,0,1,1,0,1,3,0,0,0,0,0,0,0,0,0,0,0
45,RM,51.0,6120,NoAlley,3.0,Lvl,Inside,2.0,BrkSide,Norm,1Fam,1.5Unf,5,7,1939,1950,Gable,AsbShng,AsbShng,None,0.0,3.0,2.0,BrkTil,3.0,3.0,1.0,1.0,0.0,1.0,0.0,884.0,884.0,4.0,Y,4.0,884,0,0,884,0.0,0.0,1,0,2,1,2.0,5,Typ,0,0.0,Detchd,1939.0,1.0,1.0,240.0,3.0,2.0,0,0,136,0,0,0,MnPrv,0,7,2007,WD ,Normal,113000,0,0,1,1,1,3,0,0,0,0,0,0,0,0,0,0,0
60,FV,75.0,9375,NoAlley,3.0,Lvl,Inside,2.0,Somerst,Norm,1Fam,2Story,7,5,2003,2004,Gable,VinylSd,VinylSd,None,0.0,3.0,2.0,PConc,4.0,3.0,1.0,1.0,0.0,1.0,0.0,912.0,912.0,4.0,Y,4.0,912,1182,0,2094,0.0,0.0,2,1,4,1,3.0,8,Typ,1,4.0,BuiltIn,2003.0,3.0,2.0,615.0,3.0,2.0,182,182,0,0,0,0,NoFence,0,11,2009,WD ,Normal,263000,0,1,1,0,1,3,0,0,0,0,0,0,0,0,0,0,0
50,RL,60.0,9060,NoAlley,3.0,Lvl,Inside,2.0,Edwards,Norm,1Fam,1.5Fin,6,5,1939,1950,Gable,WdShing,Wd Shng,None,0.0,2.0,2.0,BrkTil,3.0,3.0,2.0,3.0,204.0,1.0,0.0,356.0,560.0,2.0,Y,4.0,698,560,0,1258,0.0,0.0,1,0,2,1,2.0,6,Typ,0,0.0,Detchd,1939.0,1.0,1.0,280.0,3.0,1.0,0,0,0,0,0,0,MnPrv,0,10,2009,WD ,Normal,105000,0,0,1,1,1,3,0,0,0,0,0,0,0,0,0,0,0
70,RL,67.0,8777,NoAlley,3.0,Bnk,Inside,2.0,Edwards,Feedr,1Fam,2Story,4,6,1910,2000,Gable,Plywood,Plywood,None,0.0,2.0,3.0,CBlock,4.0,3.0,1.0,3.0,173.0,4.0,337.0,166.0,676.0,3.0,Y,4.0,760,676,0,1436,1.0,0.0,2,0,3,1,2.0,6,Min1,0,0.0,Attchd,1950.0,1.0,2.0,528.0,3.0,2.0,147,0,0,0,0,0,NoFence,420,10,2006,WD ,Normal,98000,0,0,1,0,1,2,0,0,0,0,0,0,0,0,0,0,0
60,FV,66.0,7399,Pave,2.0,Lvl,Inside,2.0,Somerst,Norm,1Fam,2Story,7,5,1997,1998,Hip,VinylSd,VinylSd,BrkFace,1600.0,3.0,2.0,PConc,4.0,3.0,1.0,4.0,649.0,1.0,0.0,326.0,975.0,4.0,Y,4.0,975,975,0,1950,0.0,0.0,2,1,3,1,3.0,7,Typ,1,3.0,Detchd,1997.0,2.0,2.0,576.0,3.0,2.0,0,10,0,0,198,0,NoFence,0,6,2007,WD ,Normal,239000,0,1,1,0,1,3,0,0,0,0,0,0,0,0,0,0,0
60,RL,70.0,8462,NoAlley,2.0,Lvl,Inside,2.0,SawyerW,Norm,1Fam,2Story,6,5,1994,1994,Gable,HdBoard,HdBoard,BrkFace,105.0,3.0,3.0,PConc,4.0,4.0,1.0,6.0,814.0,1.0,0.0,114.0,928.0,4.0,Y,4.0,936,785,0,1721,0.0,1.0,2,1,3,1,3.0,7,Typ,0,0.0,Attchd,1994.0,2.0,2.0,471.0,3.0,2.0,300,87,0,0,0,0,NoFence,0,7,2007,WD ,Normal,201000,0,0,1,0,1,2,0,0,0,0,0,0,0,0,0,0,0
50,RM,60.0,6000,NoAlley,3.0,Lvl,Inside,2.0,IDOTRR,Norm,1Fam,1.5Fin,6,8,1940,2006,Gable,VinylSd,VinylSd,None,0.0,2.0,2.0,CBlock,2.0,3.0,1.0,1.0,0.0,1.0,0.0,720.0,720.0,3.0,Y,4.0,760,330,0,1090,0.0,0.0,1,0,3,1,2.0,5,Typ,0,0.0,Detchd,1940.0,1.0,1.0,240.0,3.0,2.0,0,0,0,0,0,0,NoFence,0,7,2008,WD ,Normal,120000,0,0,1,0,1,2,0,0,0,0,0,0,0,0,0,0,0
20,RL,72.0,8885,NoAlley,2.0,Low,Inside,1.0,Mitchel,Norm,1Fam,1Story,5,5,1983,1983,Gable,HdBoard,HdBoard,None,0.0,2.0,2.0,CBlock,4.0,3.0,3.0,4.0,301.0,5.0,324.0,239.0,864.0,2.0,Y,4.0,902,0,0,902,1.0,0.0,1,0,2,1,2.0,5,Typ,0,0.0,Attchd,1983.0,1.0,2.0,484.0,3.0,2.0,164,0,0,0,0,0,MnPrv,0,6,2006,WD ,Normal,131000,0,0,1,1,1,3,0,0,0,0,0,0,0,0,0,0,0
50,RM,50.0,5000,NoAlley,3.0,Lvl,Inside,2.0,BrkSide,Feedr,1Fam,1.5Fin,5,7,1941,2006,Gable,Wd Sdng,Wd Sdng,None,0.0,2.0,3.0,CBlock,3.0,3.0,1.0,5.0,600.0,1.0,0.0,72.0,672.0,4.0,Y,4.0,832,378,0,1210,0.0,0.0,1,0,3,1,3.0,6,Typ,0,0.0,Detchd,1941.0,1.0,1.0,240.0,3.0,1.0,0,0,0,0,0,0,NoFence,0,5,2008,WD ,Normal,124000,0,0,1,0,1,2,0,0,0,0,0,0,0,0,0,0,0
120,RL,40.0,6792,NoAlley,2.0,Lvl,Inside,2.0,NridgHt,Norm,TwnhsE,1Story,7,5,2005,2006,Gable,VinylSd,VinylSd,Stone,94.0,3.0,2.0,PConc,4.0,3.0,1.0,1.0,0.0,1.0,0.0,1368.0,1368.0,4.0,Y,4.0,1368,0,0,1368,0.0,0.0,2,0,2,1,3.0,6,Typ,1,4.0,Attchd,2005.0,2.0,2.0,474.0,3.0,2.0,132,35,0,0,0,0,NoFence,0,3,2006,New,Partial,202665,0,1,1,0,1,3,0,0,0,0,0,0,0,0,0,0,0
90,RL,70.0,7939,NoAlley,3.0,Lvl,Inside,2.0,SawyerW,Feedr,Duplex,2Story,7,5,2000,2000,Hip,VinylSd,VinylSd,BrkFace,23.0,2.0,2.0,PConc,5.0,3.0,1.0,6.0,820.0,1.0,0.0,348.0,1168.0,4.0,Y,4.0,1168,1619,0,2787,2.0,0.0,4,2,6,2,2.0,8,Typ,2,3.0,BuiltIn,2000.0,3.0,4.0,820.0,3.0,2.0,312,0,0,0,0,0,NoFence,0,10,2009,WD ,Normal,269500,0,1,1,0,1,3,0,0,0,0,0,0,0,0,0,0,0
70,RL,114.0,19950,NoAlley,3.0,Lvl,Corner,2.0,Edwards,Norm,1Fam,2Story,6,7,1928,1950,Gable,WdShing,Plywood,None,0.0,2.0,2.0,PConc,3.0,3.0,1.0,1.0,0.0,1.0,0.0,672.0,672.0,4.0,Y,4.0,1337,672,0,2009,0.0,0.0,2,0,4,1,2.0,8,Typ,2,4.0,2Types,1928.0,1.0,3.0,795.0,3.0,1.0,0,42,0,0,180,0,NoFence,0,12,2006,WD ,Normal,235000,0,1,1,0,1,3,0,0,0,0,0,0,0,0,0,0,0
160,RM,41.0,2665,NoAlley,3.0,Lvl,Inside,2.0,MeadowV,Norm,TwnhsE,2Story,5,7,1976,1976,Gable,CemntBd,CmentBd,None,0.0,2.0,2.0,PConc,4.0,3.0,1.0,5.0,318.0,1.0,0.0,232.0,550.0,2.0,Y,4.0,925,550,0,1475,0.0,0.0,2,0,4,1,2.0,6,Typ,1,3.0,Attchd,1976.0,1.0,1.0,336.0,3.0,2.0,92,26,0,0,0,0,NoFence,0,5,2008,WD ,Normal,129500,0,1,1,0,1,3,0,0,0,0,0,0,0,0,0,0,0
20,RL,60.0,7332,NoAlley,3.0,Lvl,Inside,2.0,NAmes,Norm,1Fam,1Story,6,6,1959,1959,Gable,WdShing,Wd Shng,BrkFace,207.0,2.0,2.0,CBlock,3.0,3.0,1.0,4.0,414.0,1.0,0.0,450.0,864.0,4.0,Y,4.0,864,0,0,864,1.0,0.0,1,0,2,1,3.0,4,Typ,0,0.0,Attchd,1959.0,1.0,1.0,288.0,3.0,2.0,168,0,0,0,0,0,NoFence,0,10,2006,WD ,Abnorml,120000,0,0,1,0,1,2,0,0,0,0,0,0,0,0,0,0,0
60,RL,50.0,8480,NoAlley,2.0,Lvl,Inside,2.0,SawyerW,Norm,1Fam,2Story,6,5,1993,1994,Gable,HdBoard,HdBoard,BrkFace,120.0,3.0,2.0,PConc,4.0,3.0,1.0,6.0,602.0,1.0,0.0,284.0,886.0,4.0,Y,4.0,886,794,0,1680,0.0,1.0,2,1,3,1,3.0,7,Typ,0,0.0,Attchd,1993.0,2.0,2.0,474.0,3.0,2.0,144,96,0,0,0,0,NoFence,0,10,2008,WD ,Normal,163000,0,0,1,0,1,2,0,0,0,0,0,0,0,0,0,0,0
20,RL,72.0,23730,NoAlley,1.0,Lvl,Inside,2.0,Mitchel,Norm,1Fam,1Story,7,5,1996,1997,Gable,MetalSd,MetalSd,BrkFace,668.0,3.0,2.0,PConc,5.0,3.0,2.0,6.0,700.0,1.0,0.0,1140.0,1840.0,4.0,Y,4.0,2032,0,0,2032,1.0,0.0,3,0,3,1,3.0,7,Typ,0,0.0,Attchd,1996.0,3.0,3.0,786.0,3.0,2.0,0,46,192,0,0,0,NoFence,0,9,2008,WD ,Normal,300000,0,0,1,0,1,2,0,0,0,0,0,0,0,0,0,0,0
120,RM,64.0,5587,NoAlley,2.0,HLS,Inside,1.0,Crawfor,Norm,TwnhsE,1Story,8,5,2008,2008,Hip,CemntBd,CmentBd,Stone,186.0,4.0,2.0,PConc,5.0,3.0,4.0,6.0,1480.0,1.0,0.0,120.0,1600.0,4.0,Y,4.0,1652,0,0,1652,1.0,1.0,2,0,2,1,3.0,5,Typ,1,4.0,Attchd,2008.0,3.0,2.0,482.0,3.0,2.0,162,53,0,153,0,0,NoFence,0,11,2008,New,Partial,392500,0,1,1,0,1,3,0,0,0,0,0,0,0,0,0,0,0
75,RM,70.0,6300,NoAlley,3.0,Lvl,Corner,2.0,OldTown,Norm,1Fam,2.5Unf,7,6,1910,2005,Gable,Wd Sdng,Wd Sdng,None,0.0,2.0,2.0,BrkTil,3.0,3.0,1.0,1.0,0.0,1.0,0.0,1226.0,1226.0,4.0,Y,4.0,1226,878,0,2104,0.0,0.0,2,0,5,1,2.0,9,Typ,0,0.0,Detchd,1910.0,1.0,2.0,432.0,2.0,1.0,0,341,88,0,0,0,NoFence,0,7,2006,WD ,Normal,155000,0,0,1,0,1,2,0,0,0,0,0,0,0,0,0,0,0
20,RL,93.0,12030,NoAlley,3.0,Lvl,Inside,2.0,NridgHt,Norm,1Fam,1Story,8,5,2007,2007,Hip,VinylSd,VinylSd,BrkFace,254.0,4.0,2.0,PConc,5.0,3.0,1.0,1.0,0.0,1.0,0.0,1694.0,1694.0,4.0,Y,4.0,1694,0,0,1694,0.0,0.0,2,0,3,1,3.0,7,Typ,0,0.0,Attchd,2007.0,3.0,3.0,818.0,3.0,2.0,168,228,0,0,0,0,NoFence,0,12,2007,New,Partial,318000,0,0,1,0,1,2,0,0,0,0,0,0,0,0,0,0,0
50,RM,60.0,9600,Grvl,3.0,Lvl,Inside,2.0,OldTown,Norm,1Fam,1.5Fin,5,8,1925,1994,Gambrel,VinylSd,VinylSd,None,0.0,2.0,2.0,PConc,3.0,3.0,2.0,1.0,0.0,1.0,0.0,702.0,702.0,3.0,Y,4.0,842,630,0,1472,0.0,0.0,1,0,3,1,3.0,6,Typ,0,0.0,Detchd,1925.0,1.0,1.0,250.0,3.0,1.0,0,0,84,0,0,0,GdWo,0,7,2007,WD ,Normal,125000,0,0,1,1,1,3,0,0,0,0,0,0,0,0,0,0,0
20,RL,68.0,9450,NoAlley,3.0,Bnk,Inside,1.0,Edwards,Norm,1Fam,1Story,4,5,1954,1954,Gable,MetalSd,MetalSd,None,0.0,2.0,2.0,CBlock,3.0,3.0,1.0,2.0,552.0,1.0,0.0,342.0,894.0,4.0,Y,4.0,894,0,0,894,0.0,0.0,1,0,3,1,2.0,5,Typ,0,0.0,Detchd,1999.0,1.0,2.0,400.0,3.0,2.0,0,0,0,0,0,0,NoFence,0,5,2007,WD ,Abnorml,110000,0,0,1,0,1,2,0,0,0,0,0,0,0,0,0,0,0
20,RL,73.0,11332,NoAlley,2.0,Lvl,Corner,2.0,NAmes,Norm,1Fam,1Story,5,7,1960,2000,Gable,Wd Sdng,Wd Sdng,None,0.0,2.0,2.0,CBlock,3.0,3.0,1.0,4.0,528.0,1.0,0.0,590.0,1118.0,4.0,Y,4.0,1118,0,0,1118,1.0,0.0,1,0,3,1,3.0,6,Typ,0,0.0,Attchd,1960.0,2.0,1.0,264.0,3.0,2.0,290,0,0,0,0,0,MnPrv,0,8,2008,WD ,Normal,153000,0,0,1,1,1,3,0,0,0,0,0,0,0,0,0,0,0
60,RL,46.0,20544,NoAlley,2.0,Lvl,CulDSac,2.0,NWAmes,Norm,1Fam,2Story,7,6,1986,1991,Gable,Plywood,Plywood,BrkFace,123.0,2.0,3.0,CBlock,4.0,3.0,1.0,1.0,0.0,1.0,0.0,791.0,791.0,3.0,Y,4.0,1236,857,0,2093,0.0,0.0,2,1,3,1,2.0,7,Typ,1,3.0,Attchd,1986.0,3.0,2.0,542.0,3.0,2.0,364,63,0,0,0,0,MnPrv,0,11,2008,WD ,Normal,215000,0,1,1,1,1,4,0,0,0,0,0,0,0,0,0,0,0
20,RL,73.0,12772,NoAlley,2.0,Lvl,CulDSac,2.0,NAmes,Norm,1Fam,1Story,6,8,1960,1998,Hip,MetalSd,MetalSd,None,0.0,2.0,3.0,CBlock,3.0,3.0,2.0,4.0,498.0,1.0,0.0,460.0,958.0,2.0,Y,4.0,958,0,0,958,0.0,0.0,1,0,2,1,2.0,5,Typ,0,0.0,Attchd,1960.0,2.0,1.0,301.0,3.0,2.0,0,0,0,0,0,0,NoFence,15500,4,2007,WD ,Normal,151500,0,0,1,0,1,2,0,0,0,0,0,0,0,0,0,0,0
60,RL,104.0,13518,NoAlley,3.0,Lvl,Inside,2.0,NridgHt,Norm,1Fam,2Story,9,5,2008,2009,Hip,VinylSd,VinylSd,Stone,860.0,4.0,2.0,PConc,5.0,3.0,1.0,1.0,0.0,1.0,0.0,1926.0,1926.0,4.0,Y,4.0,1966,1174,0,3140,0.0,0.0,3,1,4,1,4.0,11,Typ,2,4.0,BuiltIn,2009.0,3.0,3.0,820.0,3.0,2.0,144,78,0,0,0,0,NoFence,0,7,2009,New,Partial,485000,0,1,1,0,1,3,0,0,0,0,0,0,0,0,0,0,0
80,RL,73.0,12095,NoAlley,2.0,Lvl,Corner,2.0,NAmes,Norm,1Fam,SLvl,6,6,1964,1964,Gable,MetalSd,HdBoard,BrkFace,115.0,2.0,3.0,CBlock,3.0,3.0,4.0,3.0,564.0,1.0,0.0,563.0,1127.0,2.0,Y,4.0,1445,0,0,1445,0.0,0.0,1,1,3,1,2.0,7,Typ,1,2.0,Attchd,1964.0,2.0,2.0,645.0,3.0,2.0,180,0,0,0,0,0,MnPrv,0,8,2009,WD ,Normal,158000,0,1,1,1,1,4,0,0,0,0,0,0,0,0,0,0,0
120,RL,41.0,5395,NoAlley,2.0,HLS,Inside,2.0,StoneBr,Norm,TwnhsE,1Story,8,5,1993,1993,Gable,HdBoard,HdBoard,None,0.0,3.0,2.0,PConc,4.0,3.0,1.0,6.0,733.0,1.0,0.0,604.0,1337.0,3.0,Y,4.0,1337,0,0,1337,1.0,0.0,2,0,2,1,3.0,5,Typ,1,3.0,Attchd,1993.0,2.0,2.0,462.0,3.0,2.0,96,0,70,168,0,0,NoFence,0,10,2008,WD ,Normal,180000,0,1,1,0,1,3,0,0,0,0,0,0,0,0,0,0,0
50,RM,51.0,6120,NoAlley,3.0,Lvl,Corner,2.0,BrkSide,Norm,1Fam,1.5Fin,5,6,1936,1950,Gable,Wd Sdng,Wd Sdng,None,0.0,2.0,1.0,BrkTil,3.0,3.0,1.0,1.0,0.0,1.0,0.0,927.0,927.0,2.0,Y,4.0,1067,472,0,1539,0.0,0.0,1,1,3,1,2.0,5,Typ,0,0.0,Detchd,1995.0,1.0,2.0,576.0,3.0,2.0,112,0,0,0,0,0,MnPrv,0,4,2009,WD ,Normal,141500,0,0,1,1,1,3,0,0,0,0,0,0,0,0,0,0,0
120,RL,34.0,5001,NoAlley,2.0,Lvl,Inside,2.0,NridgHt,Norm,Twnhs,1Story,7,5,2007,2008,Gable,VinylSd,VinylSd,Stone,166.0,3.0,2.0,PConc,4.0,3.0,1.0,6.0,904.0,1.0,0.0,410.0,1314.0,4.0,Y,4.0,1314,0,0,1314,1.0,0.0,2,0,2,1,3.0,6,Typ,1,4.0,Attchd,2008.0,2.0,2.0,626.0,3.0,2.0,172,62,0,0,0,0,NoFence,0,7,2009,WD ,Normal,230000,0,1,1,0,1,3,0,0,0,0,0,0,0,0,0,0,0
20,RL,129.0,9196,NoAlley,2.0,Lvl,Inside,2.0,Mitchel,Norm,1Fam,1Story,7,5,2003,2003,Gable,VinylSd,VinylSd,None,0.0,3.0,2.0,PConc,5.0,3.0,1.0,1.0,0.0,1.0,0.0,1560.0,1560.0,4.0,Y,4.0,1560,0,0,1560,0.0,0.0,2,0,3,1,3.0,7,Typ,0,0.0,Attchd,2003.0,3.0,2.0,573.0,3.0,2.0,100,150,0,0,0,0,NoFence,0,4,2010,WD ,Normal,201000,0,0,1,0,1,2,0,0,0,0,0,0,0,0,0,0,0
20,RL,119.0,10895,NoAlley,3.0,Lvl,Corner,2.0,NAmes,Norm,1Fam,1Story,5,6,1955,1955,Gable,MetalSd,MetalSd,None,0.0,2.0,3.0,CBlock,3.0,3.0,1.0,3.0,648.0,1.0,0.0,324.0,972.0,2.0,Y,4.0,972,0,0,972,0.0,0.0,1,0,3,1,2.0,5,Typ,0,0.0,Attchd,1955.0,1.0,1.0,305.0,3.0,2.0,0,0,205,0,0,0,GdWo,0,6,2010,WD ,Normal,122500,0,0,1,1,1,3,0,0,0,0,0,0,0,0,0,0,0
20,RL,70.0,8050,NoAlley,3.0,Lvl,Inside,2.0,NAmes,Norm,1Fam,1Story,5,6,1967,1993,Gable,MetalSd,MetalSd,None,0.0,2.0,2.0,CBlock,3.0,3.0,1.0,5.0,474.0,4.0,38.0,437.0,949.0,2.0,Y,4.0,1107,0,0,1107,1.0,0.0,1,0,3,1,3.0,5,Typ,0,0.0,Attchd,1967.0,2.0,1.0,308.0,3.0,2.0,88,64,0,0,0,0,NoFence,0,3,2007,WD ,Normal,127000,0,0,1,0,1,2,0,0,0,0,0,0,0,0,0,0,0
50,RM,50.0,6000,NoAlley,3.0,Lvl,Inside,2.0,OldTown,Norm,1Fam,1.5Fin,3,7,1948,2002,Gable,MetalSd,MetalSd,None,0.0,2.0,3.0,CBlock,3.0,3.0,1.0,5.0,331.0,1.0,0.0,318.0,649.0,4.0,Y,4.0,679,504,0,1183,0.0,0.0,1,1,2,1,2.0,6,Typ,0,0.0,Detchd,1981.0,1.0,1.0,308.0,3.0,2.0,0,176,0,0,0,0,NoFence,0,6,2007,WD ,Normal,120000,0,0,1,0,1,2,0,0,0,0,0,0,0,0,0,0,0
190,RL,50.0,7420,NoAlley,3.0,Lvl,Corner,2.0,BrkSide,Artery,2fmCon,1.5Unf,5,6,1939,1950,Gable,MetalSd,MetalSd,None,0.0,2.0,2.0,BrkTil,3.0,3.0,1.0,6.0,851.0,1.0,0.0,140.0,991.0,4.0,Y,4.0,1077,0,0,1077,1.0,0.0,1,0,2,2,2.0,5,Typ,2,3.0,Attchd,1939.0,2.0,1.0,205.0,4.0,2.0,0,4,0,0,0,0,NoFence,0,1,2008,WD ,Normal,118000,0,1,1,0,1,3,0,0,0,0,0,0,0,0,0,0,0
20,RL,81.0,14267,NoAlley,2.0,Lvl,Corner,2.0,NAmes,Norm,1Fam,1Story,6,6,1958,1958,Hip,Wd Sdng,Wd Sdng,BrkFace,108.0,2.0,2.0,CBlock,3.0,3.0,1.0,5.0,923.0,1.0,0.0,406.0,1329.0,2.0,Y,4.0,1329,0,0,1329,0.0,0.0,1,1,3,1,3.0,6,Typ,0,0.0,Attchd,1958.0,1.0,1.0,312.0,3.0,2.0,393,36,0,0,0,0,NoFence,12500,6,2010,WD ,Normal,172000,0,0,1,0,1,2,0,0,0,0,0,0,0,0,0,0,0
20,RL,73.0,9450,NoAlley,2.0,Lvl,Corner,2.0,NAmes,Norm,1Fam,1Story,4,5,1957,1957,Gable,Wd Sdng,Wd Sdng,BrkFace,160.0,2.0,2.0,CBlock,3.0,3.0,1.0,4.0,775.0,1.0,0.0,265.0,1040.0,2.0,Y,4.0,1362,0,0,1362,1.0,0.0,1,0,3,1,2.0,6,Typ,1,4.0,Attchd,1982.0,2.0,3.0,768.0,3.0,2.0,0,0,84,0,0,0,MnPrv,0,5,2009,WD ,Normal,140000,0,1,1,1,1,4,0,0,0,0,0,0,0,0,0,0,0
50,RM,64.0,11067,NoAlley,3.0,Lvl,Corner,2.0,IDOTRR,Norm,1Fam,1.5Fin,2,4,1939,1950,Gable,MetalSd,MetalSd,None,0.0,2.0,2.0,BrkTil,0.0,0.0,0.0,0.0,0.0,0.0,0.0,0.0,0.0,4.0,Y,4.0,640,0,205,845,0.0,0.0,1,0,1,1,2.0,4,Maj2,0,0.0,Detchd,1950.0,1.0,1.0,256.0,3.0,0.0,48,0,0,0,0,0,NoFence,0,3,2007,WD ,Normal,68104,0,0,1,0,1,2,0,0,0,0,0,0,0,0,0,0,0
20,RL,64.0,9248,NoAlley,2.0,Lvl,Inside,2.0,Gilbert,Norm,1Fam,1Story,6,6,1992,1992,Gable,HdBoard,HdBoard,BrkFace,106.0,2.0,2.0,PConc,4.0,3.0,1.0,6.0,560.0,1.0,0.0,598.0,1158.0,3.0,Y,4.0,1167,0,0,1167,1.0,0.0,2,0,3,1,3.0,6,Typ,0,0.0,Attchd,1992.0,2.0,2.0,400.0,3.0,2.0,120,26,0,0,0,0,NoFence,0,7,2009,WD ,Normal,173000,0,0,1,0,1,2,0,0,0,0,0,0,0,0,0,0,0
180,RM,35.0,3675,NoAlley,3.0,Lvl,Inside,2.0,Edwards,Norm,TwnhsE,SFoyer,6,5,2005,2006,Gable,VinylSd,VinylSd,BrkFace,82.0,2.0,2.0,PConc,4.0,3.0,4.0,6.0,547.0,1.0,0.0,0.0,547.0,3.0,Y,4.0,1072,0,0,1072,1.0,0.0,1,0,2,1,2.0,5,Typ,0,0.0,Basment,2005.0,3.0,2.0,525.0,3.0,2.0,0,44,0,0,0,0,NoFence,0,10,2006,New,Partial,142500,0,0,1,0,1,2,0,0,0,0,0,0,0,0,0,0,0
20,RL,83.0,13383,NoAlley,2.0,Lvl,Inside,1.0,Mitchel,Norm,1Fam,1Story,5,5,1969,2000,Hip,HdBoard,HdBoard,BrkFace,176.0,2.0,2.0,CBlock,3.0,3.0,1.0,4.0,594.0,1.0,0.0,594.0,1188.0,4.0,Y,4.0,1404,0,0,1404,0.0,0.0,2,0,3,1,2.0,7,Typ,1,1.0,Attchd,1969.0,1.0,2.0,504.0,3.0,2.0,0,16,0,0,0,0,NoFence,0,3,2009,WD ,Normal,160000,0,1,1,0,1,3,0,0,0,0,0,0,0,0,0,0,0
50,RL,52.0,8741,NoAlley,3.0,Lvl,Inside,2.0,Edwards,Norm,1Fam,1.5Fin,6,4,1945,1950,Gable,VinylSd,VinylSd,None,0.0,2.0,2.0,CBlock,3.0,2.0,1.0,2.0,94.0,1.0,0.0,641.0,735.0,2.0,Y,3.0,798,689,0,1487,0.0,0.0,1,1,3,1,2.0,7,Typ,1,4.0,Detchd,1949.0,1.0,1.0,220.0,3.0,2.0,0,140,0,0,0,0,MnPrv,0,4,2010,WD ,Normal,113000,0,1,1,1,1,4,0,0,0,0,0,0,0,0,0,0,0
20,RL,70.0,10500,NoAlley,3.0,Lvl,FR2,2.0,NAmes,Norm,1Fam,1Story,4,6,1971,1971,Gable,HdBoard,HdBoard,None,0.0,2.0,2.0,CBlock,3.0,3.0,1.0,5.0,524.0,2.0,180.0,160.0,864.0,3.0,Y,4.0,864,0,0,864,0.0,0.0,1,0,2,1,2.0,4,Typ,0,0.0,Detchd,1989.0,1.0,2.0,576.0,3.0,2.0,216,0,0,0,0,0,NoFence,0,3,2009,WD ,Abnorml,97000,0,0,1,0,1,2,0,0,0,0,0,0,0,0,0,0,0
60,RL,110.0,13440,NoAlley,3.0,Lvl,Inside,2.0,NridgHt,Norm,1Fam,2Story,8,5,2006,2007,Hip,VinylSd,VinylSd,BrkFace,190.0,3.0,2.0,PConc,5.0,3.0,1.0,1.0,0.0,1.0,0.0,1108.0,1108.0,4.0,Y,4.0,1148,1402,0,2550,0.0,0.0,2,1,4,1,4.0,11,Typ,1,4.0,BuiltIn,2006.0,3.0,3.0,670.0,3.0,2.0,120,39,0,0,0,0,NoFence,0,3,2007,New,Partial,338931,0,1,1,0,1,3,0,0,0,0,0,0,0,0,0,0,0
50,RL,50.0,5000,Pave,3.0,Lvl,Inside,2.0,SWISU,Norm,1Fam,1.5Fin,5,6,1924,1950,Gable,BrkFace,Wd Sdng,None,0.0,2.0,2.0,BrkTil,3.0,3.0,1.0,2.0,218.0,1.0,0.0,808.0,1026.0,2.0,Y,4.0,1026,665,0,1691,0.0,0.0,2,0,3,1,3.0,6,Typ,1,4.0,Detchd,1924.0,1.0,1.0,308.0,3.0,2.0,0,0,242,0,0,0,NoFence,0,5,2010,WD ,Normal,127000,0,1,1,0,1,3,0,0,0,0,0,0,0,0,0,0,0
30,RL,52.0,8854,NoAlley,3.0,Lvl,Inside,2.0,BrkSide,Norm,1Fam,1.5Unf,6,6,1916,1950,Gable,Wd Sdng,Wd Sdng,None,0.0,2.0,2.0,BrkTil,3.0,3.0,1.0,1.0,0.0,1.0,0.0,952.0,952.0,1.0,N,1.0,952,0,0,952,0.0,0.0,1,0,2,1,1.0,4,Typ,1,4.0,Detchd,1916.0,1.0,1.0,192.0,2.0,1.0,0,98,0,0,40,0,NoFence,0,5,2009,WD ,Normal,121000,0,1,0,0,1,2,0,0,0,0,0,0,0,0,0,0,0
60,RL,85.0,11103,NoAlley,2.0,Lvl,Corner,2.0,CollgCr,Norm,1Fam,2Story,7,5,2006,2006,Gable,VinylSd,VinylSd,None,0.0,3.0,2.0,PConc,4.0,3.0,1.0,1.0,0.0,1.0,0.0,728.0,728.0,4.0,Y,4.0,728,728,0,1456,0.0,0.0,2,1,3,1,3.0,8,Typ,1,3.0,Attchd,2006.0,3.0,2.0,440.0,3.0,2.0,0,0,0,0,0,0,NoFence,0,7,2007,New,Partial,155835,0,1,1,0,1,3,0,0,0,0,0,0,0,0,0,0,0
20,RL,38.0,15240,NoAlley,2.0,Lvl,FR2,2.0,CollgCr,Norm,1Fam,1Story,5,8,1977,2004,Gable,CemntBd,CmentBd,None,0.0,3.0,3.0,CBlock,4.0,3.0,1.0,6.0,198.0,3.0,688.0,140.0,1026.0,4.0,Y,4.0,1026,0,0,1026,1.0,0.0,1,1,3,1,2.0,5,Typ,0,0.0,Attchd,1977.0,1.0,1.0,308.0,3.0,2.0,316,85,0,0,0,0,MnPrv,0,6,2010,WD ,Normal,150000,0,0,1,1,1,3,0,0,0,0,0,0,0,0,0,0,0
160,RM,24.0,2760,NoAlley,3.0,Lvl,Inside,2.0,BrDale,Norm,TwnhsE,2Story,6,5,1973,1973,Gable,HdBoard,HdBoard,BrkFace,514.0,2.0,2.0,CBlock,3.0,3.0,1.0,1.0,0.0,1.0,0.0,525.0,525.0,2.0,Y,4.0,525,567,0,1092,0.0,0.0,1,1,3,1,2.0,6,Typ,0,0.0,Detchd,1973.0,1.0,2.0,440.0,3.0,2.0,0,0,0,0,0,0,NoFence,0,12,2006,WD ,Normal,105500,0,0,1,0,1,2,0,0,0,0,0,0,0,0,0,0,0
20,RL,91.0,10750,NoAlley,2.0,Lvl,CulDSac,2.0,NoRidge,Norm,1Fam,1Story,8,5,1994,1995,Hip,Wd Sdng,Wd Sdng,BrkFace,634.0,3.0,2.0,PConc,4.0,3.0,3.0,4.0,236.0,6.0,1526.0,262.0,2024.0,4.0,Y,4.0,2063,0,0,2063,1.0,0.0,2,0,3,1,3.0,7,Typ,2,4.0,Attchd,1994.0,3.0,3.0,815.0,3.0,2.0,182,56,0,0,0,0,NoFence,0,6,2009,WD ,Normal,315000,0,1,1,0,1,3,0,0,0,0,0,0,0,0,0,0,0
20,RL,70.0,14778,NoAlley,2.0,Low,CulDSac,2.0,Crawfor,PosN,1Fam,1Story,6,7,1954,2006,Hip,HdBoard,HdBoard,BrkFace,72.0,3.0,2.0,CBlock,3.0,3.0,1.0,4.0,728.0,1.0,0.0,568.0,1296.0,4.0,Y,4.0,1640,0,0,1640,1.0,0.0,1,0,3,1,3.0,7,Typ,1,4.0,Detchd,1993.0,1.0,2.0,924.0,3.0,2.0,108,0,0,216,0,0,NoFence,0,11,2008,WD ,Normal,224000,0,1,1,0,1,3,0,0,0,0,0,0,0,0,0,0,0
80,RL,76.0,9880,NoAlley,3.0,Lvl,Inside,2.0,Mitchel,Norm,1Fam,SLvl,6,6,1977,1977,Gable,Plywood,Plywood,None,0.0,2.0,2.0,CBlock,3.0,3.0,3.0,5.0,522.0,1.0,0.0,574.0,1096.0,2.0,Y,4.0,1118,0,0,1118,1.0,0.0,1,0,3,1,2.0,6,Typ,1,1.0,Attchd,1977.0,3.0,1.0,358.0,3.0,2.0,203,0,0,0,0,576,GdPrv,0,7,2008,WD ,Normal,171000,1,1,1,1,1,5,0,0,0,0,0,0,0,0,0,0,0
120,RL,24.0,4928,NoAlley,2.0,Lvl,Inside,2.0,NPkVill,Norm,TwnhsE,1Story,6,5,1976,1976,Gable,Plywood,Plywood,None,0.0,2.0,2.0,CBlock,4.0,3.0,1.0,5.0,120.0,1.0,0.0,958.0,1078.0,2.0,Y,4.0,958,0,0,958,0.0,0.0,2,0,2,1,2.0,5,Typ,1,3.0,Attchd,1977.0,2.0,2.0,440.0,3.0,2.0,0,205,0,0,0,0,NoFence,0,2,2007,WD ,Normal,128000,0,1,1,0,1,3,0,0,0,0,0,0,0,0,0,0,0
50,RM,52.0,6240,NoAlley,3.0,Lvl,Inside,2.0,BrkSide,Norm,1Fam,1.5Fin,5,6,1928,1950,Gable,MetalSd,MetalSd,None,0.0,2.0,2.0,BrkTil,3.0,3.0,1.0,1.0,0.0,1.0,0.0,1042.0,1042.0,4.0,Y,4.0,1042,534,0,1576,0.0,0.0,1,0,3,1,2.0,8,Typ,1,4.0,Detchd,1928.0,1.0,1.0,225.0,3.0,2.0,0,0,0,0,0,0,NoFence,0,8,2006,WD ,Family,149000,0,1,1,0,1,3,0,0,0,0,0,0,0,0,0,0,0
20,RL,70.0,11354,NoAlley,3.0,Lvl,Inside,2.0,CollgCr,Norm,1Fam,1Story,7,5,2000,2000,Gable,VinylSd,VinylSd,None,0.0,3.0,2.0,PConc,3.0,3.0,4.0,6.0,1412.0,1.0,0.0,261.0,1673.0,4.0,Y,4.0,1673,0,0,1673,1.0,0.0,2,0,3,1,3.0,7,Typ,1,3.0,Attchd,2000.0,2.0,2.0,583.0,3.0,2.0,306,113,0,0,116,0,NoFence,0,1,2007,WD ,Normal,270000,0,1,1,0,1,3,0,0,0,0,0,0,0,0,0,0,0
80,RL,65.0,16219,NoAlley,1.0,Lvl,Inside,2.0,Gilbert,Norm,1Fam,SLvl,7,5,2004,2005,Gable,VinylSd,VinylSd,None,0.0,3.0,2.0,PConc,4.0,3.0,4.0,6.0,779.0,1.0,0.0,56.0,835.0,4.0,Y,4.0,1119,0,0,1119,1.0,0.0,2,0,2,1,3.0,5,Typ,0,0.0,Attchd,2004.0,3.0,2.0,437.0,3.0,2.0,100,24,0,0,0,0,NoFence,0,4,2007,WD ,Normal,188500,0,0,1,0,1,2,0,0,0,0,0,0,0,0,0,0,0
20,RL,65.0,8775,NoAlley,3.0,Lvl,Inside,2.0,CollgCr,Norm,1Fam,1Story,5,5,1994,1994,Gable,VinylSd,VinylSd,None,0.0,2.0,2.0,PConc,4.0,3.0,1.0,6.0,495.0,1.0,0.0,495.0,990.0,3.0,Y,4.0,990,0,0,990,0.0,0.0,1,0,3,1,2.0,5,Typ,0,0.0,Attchd,1996.0,1.0,1.0,299.0,3.0,2.0,0,64,0,0,0,0,NoFence,0,4,2007,WD ,Normal,126000,0,0,1,0,1,2,0,0,0,0,0,0,0,0,0,0,0
60,RL,44.0,9548,NoAlley,2.0,Lvl,CulDSac,2.0,CollgCr,Norm,1Fam,2Story,7,6,2003,2003,Gable,VinylSd,VinylSd,BrkFace,223.0,3.0,2.0,PConc,4.0,3.0,1.0,6.0,483.0,1.0,0.0,458.0,941.0,4.0,Y,4.0,941,888,0,1829,1.0,0.0,2,1,3,1,3.0,7,Typ,1,3.0,Attchd,2003.0,2.0,2.0,613.0,3.0,2.0,192,39,0,0,0,0,NoFence,0,1,2010,WD ,Normal,237000,0,1,1,0,1,3,0,0,0,0,0,0,0,0,0,0,0
20,RL,87.0,11146,NoAlley,2.0,Lvl,Inside,2.0,NridgHt,Norm,1Fam,1Story,8,5,2006,2006,Gable,VinylSd,VinylSd,Stone,250.0,3.0,2.0,PConc,5.0,3.0,3.0,1.0,0.0,1.0,0.0,1709.0,1709.0,4.0,Y,4.0,1717,0,0,1717,0.0,0.0,2,0,3,1,3.0,7,Typ,1,4.0,Attchd,2006.0,2.0,3.0,908.0,3.0,2.0,169,39,0,0,0,0,NoFence,0,7,2009,WD ,Normal,255500,0,1,1,0,1,3,0,0,0,0,0,0,0,0,0,0,0
160,FV,34.0,2998,NoAlley,3.0,Lvl,Inside,2.0,Somerst,Norm,TwnhsE,2Story,6,5,2000,2000,Gable,MetalSd,MetalSd,BrkFace,513.0,3.0,2.0,PConc,4.0,3.0,1.0,6.0,507.0,1.0,0.0,249.0,756.0,4.0,Y,4.0,756,756,0,1512,1.0,0.0,2,1,2,1,3.0,4,Typ,0,0.0,Detchd,2000.0,1.0,2.0,440.0,3.0,2.0,0,32,0,0,0,0,NoFence,0,8,2009,WD ,Normal,180000,0,0,1,0,1,2,0,0,0,0,0,0,0,0,0,0,0
20,RL,60.0,7350,NoAlley,3.0,Lvl,Corner,2.0,NAmes,Norm,1Fam,1Story,5,7,1951,1951,Gable,HdBoard,HdBoard,None,0.0,2.0,2.0,CBlock,3.0,3.0,2.0,5.0,852.0,1.0,0.0,100.0,952.0,2.0,Y,4.0,952,0,0,952,1.0,0.0,1,0,2,1,2.0,4,Typ,0,0.0,Detchd,1988.0,1.0,2.0,840.0,3.0,2.0,0,0,0,0,0,0,NoFence,0,6,2008,COD,Abnorml,139000,0,0,1,0,1,2,0,0,0,0,0,0,0,0,0,0,0
20,RL,60.0,7200,NoAlley,3.0,Lvl,Inside,2.0,CollgCr,Norm,1Fam,1Story,4,8,1972,2006,Gable,Plywood,Plywood,None,0.0,2.0,3.0,CBlock,3.0,3.0,1.0,3.0,385.0,1.0,0.0,0.0,385.0,3.0,Y,4.0,875,0,0,875,0.0,0.0,1,0,3,1,3.0,5,Typ,0,0.0,Detchd,1975.0,1.0,2.0,728.0,3.0,2.0,352,0,0,0,0,0,NoFence,0,10,2007,WD ,Normal,117000,0,0,1,0,1,2,0,0,0,0,0,0,0,0,0,0,0
20,RL,50.0,6953,NoAlley,3.0,Lvl,Inside,2.0,Mitchel,Norm,1Fam,1Story,5,7,1971,2004,Gable,VinylSd,VinylSd,None,0.0,2.0,3.0,CBlock,3.0,3.0,1.0,5.0,469.0,1.0,0.0,395.0,864.0,4.0,Y,4.0,874,0,0,874,0.0,0.0,1,0,3,1,2.0,5,Typ,0,0.0,Detchd,1971.0,1.0,1.0,352.0,3.0,2.0,0,0,0,0,0,0,NoFence,0,6,2010,ConLD,Normal,130000,0,0,1,0,1,2,0,0,0,0,0,0,0,0,0,0,0
120,RM,44.0,3843,NoAlley,2.0,HLS,Inside,1.0,Crawfor,Norm,TwnhsE,1Story,8,5,2007,2008,Hip,CemntBd,CmentBd,Stone,174.0,4.0,2.0,PConc,5.0,3.0,4.0,6.0,1476.0,1.0,0.0,120.0,1596.0,4.0,Y,4.0,1648,0,0,1648,1.0,1.0,2,0,2,1,4.0,5,Typ,1,4.0,Attchd,2007.0,3.0,2.0,482.0,3.0,2.0,162,53,0,153,0,0,NoFence,0,6,2009,New,Partial,230000,0,1,1,0,1,3,0,0,0,0,0,0,0,0,0,0,0
80,RL,80.0,11104,NoAlley,2.0,Lvl,Inside,2.0,NWAmes,Norm,1Fam,SLvl,6,6,1969,1969,Gable,MetalSd,MetalSd,None,0.0,2.0,2.0,CBlock,3.0,3.0,3.0,6.0,828.0,1.0,0.0,599.0,1427.0,3.0,Y,4.0,1427,0,0,1427,0.0,1.0,2,0,4,1,2.0,7,Typ,0,0.0,Attchd,1969.0,2.0,2.0,516.0,3.0,2.0,0,0,0,0,216,0,NoFence,0,5,2008,WD ,Normal,183000,0,0,1,0,1,2,0,0,0,0,0,0,0,0,0,0,0
160,RM,32.0,3363,NoAlley,3.0,Lvl,Inside,2.0,Edwards,Norm,TwnhsE,2Story,7,5,2004,2004,Gable,VinylSd,VinylSd,Stone,117.0,3.0,2.0,PConc,4.0,3.0,1.0,1.0,0.0,1.0,0.0,976.0,976.0,4.0,Y,4.0,976,732,0,1708,0.0,0.0,2,0,3,1,3.0,7,Maj1,0,0.0,Detchd,2004.0,1.0,2.0,380.0,3.0,2.0,0,40,0,0,0,0,NoFence,0,4,2006,WD ,Normal,130000,0,0,1,0,1,2,0,0,0,0,0,0,0,0,0,0,0
60,RL,47.0,53504,NoAlley,1.0,HLS,CulDSac,1.0,StoneBr,Norm,1Fam,2Story,8,5,2003,2003,Hip,CemntBd,Wd Shng,BrkFace,603.0,4.0,2.0,PConc,4.0,3.0,4.0,5.0,1416.0,1.0,0.0,234.0,1650.0,4.0,Y,4.0,1690,1589,0,3279,1.0,0.0,3,1,4,1,4.0,12,Mod,1,4.0,BuiltIn,2003.0,3.0,3.0,841.0,3.0,2.0,503,36,0,0,210,0,NoFence,0,6,2010,WD ,Normal,538000,0,1,1,0,1,3,0,0,0,0,0,0,0,0,0,0,0
60,RL,95.0,11787,NoAlley,2.0,Lvl,Inside,2.0,NoRidge,Norm,1Fam,2Story,7,5,1996,1997,Gable,VinylSd,VinylSd,BrkFace,594.0,3.0,2.0,PConc,4.0,3.0,1.0,6.0,719.0,1.0,0.0,660.0,1379.0,4.0,Y,4.0,1383,1015,0,2398,1.0,0.0,2,1,3,1,3.0,8,Typ,1,3.0,Attchd,1996.0,3.0,3.0,834.0,3.0,2.0,239,60,0,0,0,0,NoFence,0,8,2007,WD ,Normal,315750,0,1,1,0,1,3,0,0,0,0,0,0,0,0,0,0,0
90,RL,65.0,10547,NoAlley,2.0,Lvl,Inside,2.0,Edwards,Norm,Duplex,SFoyer,5,5,1978,1978,Gable,Plywood,Plywood,None,0.0,2.0,2.0,PConc,4.0,4.0,4.0,6.0,1152.0,1.0,0.0,0.0,1152.0,2.0,Y,4.0,1152,0,0,1152,2.0,0.0,2,0,2,2,2.0,6,Typ,0,0.0,Detchd,1960.0,1.0,1.0,252.0,3.0,0.0,0,0,0,0,0,0,NoFence,0,7,2009,WD ,Normal,159900,0,0,1,0,1,2,0,0,0,0,0,0,0,0,0,0,0
80,RL,73.0,12700,NoAlley,2.0,Lvl,Inside,2.0,NAmes,Norm,1Fam,SLvl,6,5,1964,1964,Gable,HdBoard,HdBoard,None,0.0,2.0,2.0,CBlock,3.0,3.0,1.0,5.0,939.0,1.0,0.0,307.0,1246.0,2.0,Y,4.0,1246,0,0,1246,1.0,0.0,1,0,3,1,2.0,6,Typ,2,4.0,Attchd,1964.0,2.0,2.0,441.0,3.0,2.0,0,69,0,0,0,0,NoFence,0,11,2006,WD ,Normal,172000,0,1,1,0,1,3,0,0,0,0,0,0,0,0,0,0,0
20,RL,65.0,9750,NoAlley,3.0,Lvl,FR2,2.0,NAmes,Norm,1Fam,1Story,6,8,1969,1969,Gable,HdBoard,HdBoard,None,0.0,2.0,2.0,CBlock,4.0,3.0,1.0,5.0,602.0,2.0,438.0,14.0,1054.0,3.0,Y,4.0,1054,0,0,1054,1.0,0.0,1,1,3,1,2.0,6,Typ,0,0.0,Attchd,1969.0,1.0,2.0,460.0,3.0,2.0,180,0,0,0,80,0,NoFence,0,7,2008,WD ,Normal,151000,0,0,1,0,1,2,0,0,0,0,0,0,0,0,0,0,0
60,RL,65.0,8461,NoAlley,3.0,Lvl,Inside,2.0,CollgCr,Norm,1Fam,2Story,6,5,2005,2006,Gable,VinylSd,VinylSd,None,0.0,3.0,2.0,PConc,4.0,3.0,1.0,1.0,0.0,1.0,0.0,728.0,728.0,4.0,Y,4.0,728,728,0,1456,0.0,0.0,2,1,3,1,3.0,8,Typ,1,4.0,Attchd,2005.0,3.0,2.0,390.0,3.0,2.0,0,24,0,0,0,0,NoFence,0,7,2006,New,Partial,163990,0,1,1,0,1,3,0,0,0,0,0,0,0,0,0,0,0
120,RH,26.0,8773,NoAlley,1.0,Lvl,FR2,2.0,NAmes,Norm,TwnhsE,1Story,6,5,2002,2002,Gable,MetalSd,MetalSd,None,0.0,3.0,2.0,PConc,4.0,3.0,1.0,6.0,951.0,1.0,0.0,536.0,1487.0,4.0,Y,4.0,1419,0,0,1419,1.0,0.0,2,0,2,1,3.0,4,Typ,0,0.0,Attchd,2002.0,3.0,2.0,543.0,3.0,2.0,196,68,0,0,0,0,NoFence,0,9,2006,WD ,Normal,190000,0,0,1,0,1,2,0,0,0,0,0,0,0,0,0,0,0
60,FV,73.0,8470,NoAlley,3.0,Lvl,Corner,2.0,Somerst,Norm,1Fam,2Story,8,5,2002,2002,Gable,VinylSd,VinylSd,None,0.0,3.0,2.0,PConc,4.0,3.0,1.0,6.0,225.0,5.0,276.0,471.0,972.0,4.0,Y,4.0,972,839,0,1811,0.0,0.0,2,1,3,1,3.0,7,Typ,1,4.0,Attchd,2002.0,2.0,2.0,565.0,3.0,2.0,225,48,0,0,0,0,NoFence,0,10,2009,WD ,Normal,235000,0,1,1,0,1,3,0,0,0,0,0,0,0,0,0,0,0
20,RL,70.0,13300,NoAlley,3.0,Lvl,Inside,2.0,NAmes,Norm,1Fam,1Story,5,7,1956,2000,Hip,Wd Sdng,Wd Sdng,None,0.0,2.0,2.0,CBlock,4.0,3.0,1.0,3.0,377.0,1.0,0.0,551.0,928.0,2.0,Y,4.0,928,0,0,928,0.0,0.0,1,0,2,1,2.0,4,Typ,0,0.0,Attchd,1956.0,1.0,1.0,252.0,3.0,2.0,261,0,156,0,0,0,NoFence,0,6,2007,WD ,Normal,132000,0,0,1,0,1,2,0,0,0,0,0,0,0,0,0,0,0
70,RM,60.0,10560,NoAlley,3.0,Lvl,Inside,2.0,OldTown,Norm,1Fam,2Story,6,7,1922,1994,Gable,Wd Sdng,Wd Sdng,None,0.0,2.0,2.0,CBlock,2.0,3.0,1.0,3.0,283.0,1.0,0.0,455.0,738.0,4.0,Y,4.0,868,602,0,1470,0.0,0.0,1,1,2,1,2.0,6,Min1,0,0.0,Detchd,1970.0,1.0,2.0,624.0,3.0,2.0,0,0,0,0,0,0,NoFence,0,6,2010,WD ,Normal,140750,0,0,1,0,1,2,0,0,0,0,0,0,0,0,0,0,0
120,RH,34.0,4060,NoAlley,3.0,Lvl,Inside,2.0,NAmes,Norm,TwnhsE,1Story,6,5,1998,1999,Gable,MetalSd,MetalSd,None,0.0,3.0,2.0,PConc,4.0,3.0,1.0,6.0,266.0,1.0,0.0,1139.0,1405.0,4.0,Y,4.0,1337,0,0,1337,1.0,0.0,2,0,2,1,3.0,5,Typ,0,0.0,Attchd,1998.0,3.0,2.0,511.0,3.0,2.0,144,68,0,0,0,0,NoFence,0,8,2008,COD,Abnorml,181000,0,0,1,0,1,2,0,0,0,0,0,0,0,0,0,0,0
60,FV,85.0,10625,NoAlley,3.0,Lvl,Inside,2.0,Somerst,Norm,1Fam,2Story,6,5,2004,2004,Gable,VinylSd,VinylSd,BrkFace,353.0,3.0,2.0,PConc,4.0,3.0,3.0,1.0,0.0,1.0,0.0,1158.0,1158.0,4.0,Y,4.0,1158,1285,0,2443,0.0,0.0,2,1,4,1,3.0,9,Min2,1,4.0,BuiltIn,2004.0,2.0,3.0,744.0,3.0,2.0,193,127,0,0,0,0,NoFence,0,6,2007,WD ,Normal,265000,0,1,1,0,1,3,0,0,0,0,0,0,0,0,0,0,0
20,RL,57.0,7677,NoAlley,3.0,Lvl,Inside,2.0,NAmes,Norm,1Fam,1Story,5,5,1953,1953,Gable,VinylSd,VinylSd,None,0.0,2.0,2.0,CBlock,3.0,3.0,1.0,4.0,570.0,1.0,0.0,203.0,773.0,3.0,Y,4.0,773,0,0,773,0.0,0.0,1,0,2,1,2.0,4,Typ,0,0.0,Attchd,1953.0,1.0,1.0,240.0,3.0,2.0,0,0,0,0,0,0,NoFence,0,4,2008,WD ,Abnorml,110000,0,0,1,0,1,2,0,0,0,0,0,0,0,0,0,0,0
20,RL,74.0,12395,NoAlley,3.0,Lvl,Corner,2.0,Mitchel,Norm,1Fam,1Story,5,6,1984,1984,Gable,HdBoard,Plywood,None,0.0,2.0,2.0,CBlock,3.0,3.0,1.0,5.0,647.0,1.0,0.0,217.0,864.0,2.0,Y,4.0,889,0,0,889,0.0,0.0,1,0,3,1,2.0,6,Typ,0,0.0,Attchd,1984.0,1.0,2.0,484.0,3.0,2.0,0,0,0,0,0,0,NoFence,0,4,2008,WD ,Normal,137500,0,0,1,0,1,2,0,0,0,0,0,0,0,0,0,0,0
50,RL,63.0,15564,NoAlley,3.0,Lvl,Inside,2.0,Crawfor,Norm,1Fam,1.5Fin,6,6,1914,1995,Gable,Wd Sdng,Wd Shng,None,0.0,2.0,2.0,BrkTil,4.0,3.0,1.0,1.0,0.0,1.0,0.0,676.0,676.0,4.0,Y,4.0,676,588,0,1264,0.0,0.0,1,0,3,1,2.0,6,Typ,0,0.0,Detchd,1994.0,1.0,2.0,400.0,3.0,2.0,424,0,0,0,0,0,NoFence,400,1,2008,WD ,Normal,147500,0,0,1,0,1,2,0,0,0,0,0,0,0,0,0,0,0
160,FV,24.0,2645,Pave,3.0,Lvl,Inside,2.0,Somerst,Norm,Twnhs,2Story,8,5,1999,2000,Gable,MetalSd,MetalSd,BrkFace,456.0,3.0,2.0,PConc,4.0,3.0,1.0,6.0,813.0,1.0,0.0,147.0,960.0,4.0,Y,4.0,962,645,0,1607,1.0,0.0,2,1,3,1,3.0,7,Typ,0,0.0,Detchd,2000.0,1.0,2.0,480.0,3.0,2.0,169,0,0,0,0,0,NoFence,0,12,2008,ConLD,Normal,200000,0,0,1,0,1,2,0,0,0,0,0,0,0,0,0,0,0
50,RM,50.0,6000,NoAlley,3.0,Lvl,Inside,2.0,BrkSide,Norm,1Fam,1.5Fin,6,6,1940,1950,Gable,MetalSd,MetalSd,None,0.0,2.0,3.0,CBlock,3.0,3.0,1.0,2.0,264.0,1.0,0.0,308.0,572.0,4.0,Y,3.0,848,348,0,1196,0.0,1.0,1,1,3,1,2.0,6,Typ,2,4.0,Detchd,1973.0,1.0,2.0,576.0,3.0,2.0,0,0,0,0,0,0,NoFence,0,3,2010,WD ,Normal,128000,0,1,1,0,1,3,0,0,0,0,0,0,0,0,0,0,0
20,RL,75.0,14559,NoAlley,3.0,Lvl,Inside,2.0,NAmes,Norm,1Fam,1Story,5,7,1951,2000,Hip,Wd Sdng,Wd Sdng,BrkCmn,70.0,3.0,2.0,CBlock,3.0,3.0,1.0,4.0,650.0,3.0,180.0,178.0,1008.0,4.0,Y,4.0,1363,0,0,1363,1.0,0.0,1,0,2,1,2.0,6,Min1,2,3.0,CarPort,1951.0,1.0,1.0,288.0,3.0,2.0,324,42,0,0,168,0,NoFence,2000,6,2009,WD ,Normal,164900,0,1,1,0,1,3,0,0,0,0,0,0,0,0,0,0,0
60,RL,111.0,16259,NoAlley,3.0,Lvl,Corner,2.0,NridgHt,Norm,1Fam,2Story,9,5,2006,2006,Gable,VinylSd,VinylSd,Stone,370.0,2.0,2.0,PConc,5.0,4.0,3.0,1.0,0.0,1.0,0.0,1249.0,1249.0,4.0,Y,4.0,1249,1347,0,2596,0.0,0.0,3,1,4,1,3.0,9,Typ,0,0.0,Attchd,2006.0,2.0,3.0,840.0,3.0,2.0,240,154,0,0,0,0,NoFence,0,9,2006,New,Partial,342643,0,0,1,0,1,2,0,0,0,0,0,0,0,0,0,0,0
20,RL,80.0,8400,NoAlley,3.0,Lvl,Inside,2.0,NAmes,Norm,1Fam,1Story,6,9,1962,2005,Gable,Wd Sdng,Wd Sdng,BrkFace,237.0,3.0,3.0,CBlock,3.0,3.0,1.0,1.0,0.0,1.0,0.0,1319.0,1319.0,2.0,Y,4.0,1537,0,0,1537,1.0,0.0,1,1,3,1,3.0,7,Typ,1,4.0,Attchd,1962.0,2.0,2.0,462.0,3.0,2.0,0,36,0,0,0,0,GdPrv,0,7,2008,COD,Abnorml,174000,0,1,1,1,1,4,0,0,0,0,0,0,0,0,0,0,0
20,RL,73.0,8339,NoAlley,2.0,Lvl,Inside,2.0,NAmes,Norm,1Fam,1Story,5,7,1959,1959,Gable,MetalSd,MetalSd,None,0.0,2.0,2.0,Slab,0.0,0.0,0.0,0.0,0.0,0.0,0.0,0.0,0.0,2.0,Y,4.0,882,0,0,882,0.0,0.0,1,0,3,1,2.0,5,Typ,0,0.0,Attchd,1959.0,2.0,1.0,294.0,3.0,2.0,0,0,0,0,0,0,MnPrv,1200,7,2007,WD ,Normal,106500,0,0,1,1,1,3,0,0,0,0,0,0,0,0,0,0,0
20,RL,72.0,10665,NoAlley,2.0,Lvl,Inside,2.0,CollgCr,Norm,1Fam,1Story,7,5,2003,2003,Gable,VinylSd,VinylSd,BrkFace,167.0,3.0,2.0,PConc,4.0,3.0,3.0,6.0,1013.0,1.0,0.0,440.0,1453.0,4.0,Y,4.0,1479,0,0,1479,1.0,0.0,2,0,3,1,3.0,7,Typ,0,0.0,Attchd,2003.0,2.0,2.0,558.0,3.0,2.0,144,29,0,0,0,0,NoFence,0,6,2007,WD ,Normal,226000,0,0,1,0,1,2,0,0,0,0,0,0,0,0,0,0,0
90,RL,76.0,9482,NoAlley,3.0,Lvl,Inside,2.0,NAmes,Norm,Duplex,1Story,5,4,1958,1958,Hip,Wd Sdng,Wd Sdng,BrkFace,657.0,2.0,2.0,PConc,3.0,3.0,1.0,1.0,0.0,1.0,0.0,1866.0,1866.0,4.0,Y,4.0,1866,0,0,1866,0.0,0.0,2,0,4,2,2.0,8,Typ,0,0.0,Detchd,1958.0,1.0,2.0,495.0,3.0,2.0,0,0,0,0,0,0,NoFence,0,12,2009,WD ,Normal,135000,0,0,1,0,1,2,0,0,0,0,0,0,0,0,0,0,0
50,RL,60.0,10134,NoAlley,3.0,Lvl,Inside,2.0,OldTown,Norm,1Fam,1.5Fin,5,6,1940,1950,Gable,MetalSd,MetalSd,None,0.0,2.0,2.0,CBlock,3.0,3.0,1.0,1.0,0.0,1.0,0.0,735.0,735.0,3.0,Y,3.0,735,299,0,1034,0.0,0.0,1,0,2,1,2.0,5,Typ,0,0.0,Detchd,1940.0,1.0,1.0,240.0,3.0,2.0,0,39,0,0,0,0,NoFence,0,7,2007,WD ,Normal,109000,0,0,1,0,1,2,0,0,0,0,0,0,0,0,0,0,0
160,RL,24.0,2308,NoAlley,3.0,Lvl,FR2,2.0,NPkVill,Norm,TwnhsE,2Story,6,6,1975,1975,Gable,Plywood,Brk Cmn,None,0.0,2.0,2.0,CBlock,4.0,3.0,1.0,5.0,286.0,2.0,294.0,275.0,855.0,3.0,Y,4.0,855,601,0,1456,0.0,0.0,2,1,4,1,2.0,7,Typ,0,0.0,Attchd,1975.0,2.0,2.0,460.0,3.0,2.0,0,0,0,0,0,0,NoFence,0,5,2008,WD ,Normal,143000,0,0,1,0,1,2,0,0,0,0,0,0,0,0,0,0,0
20,RL,72.0,9819,NoAlley,2.0,Lvl,Inside,1.0,Mitchel,Norm,1Fam,1Story,6,5,1977,1977,Gable,Plywood,ImStucc,None,0.0,2.0,2.0,PConc,3.0,3.0,4.0,5.0,1567.0,1.0,0.0,0.0,1567.0,2.0,Y,4.0,1567,0,0,1567,1.0,0.0,2,0,2,1,3.0,5,Typ,2,3.0,Attchd,1977.0,2.0,2.0,714.0,3.0,2.0,264,32,0,0,0,0,NoFence,0,5,2009,WD ,Normal,196000,0,1,1,0,1,3,0,0,0,0,0,0,0,0,0,0,0
20,RL,73.0,7830,NoAlley,2.0,Lvl,Inside,2.0,NAmes,Norm,1Fam,1Story,5,5,1970,1970,Gable,HdBoard,HdBoard,None,0.0,2.0,2.0,CBlock,3.0,3.0,1.0,1.0,0.0,1.0,0.0,1180.0,1180.0,2.0,Y,4.0,1180,0,0,1180,0.0,0.0,1,1,2,1,2.0,6,Typ,0,0.0,Attchd,1970.0,2.0,2.0,477.0,3.0,2.0,0,45,0,0,0,0,NoFence,0,3,2009,COD,Normal,128000,0,0,1,0,1,2,0,0,0,0,0,0,0,0,0,0,0
20,RL,182.0,14572,NoAlley,0.0,Lvl,Corner,2.0,Gilbert,Norm,1Fam,1Story,7,5,2004,2004,Hip,VinylSd,VinylSd,None,0.0,3.0,2.0,PConc,4.0,3.0,3.0,6.0,1300.0,1.0,0.0,230.0,1530.0,4.0,Y,4.0,1530,0,0,1530,1.0,0.0,2,0,3,1,3.0,7,Typ,1,4.0,Attchd,2004.0,3.0,3.0,630.0,3.0,2.0,144,36,0,0,0,0,NoFence,0,11,2007,WD ,Family,259000,0,1,1,0,1,3,0,0,0,0,0,0,0,0,0,0,0
20,RL,109.0,8724,NoAlley,3.0,Lvl,Inside,2.0,Sawyer,Norm,1Fam,1Story,5,5,1968,1968,Gable,VinylSd,VinylSd,None,0.0,2.0,2.0,CBlock,4.0,3.0,1.0,4.0,492.0,1.0,0.0,402.0,894.0,3.0,Y,4.0,894,0,0,894,0.0,0.0,1,0,3,1,2.0,5,Typ,1,1.0,Attchd,1968.0,3.0,2.0,450.0,3.0,2.0,0,0,0,0,0,0,NoFence,0,5,2007,WD ,Normal,129000,0,1,1,0,1,3,0,0,0,0,0,0,0,0,0,0,0
50,RL,80.0,9600,NoAlley,3.0,Lvl,Inside,2.0,NAmes,Norm,1Fam,1.5Fin,6,8,1950,2005,Gable,VinylSd,VinylSd,None,0.0,2.0,3.0,CBlock,3.0,3.0,1.0,4.0,120.0,1.0,0.0,736.0,856.0,4.0,Y,4.0,1112,556,0,1668,0.0,0.0,1,1,3,1,2.0,6,Min2,0,0.0,Attchd,1950.0,1.0,1.0,271.0,3.0,2.0,0,0,0,0,0,0,MnPrv,0,9,2009,WD ,Normal,140000,0,0,1,1,1,3,0,0,0,0,0,0,0,0,0,0,0
60,RL,70.0,11184,NoAlley,3.0,Lvl,Inside,2.0,Sawyer,Norm,1Fam,2Story,6,5,1978,1978,Hip,HdBoard,HdBoard,BrkFace,92.0,2.0,2.0,CBlock,3.0,3.0,1.0,2.0,226.0,3.0,500.0,192.0,918.0,3.0,Y,4.0,918,765,0,1683,0.0,0.0,2,1,3,1,2.0,7,Typ,1,3.0,Attchd,1978.0,2.0,2.0,440.0,3.0,2.0,243,0,0,0,0,0,NoFence,0,7,2009,WD ,Normal,172500,0,1,1,0,1,3,0,0,0,0,0,0,0,0,0,0,0
60,RL,70.0,9375,NoAlley,3.0,Lvl,Inside,2.0,CollgCr,Norm,1Fam,2Story,7,5,1997,1998,Gable,VinylSd,VinylSd,BrkFace,573.0,2.0,2.0,PConc,4.0,3.0,1.0,6.0,739.0,1.0,0.0,318.0,1057.0,4.0,Y,4.0,1057,977,0,2034,1.0,0.0,2,1,3,1,3.0,8,Typ,0,0.0,Attchd,1998.0,2.0,2.0,645.0,3.0,2.0,576,36,0,0,0,0,GdPrv,0,2,2009,WD ,Normal,219500,0,0,1,1,1,3,0,0,0,0,0,0,0,0,0,0,0
70,RM,50.0,9000,NoAlley,3.0,Lvl,Inside,2.0,OldTown,Artery,1Fam,2Story,7,9,1920,1988,Hip,VinylSd,VinylSd,None,0.0,2.0,3.0,PConc,3.0,3.0,1.0,5.0,624.0,1.0,0.0,26.0,650.0,4.0,Y,4.0,832,650,0,1482,0.0,1.0,1,0,3,1,2.0,7,Typ,0,0.0,Detchd,1930.0,1.0,2.0,324.0,3.0,2.0,0,0,0,0,0,0,NoFence,0,7,2009,WD ,Normal,143000,0,0,1,0,1,2,0,0,0,0,0,0,0,0,0,0,0
120,RM,36.0,4435,NoAlley,3.0,Lvl,Inside,2.0,CollgCr,Norm,TwnhsE,1Story,6,5,2003,2003,Gable,VinylSd,VinylSd,BrkFace,170.0,3.0,2.0,PConc,4.0,3.0,3.0,6.0,659.0,1.0,0.0,189.0,848.0,4.0,Y,4.0,848,0,0,848,1.0,0.0,1,0,1,1,3.0,3,Typ,0,0.0,Attchd,2003.0,3.0,2.0,420.0,3.0,2.0,140,0,0,0,0,0,NoFence,0,11,2007,WD ,Normal,131500,0,0,1,0,1,2,0,0,0,0,0,0,0,0,0,0,0
20,RL,70.0,10552,NoAlley,2.0,Lvl,Inside,2.0,NAmes,Norm,1Fam,1Story,5,5,1959,1959,Hip,BrkFace,BrkFace,None,0.0,2.0,2.0,CBlock,3.0,3.0,1.0,3.0,1018.0,1.0,0.0,380.0,1398.0,3.0,Y,4.0,1700,0,0,1700,0.0,1.0,1,1,4,1,3.0,6,Typ,1,4.0,Attchd,1959.0,2.0,2.0,447.0,3.0,2.0,0,38,0,0,0,0,NoFence,0,4,2010,WD ,Normal,165500,0,1,1,0,1,3,0,0,0,0,0,0,0,0,0,0,0
50,RL,60.0,10410,NoAlley,3.0,Lvl,Inside,2.0,OldTown,Norm,1Fam,1.5Fin,5,7,1916,1987,Gable,HdBoard,HdBoard,None,0.0,2.0,2.0,CBlock,2.0,3.0,1.0,1.0,0.0,1.0,0.0,660.0,660.0,4.0,Y,4.0,808,704,144,1656,0.0,0.0,2,1,3,1,2.0,8,Min2,0,0.0,Detchd,1916.0,1.0,1.0,180.0,2.0,0.0,0,0,0,140,0,0,MnPrv,0,8,2009,WD ,Normal,135000,0,0,1,1,1,3,0,0,0,0,0,0,0,0,0,0,0
60,RL,64.0,9765,NoAlley,1.0,Lvl,Corner,2.0,Gilbert,Norm,1Fam,2Story,6,8,1993,1993,Gable,VinylSd,VinylSd,BrkFace,68.0,4.0,3.0,PConc,4.0,4.0,1.0,5.0,310.0,1.0,0.0,370.0,680.0,3.0,Y,4.0,680,790,0,1470,0.0,0.0,2,1,3,1,2.0,6,Typ,1,3.0,BuiltIn,1993.0,3.0,2.0,420.0,3.0,2.0,232,63,0,0,0,0,NoFence,480,4,2009,WD ,Normal,185000,0,1,1,0,1,3,0,0,0,0,0,0,0,0,0,0,0
20,RL,75.0,9750,NoAlley,3.0,Lvl,Inside,2.0,NAmes,Norm,1Fam,1Story,6,6,1958,1958,Gable,MetalSd,MetalSd,BrkFace,243.0,2.0,2.0,CBlock,3.0,3.0,1.0,3.0,608.0,1.0,0.0,834.0,1442.0,3.0,Y,4.0,1442,0,0,1442,0.0,0.0,1,1,4,1,2.0,7,Typ,0,0.0,Attchd,1958.0,2.0,1.0,301.0,3.0,2.0,0,0,275,0,0,0,NoFence,500,4,2007,COD,Normal,157900,0,0,1,0,1,2,0,0,0,0,0,0,0,0,0,0,0
20,RL,80.0,10000,NoAlley,3.0,Lvl,Inside,2.0,Mitchel,Norm,1Fam,1Story,5,5,2002,2002,Gable,VinylSd,VinylSd,BrkFace,166.0,3.0,2.0,PConc,4.0,3.0,1.0,6.0,585.0,1.0,0.0,856.0,1441.0,4.0,Y,4.0,1392,0,0,1392,0.0,0.0,2,0,3,1,3.0,6,Typ,1,4.0,Attchd,2002.0,3.0,3.0,650.0,3.0,2.0,168,49,0,0,0,0,NoFence,0,12,2007,WD ,Normal,215000,0,1,1,0,1,3,0,0,0,0,0,0,0,0,0,0,0
160,FV,34.0,3604,Pave,3.0,Lvl,Corner,2.0,Somerst,Norm,TwnhsE,2Story,7,5,2007,2007,Gable,VinylSd,VinylSd,None,0.0,3.0,2.0,PConc,4.0,3.0,1.0,1.0,0.0,1.0,0.0,689.0,689.0,4.0,Y,4.0,703,689,0,1392,0.0,0.0,2,0,2,1,3.0,5,Typ,0,0.0,Detchd,2007.0,1.0,2.0,540.0,3.0,2.0,0,102,0,0,0,0,NoFence,0,2,2008,WD ,Abnorml,146000,0,0,1,0,1,2,0,0,0,0,0,0,0,0,0,0,0
80,RL,73.0,9735,NoAlley,3.0,Lvl,Inside,2.0,Timber,Norm,1Fam,SLvl,5,5,2006,2007,Gable,VinylSd,VinylSd,None,0.0,2.0,2.0,PConc,4.0,3.0,1.0,1.0,0.0,1.0,0.0,384.0,384.0,3.0,Y,4.0,754,640,0,1394,0.0,0.0,2,1,3,1,3.0,7,Typ,0,0.0,BuiltIn,2007.0,3.0,2.0,400.0,3.0,2.0,100,0,0,0,0,0,NoFence,0,5,2008,WD ,Normal,167500,0,0,1,0,1,2,0,0,0,0,0,0,0,0,0,0,0
90,RL,60.0,8544,NoAlley,3.0,Lvl,Inside,2.0,NAmes,Norm,Duplex,1Story,3,4,1950,1950,Gable,Stucco,Stone,None,0.0,2.0,2.0,CBlock,0.0,0.0,0.0,0.0,0.0,0.0,0.0,0.0,0.0,3.0,N,1.0,1040,0,0,1040,0.0,0.0,2,0,2,2,2.0,6,Typ,0,0.0,Detchd,1949.0,1.0,2.0,400.0,3.0,2.0,0,0,0,0,0,0,NoFence,0,7,2006,WD ,Normal,93500,0,0,0,0,1,1,0,0,0,0,0,0,0,0,0,0,0
75,RL,52.0,11888,Pave,2.0,Bnk,Inside,2.0,BrkSide,PosN,1Fam,2.5Unf,6,6,1916,1994,Gable,Wd Sdng,Wd Shng,None,0.0,2.0,2.0,BrkTil,3.0,3.0,1.0,1.0,0.0,1.0,0.0,844.0,844.0,3.0,N,3.0,1445,689,0,2134,0.0,0.0,2,0,5,1,3.0,10,Typ,0,0.0,Detchd,1930.0,1.0,2.0,441.0,3.0,2.0,0,60,268,0,0,0,NoFence,0,7,2009,WD ,Normal,214500,0,0,0,0,1,1,0,0,0,0,0,0,0,0,0,0,0
60,RL,93.0,10261,NoAlley,2.0,Lvl,Inside,2.0,Gilbert,Norm,1Fam,2Story,6,5,2000,2000,Gable,VinylSd,VinylSd,BrkFace,318.0,2.0,2.0,PConc,4.0,3.0,1.0,1.0,0.0,1.0,0.0,936.0,936.0,4.0,Y,4.0,962,830,0,1792,1.0,0.0,2,1,3,1,2.0,8,Typ,1,3.0,Attchd,2000.0,3.0,2.0,451.0,3.0,2.0,0,0,0,0,0,0,NoFence,0,5,2008,WD ,Normal,186500,0,1,1,0,1,3,0,0,0,0,0,0,0,0,0,0,0
60,RL,89.5,12568,NoAlley,3.0,Lvl,Inside,2.0,NridgHt,Norm,1Fam,2Story,8,5,2007,2007,Hip,VinylSd,VinylSd,Stone,246.0,3.0,2.0,PConc,5.0,3.0,3.0,6.0,669.0,1.0,0.0,226.0,895.0,4.0,Y,4.0,895,923,0,1818,1.0,0.0,2,1,3,1,4.0,8,Typ,1,4.0,Attchd,2007.0,3.0,3.0,774.0,3.0,2.0,196,104,0,0,0,0,NoFence,0,8,2007,New,Partial,281500,0,1,1,0,1,3,0,0,0,0,0,0,0,0,0,0,0
120,RL,24.0,2304,NoAlley,3.0,Lvl,Inside,2.0,NPkVill,Norm,Twnhs,1Story,7,7,1978,1978,Gable,Plywood,Brk Cmn,None,0.0,2.0,2.0,CBlock,4.0,3.0,1.0,6.0,632.0,1.0,6.0,423.0,1061.0,2.0,Y,4.0,1055,0,0,1055,0.0,0.0,2,0,2,1,2.0,4,Typ,0,0.0,Attchd,1978.0,1.0,1.0,319.0,3.0,2.0,108,32,0,0,0,0,NoFence,0,4,2007,WD ,Normal,142500,0,0,1,0,1,2,0,0,0,0,0,0,0,0,0,0,0
20,RL,73.0,10355,NoAlley,2.0,Lvl,Corner,2.0,NAmes,Norm,1Fam,1Story,5,5,1967,1967,Gable,MetalSd,MetalSd,BrkFace,196.0,2.0,2.0,CBlock,3.0,3.0,1.0,4.0,695.0,1.0,0.0,519.0,1214.0,2.0,Y,4.0,1214,0,0,1214,0.0,0.0,2,0,3,1,2.0,5,Typ,1,2.0,Attchd,1967.0,2.0,1.0,318.0,3.0,2.0,0,111,0,0,0,0,NoFence,0,7,2007,WD ,Normal,143000,0,1,1,0,1,3,0,0,0,0,0,0,0,0,0,0,0
50,RM,60.0,10320,Grvl,3.0,Lvl,Inside,2.0,IDOTRR,Norm,1Fam,1.5Fin,4,5,1924,1950,Gable,MetalSd,MetalSd,None,0.0,2.0,2.0,BrkTil,3.0,2.0,1.0,1.0,0.0,1.0,0.0,596.0,596.0,0.0,Y,1.0,834,596,0,1430,0.0,0.0,2,0,3,1,1.0,7,Typ,0,0.0,Detchd,1924.0,1.0,2.0,370.0,2.0,2.0,218,0,0,0,210,0,NoFence,0,10,2006,WD ,Abnorml,107000,0,0,1,0,1,2,0,0,0,0,0,0,0,0,0,0,0
20,RL,90.0,5400,NoAlley,3.0,Lvl,Inside,2.0,OldTown,Norm,1Fam,1Story,5,7,1954,2000,Gable,MetalSd,MetalSd,None,0.0,2.0,3.0,CBlock,3.0,3.0,1.0,3.0,415.0,1.0,0.0,418.0,833.0,4.0,Y,4.0,833,0,0,833,0.0,0.0,1,0,2,1,3.0,4,Typ,0,0.0,Detchd,1955.0,1.0,1.0,326.0,3.0,2.0,0,0,0,0,0,0,MnPrv,0,8,2006,WD ,Normal,117000,0,0,1,1,1,3,0,0,0,0,0,0,0,0,0,0,0
120,FV,73.0,4765,NoAlley,2.0,Lvl,Inside,2.0,Somerst,Norm,TwnhsE,1Story,9,5,2000,2000,Hip,MetalSd,MetalSd,BrkFace,260.0,3.0,2.0,PConc,4.0,3.0,3.0,6.0,1027.0,1.0,0.0,587.0,1614.0,4.0,Y,4.0,1638,0,0,1638,1.0,0.0,2,0,2,1,4.0,5,Typ,1,3.0,Attchd,2000.0,3.0,2.0,495.0,3.0,2.0,230,68,0,0,0,0,NoFence,0,7,2008,WD ,Normal,300000,0,1,1,0,1,3,0,0,0,0,0,0,0,0,0,0,0
80,RL,62.0,7750,NoAlley,3.0,Lvl,Inside,2.0,Gilbert,Norm,1Fam,SLvl,7,5,1999,2000,Gable,VinylSd,VinylSd,None,0.0,2.0,2.0,PConc,4.0,3.0,1.0,1.0,0.0,1.0,0.0,384.0,384.0,4.0,Y,4.0,774,656,0,1430,0.0,0.0,2,1,3,1,2.0,7,Typ,1,3.0,BuiltIn,1999.0,2.0,2.0,400.0,3.0,2.0,0,0,0,0,0,0,NoFence,0,3,2009,WD ,Normal,156000,0,1,1,0,1,3,0,0,0,0,0,0,0,0,0,0,0
60,RL,80.0,9760,NoAlley,3.0,Lvl,Inside,1.0,NAmes,Norm,1Fam,2Story,6,6,1964,1964,Gable,HdBoard,HdBoard,BrkFace,360.0,2.0,2.0,CBlock,3.0,3.0,4.0,6.0,674.0,2.0,106.0,0.0,780.0,2.0,Y,4.0,798,813,0,1611,1.0,0.0,1,1,4,1,2.0,7,Typ,0,0.0,Attchd,1964.0,2.0,2.0,442.0,3.0,2.0,328,128,0,0,189,0,NoFence,0,6,2008,WD ,Normal,167900,0,0,1,0,1,2,0,0,0,0,0,0,0,0,0,0,0
60,RL,80.0,10240,NoAlley,3.0,Lvl,Inside,2.0,NridgHt,Norm,1Fam,2Story,8,5,2005,2005,Gable,VinylSd,VinylSd,BrkFace,178.0,3.0,2.0,PConc,4.0,3.0,2.0,1.0,0.0,1.0,0.0,1030.0,1030.0,3.0,Y,4.0,1038,1060,0,2098,0.0,0.0,2,1,3,1,4.0,8,Typ,1,4.0,Attchd,2005.0,2.0,3.0,878.0,3.0,2.0,192,52,0,0,0,0,NoFence,0,3,2006,WD ,Normal,275500,0,1,1,0,1,3,0,0,0,0,0,0,0,0,0,0,0
20,RL,85.0,16669,NoAlley,2.0,Lvl,Corner,2.0,Timber,Norm,1Fam,1Story,8,6,1981,1981,Hip,Plywood,Plywood,BrkFace,653.0,3.0,2.0,CBlock,4.0,3.0,1.0,1.0,0.0,1.0,0.0,1686.0,1686.0,2.0,Y,4.0,1707,0,0,1707,0.0,0.0,2,1,2,1,2.0,6,Typ,1,3.0,Attchd,1981.0,2.0,2.0,511.0,3.0,2.0,574,64,0,0,0,0,NoFence,0,1,2006,WD ,Normal,228000,0,1,1,0,1,3,0,0,0,0,0,0,0,0,0,0,0
180,RM,21.0,1533,NoAlley,3.0,Lvl,Inside,2.0,MeadowV,Norm,Twnhs,SLvl,4,5,1970,1970,Gable,CemntBd,CmentBd,None,0.0,2.0,2.0,CBlock,4.0,3.0,3.0,6.0,503.0,1.0,0.0,27.0,530.0,2.0,Y,4.0,530,462,0,992,1.0,0.0,1,0,2,1,2.0,4,Typ,0,0.0,BuiltIn,1970.0,3.0,1.0,297.0,3.0,2.0,112,97,0,0,0,0,NoFence,0,7,2007,WD ,Normal,106500,0,0,1,0,1,2,0,0,0,0,0,0,0,0,0,0,0
120,FV,59.0,4282,Pave,1.0,Lvl,Inside,2.0,Somerst,Norm,TwnhsE,1Story,7,5,2004,2004,Gable,MetalSd,MetalSd,None,0.0,3.0,2.0,PConc,4.0,3.0,2.0,6.0,16.0,1.0,0.0,1375.0,1391.0,4.0,Y,4.0,1391,0,0,1391,0.0,0.0,2,0,2,1,3.0,5,Typ,0,0.0,Attchd,2004.0,2.0,2.0,530.0,3.0,2.0,156,158,0,0,0,0,NoFence,0,7,2008,WD ,Normal,196000,0,0,1,0,1,2,0,0,0,0,0,0,0,0,0,0,0
20,RL,80.0,9600,NoAlley,3.0,Lvl,Inside,2.0,NWAmes,Norm,1Fam,1Story,7,6,1973,1973,Hip,HdBoard,HdBoard,BrkFace,320.0,2.0,2.0,CBlock,3.0,3.0,1.0,5.0,916.0,1.0,0.0,326.0,1242.0,1.0,Y,4.0,1242,0,0,1242,0.0,0.0,1,1,3,1,2.0,6,Typ,1,3.0,Attchd,1973.0,1.0,2.0,528.0,3.0,2.0,0,0,0,0,0,0,NoFence,0,9,2007,WD ,Normal,175500,0,1,1,0,1,3,0,0,0,0,0,0,0,0,0,0,0
60,RL,65.0,8125,NoAlley,3.0,Lvl,Inside,2.0,Gilbert,Norm,1Fam,2Story,6,5,1994,1995,Gable,HdBoard,HdBoard,None,0.0,2.0,2.0,PConc,4.0,3.0,1.0,1.0,0.0,1.0,0.0,702.0,702.0,3.0,Y,4.0,702,779,0,1481,0.0,0.0,2,1,3,1,2.0,6,Typ,1,3.0,Attchd,1994.0,3.0,2.0,343.0,3.0,2.0,0,36,0,0,0,0,NoFence,0,3,2009,WD ,Normal,174000,0,1,1,0,1,3,0,0,0,0,0,0,0,0,0,0,0
80,RL,65.0,10482,NoAlley,3.0,Lvl,Inside,2.0,NAmes,Norm,1Fam,SLvl,6,8,1958,1958,Hip,VinylSd,VinylSd,BrkFace,63.0,2.0,3.0,CBlock,3.0,3.0,3.0,6.0,507.0,1.0,0.0,81.0,588.0,4.0,Y,4.0,1138,0,0,1138,0.0,1.0,1,0,3,1,2.0,6,Typ,0,0.0,Attchd,1958.0,2.0,1.0,264.0,3.0,2.0,224,0,0,0,0,0,MnWw,0,6,2007,WD ,Normal,145000,0,0,1,1,1,3,0,0,0,0,0,0,0,0,0,0,0
120,RL,50.0,8012,NoAlley,3.0,Lvl,Inside,2.0,SawyerW,Norm,TwnhsE,1Story,6,5,1992,1992,Gable,Plywood,ImStucc,None,0.0,3.0,2.0,PConc,4.0,3.0,1.0,6.0,430.0,1.0,0.0,1145.0,1575.0,3.0,Y,4.0,1575,0,0,1575,1.0,0.0,2,0,2,1,3.0,5,Typ,0,0.0,Attchd,1992.0,2.0,2.0,529.0,3.0,2.0,0,0,52,0,0,0,NoFence,0,7,2007,WD ,Normal,179200,0,0,1,0,1,2,0,0,0,0,0,0,0,0,0,0,0
60,RL,91.0,12585,NoAlley,2.0,Lvl,Inside,2.0,NoRidge,Norm,1Fam,2Story,8,5,1993,1993,Gable,HdBoard,ImStucc,BrkFace,420.0,3.0,2.0,PConc,4.0,3.0,1.0,2.0,247.0,6.0,1039.0,0.0,1286.0,4.0,Y,4.0,1565,1234,0,2799,1.0,0.0,2,1,3,1,3.0,8,Typ,1,3.0,Attchd,1993.0,3.0,3.0,704.0,3.0,2.0,432,136,0,0,0,0,NoFence,0,10,2006,WD ,Normal,315000,0,1,1,0,1,3,0,0,0,0,0,0,0,0,0,0,0
20,RL,44.0,12864,NoAlley,2.0,Lvl,CulDSac,2.0,Mitchel,Norm,1Fam,1Story,7,5,2002,2002,Gable,VinylSd,VinylSd,None,0.0,3.0,2.0,PConc,4.0,3.0,1.0,6.0,1392.0,1.0,0.0,17.0,1409.0,4.0,Y,4.0,1409,0,0,1409,1.0,0.0,1,1,1,1,3.0,4,Typ,1,4.0,Attchd,2002.0,2.0,2.0,576.0,3.0,2.0,0,144,0,0,145,0,NoFence,0,7,2007,WD ,Normal,245000,0,1,1,0,1,3,0,0,0,0,0,0,0,0,0,0,0
50,RL,70.0,11700,Grvl,2.0,HLS,Inside,1.0,Crawfor,Norm,1Fam,1.5Fin,5,6,1937,1995,Gable,WdShing,Wd Shng,None,0.0,2.0,2.0,CBlock,3.0,3.0,1.0,4.0,606.0,1.0,0.0,336.0,942.0,4.0,Y,4.0,1265,673,0,1938,0.0,0.0,2,0,4,1,3.0,7,Min2,1,4.0,Detchd,1937.0,1.0,1.0,240.0,3.0,2.0,0,40,0,0,0,0,NoFence,0,7,2008,WD ,Normal,198000,0,1,1,0,1,3,0,0,0,0,0,0,0,0,0,0,0
20,FV,72.0,8640,NoAlley,3.0,Lvl,Inside,2.0,Somerst,Norm,1Fam,1Story,8,5,2006,2006,Gable,VinylSd,VinylSd,None,0.0,3.0,2.0,PConc,4.0,3.0,1.0,6.0,24.0,1.0,0.0,1254.0,1278.0,4.0,Y,4.0,1278,0,0,1278,0.0,0.0,2,0,2,1,3.0,5,Typ,0,0.0,Attchd,2006.0,2.0,2.0,584.0,3.0,2.0,0,60,0,0,0,0,NoFence,0,10,2006,New,Partial,198600,0,0,1,0,1,2,0,0,0,0,0,0,0,0,0,0,0
60,RL,70.0,12334,NoAlley,2.0,Lvl,Inside,2.0,CollgCr,Norm,1Fam,2Story,8,5,2003,2003,Gable,VinylSd,VinylSd,BrkFace,198.0,3.0,2.0,PConc,4.0,3.0,3.0,1.0,0.0,1.0,0.0,1068.0,1068.0,4.0,Y,4.0,1068,1116,0,2184,0.0,0.0,2,1,4,1,3.0,8,Typ,1,4.0,BuiltIn,2003.0,2.0,2.0,570.0,3.0,2.0,192,132,0,0,0,0,NoFence,0,6,2009,WD ,Normal,254750,0,1,1,0,1,3,0,0,0,0,0,0,0,0,0,0,0
20,FV,72.0,8640,NoAlley,3.0,Lvl,Inside,2.0,Somerst,Norm,1Fam,1Story,8,5,2007,2008,Gable,VinylSd,VinylSd,None,0.0,3.0,2.0,PConc,4.0,3.0,1.0,6.0,24.0,1.0,0.0,1339.0,1363.0,4.0,Y,4.0,1372,0,0,1372,0.0,0.0,2,0,3,1,3.0,6,Typ,0,0.0,Attchd,2008.0,2.0,2.0,588.0,3.0,2.0,192,113,0,0,0,0,NoFence,0,7,2008,New,Partial,212700,0,0,1,0,1,2,0,0,0,0,0,0,0,0,0,0,0
50,RL,78.0,10452,NoAlley,2.0,Lvl,Inside,2.0,Crawfor,Norm,1Fam,1.5Fin,7,6,1941,1985,Gable,Wd Sdng,Wd Sdng,BrkFace,371.0,3.0,3.0,BrkTil,4.0,3.0,1.0,5.0,426.0,4.0,252.0,850.0,1528.0,4.0,Y,4.0,1225,908,0,2133,1.0,0.0,1,1,4,1,2.0,8,Typ,2,3.0,Attchd,1941.0,1.0,1.0,312.0,3.0,2.0,0,0,86,0,0,0,NoFence,0,7,2010,WD ,Normal,257500,0,1,1,0,1,3,0,0,0,0,0,0,0,0,0,0,0
50,RL,70.0,11767,NoAlley,3.0,Lvl,Inside,2.0,Edwards,Norm,1Fam,2Story,4,7,1910,2000,Gable,MetalSd,HdBoard,None,0.0,2.0,2.0,CBlock,2.0,3.0,1.0,1.0,0.0,1.0,0.0,560.0,560.0,3.0,N,4.0,796,550,0,1346,0.0,0.0,1,1,2,1,2.0,6,Min2,0,0.0,Detchd,1950.0,1.0,1.0,384.0,2.0,2.0,168,24,0,0,0,0,GdWo,0,5,2007,WD ,Normal,112000,0,0,0,1,1,2,0,0,0,0,0,0,0,0,0,0,0
50,RL,57.0,7558,NoAlley,3.0,Bnk,Inside,2.0,Crawfor,Norm,1Fam,1.5Fin,6,6,1928,1950,Gable,BrkFace,Stone,None,0.0,2.0,2.0,BrkTil,3.0,3.0,1.0,1.0,0.0,1.0,0.0,896.0,896.0,3.0,Y,4.0,1172,741,0,1913,0.0,0.0,1,1,3,1,2.0,9,Typ,1,3.0,Detchd,1929.0,1.0,2.0,342.0,2.0,2.0,0,0,0,0,0,0,NoFence,0,3,2009,WD ,Normal,177000,0,1,1,0,1,3,0,0,0,0,0,0,0,0,0,0,0
160,FV,24.0,2572,NoAlley,3.0,Lvl,FR2,2.0,Somerst,Norm,Twnhs,2Story,7,5,1999,1999,Hip,MetalSd,MetalSd,None,0.0,3.0,2.0,PConc,4.0,3.0,1.0,5.0,604.0,1.0,0.0,92.0,696.0,4.0,Y,4.0,696,720,0,1416,1.0,0.0,2,1,3,1,3.0,6,Typ,0,0.0,Detchd,1999.0,1.0,2.0,484.0,3.0,2.0,0,44,0,0,0,0,NoFence,0,5,2010,WD ,Normal,155000,0,0,1,0,1,2,0,0,0,0,0,0,0,0,0,0,0
40,RL,55.0,6854,NoAlley,3.0,Bnk,Inside,1.0,BrkSide,Norm,1Fam,1Story,5,7,1925,1994,Gable,MetalSd,MetalSd,None,0.0,2.0,3.0,PConc,3.0,3.0,1.0,2.0,317.0,3.0,227.0,212.0,756.0,2.0,N,3.0,916,144,0,1060,1.0,0.0,1,0,1,1,2.0,6,Mod,1,4.0,Detchd,1969.0,1.0,1.0,308.0,2.0,2.0,0,65,0,0,150,0,NoFence,0,8,2007,WD ,Normal,136500,0,1,0,0,1,2,0,0,0,0,0,0,0,0,0,0,0
60,RL,74.0,13517,NoAlley,2.0,Lvl,CulDSac,2.0,Sawyer,RRAe,1Fam,2Story,6,8,1976,2005,Gable,HdBoard,Plywood,BrkFace,289.0,3.0,2.0,CBlock,3.0,3.0,1.0,6.0,533.0,1.0,0.0,192.0,725.0,4.0,Y,4.0,725,754,0,1479,0.0,0.0,2,1,3,1,3.0,6,Typ,0,0.0,Attchd,1976.0,2.0,2.0,475.0,3.0,2.0,0,44,0,0,0,0,NoFence,0,3,2010,WD ,Normal,130500,0,0,1,0,1,2,0,0,0,0,0,0,0,0,0,0,0
60,RL,65.0,12438,NoAlley,2.0,Lvl,Inside,2.0,CollgCr,PosN,1Fam,2Story,6,5,1995,1995,Gable,VinylSd,VinylSd,BrkFace,68.0,3.0,2.0,PConc,4.0,3.0,1.0,1.0,0.0,1.0,0.0,781.0,781.0,4.0,Y,4.0,795,704,0,1499,0.0,0.0,2,1,3,1,3.0,6,Typ,1,3.0,Attchd,1995.0,2.0,2.0,473.0,3.0,2.0,413,91,0,0,0,0,NoFence,0,8,2006,WD ,Normal,187000,0,1,1,0,1,3,0,0,0,0,0,0,0,0,0,0,0
160,RM,21.0,1484,NoAlley,3.0,Lvl,Inside,2.0,MeadowV,Norm,TwnhsE,2Story,4,4,1972,1972,Gable,CemntBd,CmentBd,None,0.0,2.0,2.0,CBlock,3.0,3.0,1.0,3.0,252.0,1.0,0.0,294.0,546.0,2.0,Y,4.0,546,546,0,1092,0.0,0.0,1,1,3,1,2.0,5,Typ,0,0.0,Attchd,1972.0,1.0,1.0,253.0,3.0,2.0,0,0,0,0,0,0,NoFence,0,5,2006,WD ,Normal,79400,0,0,1,0,1,2,0,0,0,0,0,0,0,0,0,0,0
160,RM,21.0,2001,NoAlley,3.0,Lvl,Inside,2.0,MeadowV,Norm,Twnhs,2Story,4,5,1970,1970,Gable,CemntBd,CmentBd,BrkFace,80.0,2.0,2.0,CBlock,3.0,3.0,1.0,1.0,0.0,1.0,0.0,546.0,546.0,1.0,Y,4.0,546,546,0,1092,0.0,0.0,1,1,3,1,2.0,6,Typ,0,0.0,Attchd,1970.0,1.0,1.0,286.0,3.0,2.0,0,0,0,0,0,0,NoFence,0,1,2007,WD ,Normal,75000,0,0,1,0,1,2,0,0,0,0,0,0,0,0,0,0,0
60,RL,65.0,14006,NoAlley,2.0,Lvl,Inside,2.0,CollgCr,Norm,1Fam,2Story,7,5,2002,2002,Gable,VinylSd,VinylSd,BrkFace,144.0,3.0,2.0,PConc,4.0,3.0,1.0,1.0,0.0,1.0,0.0,936.0,936.0,4.0,Y,4.0,936,840,0,1776,0.0,0.0,2,1,3,1,3.0,7,Typ,1,3.0,Attchd,2002.0,2.0,2.0,474.0,3.0,2.0,144,96,0,0,0,0,NoFence,0,2,2006,WD ,Normal,192500,0,1,1,0,1,3,0,0,0,0,0,0,0,0,0,0,0
20,RL,37.0,6951,NoAlley,2.0,Lvl,CulDSac,2.0,Mitchel,Norm,1Fam,1Story,5,5,1984,1985,Gable,HdBoard,Plywood,None,0.0,2.0,2.0,CBlock,3.0,3.0,1.0,5.0,658.0,1.0,0.0,218.0,876.0,2.0,Y,4.0,923,0,0,923,1.0,0.0,1,0,3,1,2.0,5,Typ,0,0.0,Attchd,1984.0,1.0,1.0,264.0,3.0,2.0,362,0,0,0,0,0,MnPrv,0,10,2008,WD ,Normal,119500,0,0,1,1,1,3,0,0,0,0,0,0,0,0,0,0,0
90,RL,72.0,11836,NoAlley,2.0,Lvl,Corner,2.0,Mitchel,Norm,Duplex,1Story,5,5,1970,1970,Gable,Plywood,Plywood,None,0.0,2.0,2.0,CBlock,3.0,3.0,1.0,4.0,149.0,1.0,0.0,1503.0,1652.0,2.0,Y,4.0,1652,0,0,1652,0.0,0.0,2,0,4,2,2.0,8,Typ,0,0.0,2Types,1970.0,1.0,3.0,928.0,3.0,2.0,0,0,0,0,0,0,NoFence,0,3,2006,WD ,Normal,146500,0,0,1,0,1,2,0,0,0,0,0,0,0,0,0,0,0
30,RL,54.0,7223,NoAlley,3.0,Lvl,Inside,2.0,Crawfor,Norm,1Fam,1Story,5,5,1926,1950,Hip,Stucco,Plywood,None,0.0,2.0,2.0,PConc,3.0,3.0,2.0,4.0,319.0,1.0,0.0,971.0,1290.0,2.0,Y,4.0,1422,0,0,1422,0.0,0.0,1,0,3,1,2.0,6,Typ,0,0.0,Detchd,1973.0,1.0,1.0,352.0,3.0,2.0,0,0,64,0,0,0,MnPrv,0,4,2007,WD ,Normal,136500,0,0,1,1,1,3,0,0,0,0,0,0,0,0,0,0,0
20,RL,94.0,25286,NoAlley,3.0,HLS,Inside,1.0,Mitchel,Norm,1Fam,1Story,4,5,1963,1963,Gable,HdBoard,Plywood,None,0.0,2.0,2.0,PConc,3.0,3.0,4.0,5.0,633.0,1.0,0.0,431.0,1064.0,3.0,Y,4.0,1040,0,0,1040,1.0,0.0,1,0,3,1,2.0,5,Typ,0,0.0,Attchd,1963.0,1.0,2.0,648.0,3.0,2.0,0,0,0,0,0,0,NoFence,0,1,2007,WD ,Normal,132250,0,0,1,0,1,2,0,0,0,0,0,0,0,0,0,0,0
50,RL,77.0,9786,NoAlley,2.0,Bnk,Inside,2.0,NAmes,Norm,1Fam,1.5Fin,6,7,1962,1981,Gable,Wd Sdng,Wd Sdng,None,0.0,2.0,2.0,CBlock,3.0,3.0,1.0,3.0,600.0,1.0,0.0,312.0,912.0,2.0,Y,4.0,1085,649,0,1734,0.0,0.0,1,1,3,1,3.0,7,Typ,1,4.0,Attchd,1962.0,2.0,2.0,440.0,3.0,2.0,0,0,0,0,128,0,GdPrv,0,6,2006,WD ,Normal,159000,0,1,1,1,1,4,0,0,0,0,0,0,0,0,0,0,0
70,RL,113.0,21281,NoAlley,3.0,Lvl,Inside,2.0,NAmes,Norm,1Fam,2Story,5,4,1935,2007,Gable,Wd Sdng,MetalSd,None,0.0,2.0,2.0,BrkTil,3.0,2.0,1.0,1.0,0.0,1.0,0.0,666.0,666.0,3.0,Y,4.0,1308,1778,0,3086,0.0,0.0,3,1,4,1,3.0,9,Min1,0,0.0,BuiltIn,2007.0,1.0,3.0,1200.0,3.0,2.0,0,208,290,0,156,0,NoFence,0,11,2007,WD ,Family,301600,0,0,1,0,1,2,0,0,0,0,0,0,0,0,0,0,0
70,RM,57.0,8094,Grvl,3.0,Lvl,Inside,2.0,OldTown,Norm,1Fam,2Story,6,6,1915,1950,Gable,MetalSd,MetalSd,None,0.0,2.0,2.0,PConc,3.0,3.0,1.0,1.0,0.0,1.0,0.0,1048.0,1048.0,3.0,Y,3.0,1048,720,0,1768,0.0,0.0,2,0,3,1,2.0,8,Typ,0,0.0,Detchd,1930.0,1.0,2.0,576.0,2.0,2.0,0,0,150,0,0,0,NoFence,0,6,2009,WD ,Normal,155000,0,0,1,0,1,2,0,0,0,0,0,0,0,0,0,0,0
60,RL,70.0,11920,NoAlley,3.0,Lvl,Inside,2.0,SawyerW,Norm,1Fam,2Story,7,5,2004,2004,Gable,VinylSd,VinylSd,BrkFace,122.0,3.0,2.0,PConc,4.0,3.0,3.0,1.0,0.0,1.0,0.0,831.0,831.0,4.0,Y,4.0,831,828,0,1659,0.0,0.0,2,1,3,1,3.0,8,Typ,0,0.0,Attchd,2004.0,2.0,2.0,484.0,3.0,2.0,144,68,0,0,0,0,NoFence,0,4,2010,WD ,Normal,181000,0,0,1,0,1,2,0,0,0,0,0,0,0,0,0,0,0
50,RM,75.0,9060,NoAlley,3.0,Lvl,Inside,2.0,IDOTRR,Norm,1Fam,1.5Fin,6,5,1957,1957,Gable,MetalSd,MetalSd,BrkFace,327.0,2.0,2.0,CBlock,3.0,3.0,1.0,1.0,0.0,1.0,0.0,967.0,967.0,3.0,Y,4.0,967,671,0,1638,0.0,0.0,2,0,4,1,3.0,6,Typ,0,0.0,Detchd,1957.0,1.0,1.0,384.0,3.0,2.0,0,21,0,0,0,0,NoFence,0,4,2006,WD ,Normal,139000,0,0,1,0,1,2,0,0,0,0,0,0,0,0,0,0,0
60,RL,74.0,8581,NoAlley,2.0,Lvl,Inside,2.0,CollgCr,Norm,1Fam,2Story,7,5,2006,2006,Gable,VinylSd,VinylSd,None,0.0,3.0,2.0,PConc,4.0,4.0,2.0,1.0,0.0,1.0,0.0,851.0,851.0,4.0,Y,4.0,851,886,0,1737,0.0,0.0,2,1,3,1,3.0,7,Typ,0,0.0,Attchd,2006.0,2.0,2.0,578.0,3.0,2.0,0,105,0,0,0,0,NoFence,0,8,2006,New,Partial,203160,0,0,1,0,1,2,0,0,0,0,0,0,0,0,0,0,0
60,RL,91.0,29959,NoAlley,1.0,Lvl,FR2,2.0,NoRidge,Norm,1Fam,2Story,7,6,1994,1994,Gable,HdBoard,HdBoard,None,0.0,3.0,2.0,PConc,4.0,3.0,1.0,6.0,595.0,1.0,0.0,378.0,973.0,4.0,Y,4.0,979,871,0,1850,0.0,0.0,2,1,3,1,3.0,7,Typ,1,4.0,BuiltIn,1994.0,3.0,2.0,467.0,3.0,2.0,168,98,0,0,0,0,NoFence,0,1,2009,WD ,Normal,248000,0,1,1,0,1,3,0,0,0,0,0,0,0,0,0,0,0
20,RM,65.0,9750,Grvl,3.0,Lvl,Inside,2.0,OldTown,Norm,1Fam,1Story,5,5,1958,1958,Hip,HdBoard,HdBoard,None,0.0,2.0,2.0,CBlock,3.0,3.0,1.0,1.0,0.0,1.0,0.0,960.0,960.0,4.0,Y,4.0,960,0,0,960,0.0,0.0,1,0,3,1,2.0,5,Typ,0,0.0,Detchd,2002.0,1.0,2.0,624.0,3.0,2.0,0,0,0,0,0,0,NoFence,4500,7,2006,WD ,Normal,125000,0,0,1,0,1,2,0,0,0,0,0,0,0,0,0,0,0
160,FV,73.0,2117,NoAlley,3.0,Lvl,Inside,2.0,Somerst,Norm,Twnhs,2Story,6,5,2000,2000,Gable,MetalSd,MetalSd,BrkFace,456.0,3.0,2.0,PConc,4.0,3.0,1.0,6.0,436.0,1.0,0.0,320.0,756.0,4.0,Y,4.0,769,756,0,1525,0.0,0.0,2,1,3,1,3.0,5,Typ,1,3.0,Detchd,2000.0,1.0,2.0,440.0,3.0,2.0,0,0,0,0,0,0,NoFence,0,6,2007,WD ,Normal,177000,0,1,1,0,1,3,0,0,0,0,0,0,0,0,0,0,0
90,RL,78.0,10530,NoAlley,3.0,Lvl,Inside,2.0,Mitchel,Norm,Duplex,SFoyer,6,5,1977,1977,Gable,Plywood,ImStucc,BrkFace,90.0,2.0,2.0,CBlock,4.0,3.0,4.0,6.0,975.0,1.0,0.0,0.0,975.0,2.0,Y,4.0,1004,0,0,1004,1.0,0.0,1,0,2,1,2.0,4,Typ,0,0.0,Attchd,1977.0,1.0,2.0,504.0,3.0,2.0,0,0,0,0,0,0,NoFence,0,5,2006,WD ,Normal,135000,0,0,1,0,1,2,0,0,0,0,0,0,0,0,0,0,0
20,RL,63.0,7584,NoAlley,3.0,Lvl,Inside,2.0,NAmes,Artery,1Fam,1Story,5,5,1953,1953,Hip,Wd Sdng,Wd Sdng,BrkFace,88.0,2.0,2.0,CBlock,3.0,3.0,1.0,2.0,531.0,1.0,0.0,505.0,1036.0,4.0,Y,4.0,1036,0,0,1036,0.0,0.0,1,0,3,1,2.0,5,Typ,0,0.0,Attchd,1953.0,2.0,1.0,312.0,3.0,2.0,120,24,0,0,0,0,MnPrv,0,6,2008,WD ,Normal,112900,0,0,1,1,1,3,0,0,0,0,0,0,0,0,0,0,0
60,RL,82.0,10672,NoAlley,2.0,Lvl,Inside,2.0,NridgHt,Norm,1Fam,2Story,8,5,2006,2006,Gable,VinylSd,VinylSd,None,0.0,3.0,2.0,PConc,5.0,3.0,4.0,1.0,0.0,1.0,0.0,1054.0,1054.0,3.0,Y,4.0,1054,1335,0,2389,0.0,0.0,2,1,4,1,3.0,10,Typ,1,4.0,BuiltIn,2006.0,3.0,3.0,672.0,3.0,2.0,176,64,0,0,0,0,NoFence,0,11,2006,New,Partial,298236,0,1,1,0,1,3,0,0,0,0,0,0,0,0,0,0,0
80,RL,100.0,9600,NoAlley,2.0,Lvl,Inside,2.0,NAmes,Norm,1Fam,SLvl,6,5,1961,1961,Hip,WdShing,Wd Shng,BrkFace,291.0,2.0,2.0,CBlock,3.0,3.0,3.0,5.0,600.0,1.0,0.0,618.0,1218.0,2.0,Y,4.0,1254,0,0,1254,1.0,0.0,1,0,3,1,2.0,6,Typ,1,4.0,Attchd,1961.0,2.0,2.0,525.0,3.0,2.0,0,0,0,0,168,0,NoFence,0,5,2007,WD ,Normal,158500,0,1,1,0,1,3,0,0,0,0,0,0,0,0,0,0,0
20,RL,73.0,17227,NoAlley,1.0,Lvl,CulDSac,1.0,CollgCr,Norm,1Fam,1Story,8,5,1999,2000,Gable,VinylSd,VinylSd,BrkFace,158.0,3.0,2.0,PConc,4.0,3.0,4.0,6.0,915.0,1.0,0.0,426.0,1341.0,4.0,Y,4.0,1341,0,0,1341,1.0,0.0,1,1,1,1,3.0,5,Typ,1,3.0,Attchd,1999.0,2.0,2.0,482.0,3.0,2.0,240,84,0,0,0,0,NoFence,0,1,2007,WD ,Normal,246900,0,1,1,0,1,3,0,0,0,0,0,0,0,0,0,0,0
20,RL,78.0,11700,NoAlley,3.0,Lvl,Inside,2.0,NWAmes,RRAn,1Fam,1Story,6,6,1968,1968,Gable,MetalSd,MetalSd,BrkFace,41.0,2.0,2.0,CBlock,3.0,3.0,1.0,1.0,0.0,1.0,0.0,912.0,912.0,4.0,Y,4.0,1152,0,0,1152,1.0,0.0,1,1,3,1,2.0,7,Typ,0,0.0,Attchd,1968.0,2.0,2.0,412.0,3.0,2.0,0,126,0,0,0,0,NoFence,0,9,2007,CWD,Normal,143450,0,0,1,0,1,2,0,0,0,0,0,0,0,0,0,0,0
20,RL,95.0,12350,NoAlley,3.0,Lvl,Inside,2.0,NridgHt,Norm,1Fam,1Story,9,5,2008,2008,Hip,VinylSd,VinylSd,Stone,450.0,4.0,2.0,PConc,5.0,3.0,3.0,6.0,1232.0,1.0,0.0,788.0,2020.0,4.0,Y,4.0,2020,0,0,2020,1.0,0.0,2,0,3,1,4.0,7,Typ,1,4.0,Attchd,2008.0,2.0,3.0,896.0,3.0,2.0,192,98,0,0,0,0,NoFence,0,5,2009,WD ,Normal,404000,0,1,1,0,1,3,0,0,0,0,0,0,0,0,0,0,0
20,RL,90.0,14684,NoAlley,2.0,Lvl,CulDSac,2.0,SawyerW,Norm,1Fam,1Story,7,7,1990,1991,Hip,HdBoard,HdBoard,BrkFace,234.0,3.0,2.0,CBlock,4.0,3.0,2.0,5.0,485.0,4.0,177.0,1496.0,2158.0,3.0,Y,4.0,2196,0,0,2196,0.0,0.0,2,0,3,1,3.0,7,Typ,1,3.0,Attchd,1990.0,2.0,3.0,701.0,3.0,2.0,84,70,0,0,0,0,NoFence,0,6,2009,WD ,Normal,271900,0,1,1,0,1,3,0,0,0,0,0,0,0,0,0,0,0
20,RL,65.0,6993,NoAlley,3.0,Lvl,Inside,2.0,Sawyer,Feedr,1Fam,1Story,5,7,1961,1994,Gable,HdBoard,Plywood,None,0.0,2.0,2.0,CBlock,3.0,3.0,1.0,4.0,465.0,1.0,0.0,447.0,912.0,2.0,Y,4.0,1236,0,0,1236,0.0,0.0,1,0,3,1,2.0,6,Typ,1,3.0,Attchd,1961.0,1.0,1.0,288.0,3.0,2.0,0,0,0,0,0,0,NoFence,0,6,2006,WD ,Normal,135000,0,1,1,0,1,3,0,0,0,0,0,0,0,0,0,0,0
20,RL,73.0,8760,NoAlley,3.0,Lvl,Inside,2.0,CollgCr,Norm,1Fam,1Story,8,5,2006,2006,Gable,VinylSd,VinylSd,BrkFace,132.0,3.0,2.0,PConc,4.0,3.0,1.0,6.0,36.0,1.0,0.0,1453.0,1489.0,4.0,Y,4.0,1500,0,0,1500,0.0,0.0,2,0,3,1,3.0,7,Typ,1,4.0,Attchd,2005.0,2.0,2.0,674.0,3.0,2.0,144,38,0,0,0,0,NoFence,0,6,2007,WD ,Normal,212999,0,1,1,0,1,3,0,0,0,0,0,0,0,0,0,0,0
20,RL,94.0,13615,NoAlley,2.0,HLS,Corner,1.0,NridgHt,Norm,1Fam,1Story,9,5,2006,2006,Hip,MetalSd,MetalSd,Stone,510.0,4.0,2.0,PConc,5.0,3.0,4.0,1.0,0.0,1.0,0.0,1802.0,1802.0,4.0,Y,4.0,1802,0,0,1802,0.0,0.0,2,1,3,1,4.0,7,Typ,1,4.0,Attchd,2006.0,3.0,3.0,843.0,3.0,2.0,158,105,0,0,0,0,NoFence,0,6,2007,WD ,Normal,372000,0,1,1,0,1,3,0,0,0,0,0,0,0,0,0,0,0
160,FV,24.0,2544,Pave,3.0,Lvl,Inside,2.0,Somerst,Norm,Twnhs,2Story,6,5,2005,2005,Gable,VinylSd,VinylSd,BrkFace,216.0,3.0,2.0,PConc,4.0,3.0,1.0,6.0,376.0,1.0,0.0,224.0,600.0,4.0,Y,4.0,600,636,0,1236,1.0,0.0,2,1,2,1,3.0,4,Typ,0,0.0,Detchd,2005.0,2.0,2.0,480.0,3.0,2.0,0,166,0,0,0,0,NoFence,0,5,2010,WD ,Normal,152000,0,0,1,0,1,2,0,0,0,0,0,0,0,0,0,0,0
50,RL,50.0,5190,NoAlley,3.0,Lvl,Inside,2.0,Edwards,Norm,1Fam,1.5Fin,7,5,1948,1950,Gable,BrkFace,Plywood,None,0.0,2.0,2.0,CBlock,3.0,3.0,1.0,1.0,0.0,1.0,0.0,570.0,570.0,2.0,Y,4.0,617,462,0,1079,0.0,0.0,1,0,2,1,2.0,5,Typ,1,4.0,Attchd,1948.0,1.0,1.0,249.0,3.0,2.0,135,0,0,0,0,0,NoFence,0,1,2008,WD ,Normal,125600,0,1,1,0,1,3,0,0,0,0,0,0,0,0,0,0,0
60,RL,63.0,12292,NoAlley,2.0,HLS,CulDSac,2.0,StoneBr,Norm,1Fam,2Story,9,5,2006,2006,Hip,VinylSd,VinylSd,BrkFace,184.0,3.0,2.0,PConc,5.0,4.0,4.0,6.0,205.0,1.0,0.0,889.0,1094.0,4.0,Y,4.0,1102,1371,0,2473,0.0,0.0,2,1,4,1,3.0,11,Typ,1,4.0,BuiltIn,2006.0,3.0,3.0,675.0,3.0,2.0,246,39,0,0,0,0,NoFence,0,7,2006,New,Partial,356383,0,1,1,0,1,3,0,0,0,0,0,0,0,0,0,0,0
20,RL,73.0,9855,NoAlley,3.0,Lvl,Corner,2.0,Edwards,Norm,1Fam,1Story,6,5,1956,1956,Hip,Wd Sdng,Wd Sdng,None,0.0,2.0,2.0,CBlock,3.0,3.0,1.0,1.0,0.0,1.0,0.0,1436.0,1436.0,1.0,Y,4.0,1689,0,0,1689,0.0,0.0,1,0,3,1,2.0,7,Typ,1,4.0,Attchd,1956.0,1.0,2.0,480.0,3.0,2.0,0,0,0,0,0,0,MnPrv,0,11,2009,COD,Normal,127500,0,1,1,1,1,4,0,0,0,0,0,0,0,0,0,0,0
20,RL,70.0,16269,NoAlley,2.0,Lvl,CulDSac,2.0,CollgCr,Norm,1Fam,1Story,5,5,1978,1978,Gable,MetalSd,MetalSd,BrkFace,76.0,2.0,2.0,BrkTil,4.0,3.0,3.0,6.0,625.0,1.0,0.0,282.0,907.0,2.0,Y,4.0,907,0,0,907,0.0,0.0,1,0,3,1,2.0,5,Typ,0,0.0,Attchd,1978.0,1.0,1.0,343.0,3.0,2.0,72,0,0,0,0,0,MnPrv,0,7,2009,WD ,Normal,140000,0,0,1,1,1,3,0,0,0,0,0,0,0,0,0,0,0
20,RL,50.0,5500,NoAlley,3.0,Lvl,Inside,2.0,SWISU,Norm,1Fam,1Story,7,5,2004,2004,Shed,VinylSd,VinylSd,None,0.0,2.0,2.0,PConc,4.0,4.0,2.0,6.0,510.0,2.0,373.0,190.0,1073.0,4.0,Y,4.0,1073,0,0,1073,1.0,0.0,2,0,2,1,2.0,4,Typ,0,0.0,Detchd,2004.0,1.0,1.0,246.0,3.0,2.0,0,120,0,0,0,0,NoFence,0,5,2006,WD ,Normal,157000,0,0,1,0,1,2,0,0,0,0,0,0,0,0,0,0,0
20,RL,70.0,8251,NoAlley,3.0,Lvl,Inside,2.0,Somerst,Norm,1Fam,1Story,7,5,2005,2006,Gable,VinylSd,VinylSd,BrkFace,143.0,3.0,2.0,PConc,4.0,4.0,3.0,6.0,778.0,1.0,0.0,716.0,1494.0,4.0,Y,4.0,1506,0,0,1506,1.0,0.0,2,0,3,1,3.0,7,Typ,1,4.0,Attchd,2005.0,2.0,2.0,672.0,3.0,2.0,192,35,0,0,0,0,NoFence,0,4,2007,WD ,Normal,249000,0,1,1,0,1,3,0,0,0,0,0,0,0,0,0,0,0
60,RL,64.0,11214,NoAlley,2.0,Lvl,Corner,2.0,Gilbert,Norm,1Fam,2Story,7,5,1998,1999,Gable,VinylSd,VinylSd,None,0.0,3.0,2.0,PConc,4.0,3.0,1.0,1.0,0.0,1.0,0.0,930.0,930.0,3.0,Y,4.0,956,930,0,1886,0.0,0.0,2,1,4,1,3.0,10,Typ,1,3.0,Attchd,1998.0,3.0,2.0,431.0,3.0,2.0,89,0,0,0,0,0,NoFence,0,7,2006,WD ,Normal,199900,0,1,1,0,1,3,0,0,0,0,0,0,0,0,0,0,0
80,RL,80.0,21453,NoAlley,2.0,Low,CulDSac,0.0,ClearCr,Norm,1Fam,SLvl,6,5,1969,1969,Flat,Plywood,Plywood,None,0.0,2.0,2.0,CBlock,3.0,3.0,4.0,5.0,938.0,1.0,0.0,0.0,938.0,4.0,Y,4.0,988,0,0,988,1.0,0.0,1,0,1,1,2.0,4,Typ,2,3.0,Attchd,1969.0,1.0,2.0,540.0,3.0,2.0,0,130,0,130,0,0,NoFence,0,10,2006,WD ,Normal,180000,0,1,1,0,1,3,0,0,0,0,0,0,0,0,0,0,0
20,RL,85.0,6970,NoAlley,3.0,Lvl,Corner,2.0,Sawyer,Feedr,1Fam,1Story,4,5,1961,1961,Gable,VinylSd,VinylSd,None,0.0,2.0,2.0,CBlock,3.0,3.0,1.0,5.0,932.0,1.0,0.0,108.0,1040.0,2.0,Y,4.0,1120,0,0,1120,1.0,0.0,1,1,3,1,1.0,5,Typ,0,0.0,Attchd,1961.0,2.0,2.0,544.0,3.0,2.0,168,0,0,0,0,0,NoFence,400,5,2007,WD ,Normal,129000,0,0,1,0,1,2,0,0,0,0,0,0,0,0,0,0,0
30,RL,65.0,7898,NoAlley,3.0,Lvl,Corner,2.0,NAmes,Norm,1Fam,1Story,4,7,1920,1994,Gable,MetalSd,MetalSd,None,0.0,2.0,2.0,BrkTil,3.0,3.0,1.0,1.0,0.0,1.0,0.0,576.0,576.0,3.0,Y,4.0,985,0,0,985,0.0,1.0,1,0,2,1,2.0,4,Typ,0,0.0,Detchd,1989.0,1.0,2.0,676.0,3.0,0.0,0,0,0,0,0,0,NoFence,0,4,2010,WD ,Normal,105000,0,0,1,0,1,2,0,0,0,0,0,0,0,0,0,0,0
20,RL,85.0,10667,NoAlley,3.0,Lvl,Inside,2.0,NAmes,Norm,1Fam,1Story,6,6,1971,1971,Gable,MetalSd,MetalSd,BrkFace,302.0,2.0,2.0,CBlock,3.0,3.0,1.0,4.0,838.0,1.0,0.0,749.0,1587.0,2.0,Y,4.0,1587,0,0,1587,0.0,0.0,2,0,3,1,2.0,7,Typ,1,4.0,Attchd,1971.0,1.0,2.0,525.0,3.0,2.0,0,44,0,0,0,0,NoFence,0,3,2007,WD ,Normal,167300,0,1,1,0,1,3,0,0,0,0,0,0,0,0,0,0,0
30,RL,60.0,10914,Grvl,3.0,Lvl,Inside,2.0,NAmes,Artery,1Fam,1Story,3,3,1929,1950,Hip,Wd Sdng,Wd Sdng,None,0.0,2.0,1.0,CBlock,3.0,3.0,2.0,1.0,0.0,1.0,0.0,715.0,715.0,1.0,N,0.0,715,0,0,715,0.0,0.0,1,0,2,1,2.0,4,Typ,0,0.0,Detchd,1967.0,1.0,2.0,660.0,2.0,0.0,0,0,75,0,112,0,NoFence,0,8,2006,WD ,Normal,68000,0,0,0,0,1,1,0,0,0,0,0,0,0,0,0,0,0
30,RL,60.0,8088,Grvl,3.0,Lvl,Inside,2.0,Edwards,Feedr,1Fam,1Story,2,3,1922,1955,Gable,MetalSd,MetalSd,None,0.0,2.0,2.0,BrkTil,3.0,3.0,1.0,1.0,0.0,1.0,0.0,498.0,498.0,2.0,N,1.0,498,0,0,498,0.0,0.0,1,0,1,1,2.0,3,Typ,0,0.0,Detchd,1922.0,1.0,1.0,216.0,2.0,0.0,0,0,100,0,0,0,NoFence,0,2,2006,ConLD,Normal,35000,0,0,0,0,1,1,0,0,0,0,0,0,0,0,0,0,0
20,RL,130.0,11700,NoAlley,3.0,Lvl,Corner,2.0,NWAmes,Norm,1Fam,1Story,6,5,1968,1968,Gable,HdBoard,HdBoard,BrkFace,196.0,2.0,2.0,PConc,4.0,3.0,1.0,5.0,910.0,1.0,0.0,385.0,1295.0,1.0,Y,4.0,1295,0,0,1295,1.0,0.0,1,1,3,1,2.0,6,Typ,0,0.0,Attchd,1968.0,3.0,2.0,528.0,3.0,2.0,0,194,0,0,200,0,NoFence,0,4,2007,WD ,Normal,164000,0,0,1,0,1,2,0,0,0,0,0,0,0,0,0,0,0
70,RL,144.0,21384,NoAlley,3.0,Lvl,Inside,2.0,BrkSide,Norm,1Fam,2Story,5,6,1923,2004,Gable,Wd Sdng,Wd Sdng,None,0.0,2.0,2.0,CBlock,3.0,3.0,4.0,6.0,1309.0,1.0,0.0,15.0,1324.0,4.0,Y,4.0,1072,504,0,1576,2.0,0.0,1,1,3,1,3.0,6,Typ,1,3.0,Attchd,1923.0,2.0,2.0,528.0,3.0,2.0,0,312,0,0,0,0,NoFence,0,5,2009,WD ,Normal,223500,0,1,1,0,1,3,0,0,0,0,0,0,0,0,0,0,0
60,RL,70.0,11885,NoAlley,3.0,Lvl,Inside,2.0,CollgCr,Norm,1Fam,2Story,8,5,2001,2001,Gable,VinylSd,VinylSd,BrkFace,108.0,3.0,2.0,PConc,4.0,3.0,3.0,6.0,990.0,1.0,0.0,309.0,1299.0,4.0,Y,4.0,1299,573,0,1872,1.0,0.0,2,1,3,1,4.0,7,Typ,1,3.0,BuiltIn,2001.0,2.0,2.0,531.0,3.0,2.0,160,122,0,0,0,0,NoFence,0,11,2009,WD ,Normal,261500,0,1,1,0,1,3,0,0,0,0,0,0,0,0,0,0,0
20,RL,70.0,14860,NoAlley,1.0,Lvl,CulDSac,2.0,CollgCr,Norm,1Fam,1Story,8,5,2002,2003,Hip,VinylSd,VinylSd,BrkFace,240.0,3.0,2.0,PConc,5.0,3.0,4.0,6.0,1538.0,1.0,0.0,240.0,1778.0,4.0,Y,4.0,1786,0,0,1786,1.0,0.0,2,0,3,1,3.0,6,Typ,1,4.0,Attchd,2002.0,2.0,3.0,715.0,3.0,2.0,182,35,0,0,0,0,NoFence,0,6,2008,WD ,Normal,300000,0,1,1,0,1,3,0,0,0,0,0,0,0,0,0,0,0
20,RL,70.0,21000,NoAlley,3.0,Bnk,Corner,2.0,Crawfor,Norm,1Fam,1Story,6,5,1953,1953,Hip,Wd Sdng,Wd Sdng,BrkFace,184.0,2.0,3.0,CBlock,4.0,3.0,2.0,5.0,35.0,3.0,869.0,905.0,1809.0,2.0,Y,4.0,2259,0,0,2259,1.0,0.0,2,0,3,1,3.0,7,Typ,2,4.0,Basment,1953.0,1.0,2.0,450.0,3.0,2.0,166,120,192,0,0,0,MnPrv,0,10,2007,COD,Abnorml,217000,0,1,1,1,1,4,0,0,0,0,0,0,0,0,0,0,0
20,RL,78.0,9316,NoAlley,3.0,Lvl,Inside,2.0,CollgCr,Norm,1Fam,1Story,7,5,2005,2005,Gable,VinylSd,VinylSd,BrkFace,140.0,3.0,2.0,PConc,4.0,3.0,4.0,6.0,56.0,1.0,0.0,1558.0,1614.0,4.0,Y,4.0,1614,0,0,1614,0.0,0.0,2,0,3,1,3.0,7,Typ,1,4.0,Attchd,2005.0,3.0,2.0,576.0,3.0,2.0,100,45,0,0,0,0,NoFence,0,3,2006,WD ,Normal,225000,0,1,1,0,1,3,0,0,0,0,0,0,0,0,0,0,0
20,RL,100.0,13350,NoAlley,2.0,Lvl,Inside,2.0,Sawyer,Norm,1Fam,1Story,5,5,1974,1974,Hip,HdBoard,Plywood,None,0.0,2.0,2.0,CBlock,3.0,3.0,1.0,5.0,762.0,1.0,0.0,102.0,864.0,2.0,Y,4.0,894,0,0,894,1.0,0.0,1,0,3,1,2.0,5,Typ,1,2.0,Attchd,1974.0,1.0,2.0,440.0,3.0,2.0,241,0,0,0,0,0,MnPrv,0,6,2006,WD ,Normal,142500,0,1,1,1,1,4,0,0,0,0,0,0,0,0,0,0,0
50,RM,60.0,6000,NoAlley,3.0,Lvl,Corner,2.0,BrkSide,Norm,1Fam,1.5Fin,5,5,1924,1950,Gable,Stucco,Stucco,BrkFace,444.0,2.0,2.0,BrkTil,3.0,3.0,1.0,3.0,220.0,1.0,0.0,248.0,468.0,3.0,Y,4.0,822,320,0,1142,0.0,0.0,1,0,3,1,2.0,6,Typ,0,0.0,Attchd,1924.0,3.0,1.0,320.0,3.0,2.0,0,0,98,0,0,0,NoFence,0,6,2009,WD ,Normal,93000,0,0,1,0,1,2,0,0,0,0,0,0,0,0,0,0,0
20,RL,65.0,11050,NoAlley,3.0,Lvl,Inside,2.0,NAmes,Norm,1Fam,1Story,5,5,1956,1956,Hip,Wd Sdng,Wd Sdng,None,0.0,2.0,2.0,CBlock,3.0,3.0,1.0,2.0,488.0,1.0,0.0,517.0,1005.0,4.0,Y,4.0,1005,0,0,1005,0.0,0.0,1,0,2,1,2.0,6,Typ,1,3.0,Attchd,1956.0,1.0,1.0,319.0,3.0,2.0,0,0,0,0,288,0,NoFence,0,7,2006,WD ,Normal,133500,0,1,1,0,1,3,0,0,0,0,0,0,0,0,0,0,0
120,RM,72.0,4500,NoAlley,3.0,Lvl,FR2,2.0,Mitchel,Norm,TwnhsE,1Story,6,5,1999,1999,Hip,VinylSd,VinylSd,BrkFace,425.0,2.0,2.0,PConc,5.0,3.0,1.0,6.0,883.0,1.0,0.0,341.0,1224.0,4.0,Y,4.0,1224,0,0,1224,1.0,0.0,2,0,2,1,2.0,5,Typ,0,0.0,Attchd,1999.0,3.0,2.0,402.0,3.0,2.0,0,304,0,0,0,0,NoFence,0,6,2009,WD ,Normal,165000,0,0,1,0,1,2,0,0,0,0,0,0,0,0,0,0,0
50,RL,60.0,8172,NoAlley,3.0,Lvl,Inside,2.0,Edwards,Norm,1Fam,1.5Fin,4,6,1954,1972,Gable,MetalSd,MetalSd,None,0.0,2.0,2.0,PConc,3.0,3.0,1.0,1.0,0.0,1.0,0.0,941.0,941.0,4.0,Y,4.0,997,473,0,1470,0.0,0.0,2,0,4,1,2.0,7,Typ,0,0.0,Detchd,1958.0,1.0,1.0,548.0,3.0,2.0,0,0,0,0,156,0,NoFence,0,5,2008,WD ,Normal,135000,0,0,1,0,1,2,0,0,0,0,0,0,0,0,0,0,0
20,RL,150.0,215245,NoAlley,0.0,Low,Inside,0.0,Timber,Norm,1Fam,1Story,7,5,1965,1965,Hip,BrkFace,BrkFace,None,0.0,2.0,2.0,CBlock,4.0,3.0,4.0,5.0,1236.0,3.0,820.0,80.0,2136.0,2.0,Y,4.0,2036,0,0,2036,2.0,0.0,2,0,3,1,2.0,8,Typ,2,4.0,Attchd,1965.0,2.0,2.0,513.0,3.0,2.0,0,0,0,0,0,0,NoFence,0,6,2009,WD ,Normal,375000,0,1,1,0,1,3,0,0,0,0,0,0,0,0,0,0,0
80,RL,64.0,7750,NoAlley,3.0,Lvl,Inside,2.0,Gilbert,Norm,1Fam,SLvl,8,5,2002,2002,Hip,VinylSd,VinylSd,None,0.0,3.0,2.0,PConc,4.0,3.0,1.0,6.0,353.0,1.0,0.0,55.0,408.0,4.0,Y,4.0,779,640,0,1419,1.0,0.0,2,1,3,1,3.0,7,Typ,1,3.0,BuiltIn,2002.0,3.0,2.0,527.0,3.0,2.0,120,0,0,0,0,0,NoFence,0,3,2009,WD ,Normal,184100,0,1,1,0,1,3,0,0,0,0,0,0,0,0,0,0,0
160,RM,21.0,1680,NoAlley,3.0,Lvl,Inside,2.0,BrDale,Norm,Twnhs,2Story,6,5,1972,1972,Gable,HdBoard,HdBoard,BrkFace,504.0,2.0,2.0,CBlock,3.0,3.0,1.0,4.0,382.0,1.0,0.0,143.0,525.0,3.0,Y,4.0,525,567,0,1092,0.0,0.0,1,1,3,1,2.0,6,Typ,0,0.0,Detchd,1972.0,1.0,1.0,264.0,3.0,2.0,352,0,0,0,0,0,GdPrv,0,10,2006,WD ,Normal,108000,0,0,1,1,1,3,0,0,0,0,0,0,0,0,0,0,0
120,RM,44.0,4750,NoAlley,2.0,HLS,Inside,1.0,Crawfor,Norm,TwnhsE,1Story,8,5,2006,2007,Hip,VinylSd,VinylSd,Stone,481.0,3.0,2.0,PConc,4.0,3.0,4.0,6.0,1573.0,1.0,0.0,0.0,1573.0,4.0,Y,4.0,1625,0,0,1625,1.0,1.0,2,0,2,1,3.0,5,Typ,1,4.0,Attchd,2006.0,3.0,2.0,538.0,3.0,2.0,123,0,0,0,153,0,NoFence,0,12,2007,WD ,Family,235000,0,1,1,0,1,3,0,0,0,0,0,0,0,0,0,0,0
160,RM,41.0,2665,NoAlley,3.0,Lvl,Inside,2.0,MeadowV,Norm,TwnhsE,2Story,5,6,1977,1977,Gable,CemntBd,CmentBd,None,0.0,2.0,2.0,PConc,3.0,3.0,1.0,5.0,548.0,3.0,173.0,36.0,757.0,4.0,Y,4.0,925,550,0,1475,0.0,0.0,2,0,4,1,2.0,6,Typ,1,3.0,Attchd,1977.0,2.0,1.0,336.0,3.0,2.0,104,26,0,0,0,0,NoFence,0,7,2006,WD ,Normal,127000,0,1,1,0,1,3,0,0,0,0,0,0,0,0,0,0,0
50,RM,60.0,5790,NoAlley,3.0,Lvl,Corner,2.0,OldTown,Norm,1Fam,2Story,3,6,1915,1950,Gambrel,VinylSd,VinylSd,None,0.0,3.0,3.0,CBlock,2.0,3.0,1.0,1.0,0.0,1.0,0.0,840.0,840.0,3.0,N,4.0,840,765,0,1605,0.0,0.0,2,0,3,2,2.0,8,Typ,0,0.0,Detchd,1915.0,1.0,1.0,379.0,3.0,2.0,0,0,202,0,0,0,NoFence,0,5,2010,WD ,Normal,107400,0,0,0,0,1,1,0,0,0,0,0,0,0,0,0,0,0
85,RL,74.0,7252,NoAlley,2.0,Lvl,CulDSac,2.0,Sawyer,Norm,1Fam,SFoyer,5,5,1982,1982,Hip,Wd Sdng,Wd Sdng,None,0.0,2.0,2.0,CBlock,4.0,3.0,3.0,6.0,685.0,1.0,0.0,173.0,858.0,2.0,Y,4.0,858,0,0,858,1.0,0.0,1,0,2,1,2.0,5,Typ,0,0.0,Detchd,1983.0,1.0,2.0,576.0,3.0,2.0,120,0,0,0,0,0,NoFence,0,4,2009,WD ,Normal,134900,0,0,1,0,1,2,0,0,0,0,0,0,0,0,0,0,0
20,RL,74.0,11677,NoAlley,2.0,Lvl,Inside,2.0,Sawyer,Norm,1Fam,1Story,5,4,1966,1966,Gable,HdBoard,HdBoard,BrkFace,442.0,2.0,2.0,CBlock,3.0,3.0,3.0,3.0,249.0,4.0,761.0,30.0,1040.0,2.0,Y,4.0,1040,0,0,1040,1.0,0.0,1,0,3,1,2.0,6,Typ,0,0.0,Attchd,1966.0,2.0,1.0,264.0,3.0,2.0,0,90,0,0,0,0,MnPrv,0,2,2007,WD ,Normal,123000,0,0,1,1,1,3,0,0,0,0,0,0,0,0,0,0,0
20,RL,68.0,10265,NoAlley,2.0,Lvl,Inside,2.0,Sawyer,Norm,1Fam,1Story,5,7,1967,2005,Gable,HdBoard,HdBoard,None,0.0,2.0,1.0,CBlock,3.0,3.0,1.0,5.0,758.0,1.0,0.0,234.0,992.0,4.0,Y,4.0,992,0,0,992,1.0,0.0,1,0,3,1,3.0,6,Typ,0,0.0,Attchd,1967.0,2.0,1.0,294.0,3.0,2.0,204,0,0,0,0,0,MnPrv,600,7,2008,WD ,Normal,145000,0,0,1,1,1,3,0,0,0,0,0,0,0,0,0,0,0
20,RL,70.0,8400,NoAlley,3.0,Lvl,Corner,2.0,NAmes,Norm,1Fam,1Story,4,5,1970,1970,Gable,Plywood,Plywood,None,0.0,2.0,2.0,CBlock,3.0,3.0,1.0,5.0,804.0,3.0,78.0,0.0,882.0,2.0,Y,4.0,882,0,0,882,1.0,0.0,1,0,2,1,2.0,4,Typ,0,0.0,Attchd,1970.0,3.0,2.0,525.0,3.0,2.0,240,0,0,0,0,0,MnPrv,0,4,2010,WD ,Normal,126000,0,0,1,1,1,3,0,0,0,0,0,0,0,0,0,0,0
60,RL,63.0,7875,NoAlley,3.0,Lvl,Inside,2.0,Gilbert,Norm,1Fam,2Story,7,5,2003,2003,Gable,VinylSd,VinylSd,BrkFace,16.0,3.0,2.0,PConc,4.0,3.0,1.0,1.0,0.0,1.0,0.0,847.0,847.0,4.0,Y,4.0,847,1101,0,1948,0.0,0.0,2,1,4,1,3.0,8,Typ,1,4.0,BuiltIn,2003.0,3.0,2.0,434.0,3.0,2.0,0,48,0,0,0,0,NoFence,0,7,2007,WD ,Normal,211000,0,1,1,0,1,3,0,0,0,0,0,0,0,0,0,0,0
50,RL,70.0,11275,NoAlley,2.0,HLS,Corner,1.0,Crawfor,Norm,1Fam,1.5Fin,6,7,1932,1950,Gable,MetalSd,MetalSd,BrkFace,480.0,2.0,2.0,CBlock,3.0,3.0,2.0,3.0,297.0,2.0,557.0,0.0,854.0,2.0,Y,4.0,1096,895,0,1991,0.0,0.0,1,1,3,1,2.0,7,Typ,1,4.0,Detchd,1977.0,1.0,2.0,432.0,3.0,2.0,0,0,19,0,0,0,NoFence,0,3,2007,WD ,Normal,220000,0,1,1,0,1,3,0,0,0,0,0,0,0,0,0,0,0
60,RL,80.0,19522,NoAlley,2.0,Bnk,Inside,2.0,Veenker,Norm,1Fam,2Story,7,5,1990,1990,Gable,HdBoard,HdBoard,BrkFace,272.0,3.0,2.0,PConc,4.0,3.0,1.0,6.0,727.0,1.0,0.0,496.0,1223.0,3.0,Y,4.0,1271,1232,0,2503,1.0,0.0,2,1,3,1,3.0,7,Typ,1,3.0,Attchd,1990.0,2.0,2.0,564.0,3.0,2.0,0,99,0,0,182,0,NoFence,0,2,2007,WD ,Normal,300000,0,1,1,0,1,3,0,0,0,0,0,0,0,0,0,0,0
20,RL,96.0,12444,NoAlley,3.0,Lvl,FR2,2.0,NridgHt,Norm,1Fam,1Story,8,5,2008,2008,Hip,VinylSd,VinylSd,Stone,426.0,4.0,2.0,PConc,5.0,3.0,3.0,6.0,1336.0,1.0,0.0,596.0,1932.0,4.0,Y,4.0,1932,0,0,1932,1.0,0.0,2,0,2,1,4.0,7,Typ,1,4.0,Attchd,2008.0,3.0,3.0,774.0,3.0,2.0,0,66,0,304,0,0,NoFence,0,11,2008,New,Partial,394617,0,1,1,0,1,3,0,0,0,0,0,0,0,0,0,0,0
80,RL,101.0,9150,NoAlley,2.0,Lvl,Corner,2.0,NAmes,Norm,1Fam,SLvl,6,5,1962,1962,Gable,Plywood,Plywood,BrkFace,305.0,2.0,2.0,CBlock,4.0,3.0,4.0,6.0,371.0,1.0,0.0,728.0,1099.0,3.0,Y,4.0,1431,0,0,1431,0.0,1.0,1,0,3,1,2.0,6,Typ,1,4.0,Basment,1962.0,2.0,1.0,296.0,3.0,2.0,64,110,0,0,0,0,NoFence,0,12,2008,WD ,Normal,165000,0,1,1,0,1,3,0,0,0,0,0,0,0,0,0,0,0
60,RL,71.0,8220,NoAlley,2.0,Lvl,Inside,2.0,Gilbert,Norm,1Fam,2Story,7,5,2000,2001,Gable,VinylSd,VinylSd,BrkFace,647.0,3.0,2.0,PConc,4.0,3.0,3.0,6.0,544.0,1.0,0.0,438.0,982.0,4.0,Y,4.0,1008,884,0,1892,0.0,0.0,2,1,3,1,2.0,8,Typ,1,3.0,Attchd,2000.0,2.0,2.0,431.0,3.0,2.0,108,0,0,0,0,0,NoFence,0,7,2008,WD ,Normal,226750,0,1,1,0,1,3,0,0,0,0,0,0,0,0,0,0,0
50,RL,60.0,7008,NoAlley,3.0,Lvl,Corner,2.0,OldTown,Norm,1Fam,1.5Fin,4,8,1900,1998,Gable,MetalSd,MetalSd,None,0.0,2.0,3.0,BrkTil,2.0,2.0,1.0,1.0,0.0,1.0,0.0,448.0,448.0,4.0,Y,4.0,448,272,0,720,0.0,0.0,1,0,1,1,1.0,5,Typ,0,0.0,Attchd,1900.0,1.0,1.0,280.0,2.0,2.0,0,0,70,0,0,0,NoFence,0,3,2006,WD ,Normal,86900,0,0,1,0,1,2,0,0,0,0,0,0,0,0,0,0,0
80,RL,78.0,12090,NoAlley,3.0,Lvl,Inside,2.0,NWAmes,Norm,1Fam,SLvl,6,7,1984,2003,Hip,VinylSd,VinylSd,BrkFace,74.0,2.0,2.0,CBlock,4.0,3.0,1.0,1.0,0.0,1.0,0.0,585.0,585.0,4.0,Y,4.0,1140,728,0,1868,0.0,0.0,3,1,3,1,2.0,7,Typ,1,3.0,BuiltIn,1984.0,3.0,2.0,477.0,3.0,2.0,268,112,0,0,147,0,NoFence,0,1,2007,WD ,Abnorml,178000,0,1,1,0,1,3,0,0,0,0,0,0,0,0,0,0,0
60,RL,60.0,8238,NoAlley,2.0,Lvl,Inside,2.0,Gilbert,Norm,1Fam,2Story,6,5,1997,1998,Gable,VinylSd,VinylSd,None,0.0,2.0,2.0,PConc,3.0,3.0,1.0,6.0,700.0,1.0,0.0,113.0,813.0,4.0,Y,4.0,813,712,0,1525,1.0,0.0,2,1,3,1,2.0,6,Typ,1,3.0,Attchd,1997.0,3.0,2.0,400.0,3.0,2.0,421,72,0,0,0,0,NoFence,0,5,2006,WD ,Normal,183500,0,1,1,0,1,3,0,0,0,0,0,0,0,0,0,0,0
60,RL,75.0,9473,NoAlley,3.0,Lvl,Inside,2.0,CollgCr,Norm,1Fam,2Story,8,5,2002,2002,Gable,VinylSd,VinylSd,None,0.0,3.0,2.0,PConc,4.0,3.0,1.0,6.0,804.0,1.0,0.0,324.0,1128.0,4.0,Y,4.0,1128,903,0,2031,1.0,0.0,2,1,3,1,3.0,7,Typ,1,4.0,Attchd,2002.0,2.0,2.0,577.0,3.0,2.0,0,211,0,0,0,0,NoFence,0,3,2008,WD ,Normal,237000,0,1,1,0,1,3,0,0,0,0,0,0,0,0,0,0,1
20,RL,79.0,14122,NoAlley,2.0,Lvl,Inside,2.0,NridgHt,Norm,1Fam,1Story,8,5,2005,2006,Hip,CemntBd,CmentBd,BrkFace,240.0,3.0,2.0,PConc,5.0,3.0,1.0,6.0,28.0,1.0,0.0,1794.0,1822.0,4.0,Y,4.0,1822,0,0,1822,0.0,0.0,2,0,3,1,4.0,8,Typ,1,4.0,Attchd,2005.0,2.0,3.0,678.0,3.0,2.0,0,119,0,0,0,0,NoFence,0,2,2010,WD ,Normal,259000,0,1,1,0,1,3,0,0,0,0,0,0,0,0,0,0,0
60,RL,64.0,7655,NoAlley,2.0,Lvl,CulDSac,2.0,Gilbert,Norm,1Fam,2Story,6,5,1993,1994,Gable,HdBoard,HdBoard,None,0.0,2.0,2.0,PConc,4.0,3.0,1.0,1.0,0.0,1.0,0.0,903.0,903.0,3.0,Y,4.0,910,732,0,1642,0.0,0.0,2,1,3,1,2.0,7,Typ,1,3.0,Attchd,1993.0,2.0,2.0,392.0,3.0,2.0,290,84,0,0,0,0,NoFence,0,7,2007,WD ,Normal,168000,0,1,1,0,1,3,0,0,0,0,0,0,0,0,0,0,0
50,RL,80.0,159000,NoAlley,1.0,Low,CulDSac,0.0,ClearCr,Norm,1Fam,1.5Fin,6,7,1958,2006,Gable,Wd Sdng,HdBoard,BrkCmn,472.0,3.0,2.0,CBlock,4.0,3.0,4.0,3.0,697.0,1.0,0.0,747.0,1444.0,3.0,Y,4.0,1444,700,0,2144,0.0,1.0,2,0,4,1,3.0,7,Typ,2,3.0,Attchd,1958.0,3.0,2.0,389.0,3.0,2.0,0,98,0,0,0,0,NoFence,500,6,2007,WD ,Normal,277000,0,1,1,0,1,3,0,0,0,0,0,0,0,0,0,0,0
20,RL,73.0,10659,NoAlley,2.0,Lvl,Inside,2.0,NAmes,Norm,1Fam,1Story,5,6,1961,1961,Hip,Wd Sdng,Wd Sdng,None,0.0,2.0,2.0,CBlock,3.0,3.0,1.0,3.0,915.0,1.0,0.0,135.0,1050.0,2.0,Y,4.0,1050,0,0,1050,1.0,0.0,1,0,3,1,2.0,6,Typ,0,0.0,Attchd,1961.0,1.0,1.0,368.0,3.0,2.0,0,319,0,0,0,0,NoFence,0,1,2006,COD,Normal,136500,0,0,1,0,1,2,0,0,0,0,0,0,0,0,0,0,0
60,RL,90.0,11700,NoAlley,3.0,Lvl,Corner,2.0,NWAmes,Norm,1Fam,2Story,6,6,1968,1968,Gable,HdBoard,HdBoard,BrkFace,420.0,2.0,2.0,CBlock,3.0,3.0,1.0,5.0,404.0,1.0,0.0,304.0,708.0,3.0,Y,4.0,708,708,0,1416,0.0,0.0,2,1,3,1,2.0,7,Typ,1,3.0,Attchd,1968.0,2.0,2.0,776.0,3.0,2.0,0,169,0,0,119,0,NoFence,0,5,2006,WD ,Normal,179900,0,1,1,0,1,3,0,0,0,0,0,0,0,0,0,0,0
20,RL,80.0,11075,NoAlley,3.0,Lvl,Corner,2.0,ClearCr,Norm,1Fam,1Story,6,5,1984,1984,Hip,Wd Sdng,Wd Sdng,BrkFace,136.0,2.0,2.0,PConc,4.0,3.0,1.0,4.0,299.0,2.0,891.0,0.0,1190.0,4.0,Y,4.0,1522,0,0,1522,0.0,0.0,2,0,3,1,2.0,7,Typ,1,3.0,Attchd,1984.0,3.0,2.0,552.0,3.0,2.0,0,77,0,0,168,0,GdPrv,0,2,2007,WD ,Normal,182000,0,1,1,1,1,4,0,0,0,0,0,0,0,0,0,0,0
20,RL,70.0,8750,NoAlley,3.0,Lvl,Inside,2.0,NAmes,Norm,1Fam,1Story,5,5,1956,1956,Gable,BrkFace,BrkFace,None,0.0,2.0,2.0,CBlock,3.0,3.0,1.0,3.0,435.0,4.0,202.0,565.0,1202.0,2.0,Y,4.0,1202,0,0,1202,0.0,1.0,1,0,3,1,2.0,6,Typ,0,0.0,Attchd,1956.0,2.0,1.0,304.0,3.0,2.0,0,35,120,0,0,0,GdWo,0,11,2009,COD,Abnorml,120000,0,0,1,1,1,3,0,0,0,0,0,0,0,0,0,0,0
20,RL,85.0,11050,NoAlley,3.0,Lvl,Inside,2.0,NWAmes,Norm,1Fam,1Story,6,5,1968,1968,Gable,HdBoard,HdBoard,None,0.0,2.0,2.0,CBlock,3.0,3.0,1.0,3.0,301.0,1.0,0.0,1439.0,1740.0,1.0,Y,4.0,1740,0,0,1740,0.0,0.0,1,1,4,1,2.0,8,Typ,1,3.0,Attchd,1968.0,2.0,2.0,512.0,3.0,2.0,25,0,0,0,192,0,GdWo,0,10,2008,WD ,Family,150000,0,1,1,1,1,4,0,0,0,0,0,0,0,0,0,0,0
160,RM,21.0,1680,NoAlley,3.0,Lvl,Inside,2.0,BrDale,Norm,Twnhs,2Story,6,5,1971,1971,Gable,HdBoard,HdBoard,BrkFace,504.0,2.0,2.0,CBlock,3.0,3.0,1.0,3.0,156.0,1.0,0.0,327.0,483.0,2.0,Y,4.0,483,504,0,987,0.0,0.0,1,1,2,1,2.0,5,Typ,0,0.0,Detchd,1971.0,1.0,1.0,264.0,3.0,2.0,275,0,0,0,0,0,NoFence,0,2,2010,COD,Normal,96000,0,0,1,0,1,2,0,0,0,0,0,0,0,0,0,0,0
60,RL,57.0,8918,NoAlley,2.0,Lvl,Inside,2.0,Gilbert,Norm,1Fam,2Story,6,5,2005,2006,Gable,VinylSd,VinylSd,None,0.0,3.0,2.0,PConc,4.0,3.0,3.0,1.0,0.0,1.0,0.0,745.0,745.0,4.0,Y,4.0,745,745,0,1490,0.0,0.0,2,1,3,1,3.0,7,Typ,1,4.0,Attchd,2005.0,3.0,2.0,392.0,3.0,2.0,36,20,0,0,0,0,NoFence,0,7,2009,WD ,Normal,167800,0,1,1,0,1,3,0,0,0,0,0,0,0,0,0,0,0
60,RM,60.0,9780,Grvl,3.0,Lvl,Inside,2.0,IDOTRR,Norm,1Fam,2Story,7,9,1950,2005,Gable,VinylSd,VinylSd,None,0.0,2.0,4.0,CBlock,3.0,3.0,1.0,2.0,354.0,3.0,398.0,224.0,976.0,4.0,Y,4.0,976,976,0,1952,0.0,0.0,1,1,4,1,3.0,8,Typ,2,3.0,Detchd,1950.0,3.0,1.0,299.0,3.0,2.0,285,0,0,0,216,0,NoFence,0,4,2007,WD ,Normal,212300,0,1,1,0,1,3,0,0,0,0,0,0,0,0,0,0,0
20,RL,99.0,7094,NoAlley,2.0,Lvl,Inside,2.0,Sawyer,Norm,1Fam,1Story,5,5,1966,1966,Gable,VinylSd,VinylSd,None,0.0,2.0,2.0,CBlock,3.0,3.0,1.0,3.0,180.0,2.0,374.0,340.0,894.0,2.0,Y,4.0,894,0,0,894,0.0,0.0,1,0,3,1,2.0,5,Typ,0,0.0,Detchd,1966.0,2.0,1.0,384.0,3.0,2.0,0,0,0,0,0,0,MnPrv,0,5,2007,WD ,Normal,125000,0,0,1,1,1,3,0,0,0,0,0,0,0,0,0,0,0
20,FV,90.0,7993,NoAlley,2.0,Lvl,Inside,2.0,Somerst,Norm,1Fam,1Story,7,5,2008,2009,Gable,VinylSd,VinylSd,None,0.0,3.0,2.0,PConc,5.0,3.0,1.0,1.0,0.0,1.0,0.0,1436.0,1436.0,4.0,Y,4.0,1436,0,0,1436,0.0,0.0,2,0,3,1,3.0,6,Typ,0,0.0,Attchd,2008.0,3.0,2.0,529.0,3.0,2.0,0,121,0,0,0,0,NoFence,0,10,2009,New,Partial,225000,0,0,1,0,1,2,0,0,0,0,0,0,0,0,0,0,1
20,RM,65.0,9750,NoAlley,3.0,Lvl,Inside,2.0,OldTown,Norm,1Fam,1Story,5,6,1959,1959,Gable,MetalSd,MetalSd,BrkFace,164.0,2.0,2.0,CBlock,3.0,3.0,1.0,3.0,200.0,1.0,0.0,784.0,984.0,3.0,Y,4.0,984,0,0,984,1.0,0.0,1,0,2,1,1.0,5,Typ,0,0.0,Detchd,1959.0,1.0,1.0,308.0,3.0,0.0,0,0,0,0,0,0,NoFence,0,6,2008,WD ,Normal,110000,0,0,1,0,1,2,0,0,0,0,0,0,0,0,0,0,0
50,RM,60.0,10320,Grvl,3.0,Lvl,Inside,2.0,IDOTRR,Norm,1Fam,1.5Fin,6,7,1906,1995,Gable,MetalSd,MetalSd,None,0.0,2.0,2.0,CBlock,3.0,3.0,1.0,1.0,0.0,1.0,0.0,756.0,756.0,4.0,Y,4.0,756,713,0,1469,0.0,0.0,1,0,3,1,2.0,7,Typ,0,0.0,Detchd,1906.0,1.0,1.0,216.0,3.0,2.0,57,0,239,0,0,0,MnPrv,0,6,2008,WD ,Normal,135000,0,0,1,1,1,3,0,0,0,0,0,0,0,0,0,0,0
20,RL,73.0,11765,NoAlley,2.0,Lvl,Corner,2.0,NAmes,Norm,1Fam,1Story,5,5,1957,1957,Gable,Wd Sdng,Wd Sdng,Stone,302.0,2.0,2.0,CBlock,3.0,3.0,2.0,3.0,1127.0,1.0,0.0,490.0,1617.0,1.0,Y,4.0,1797,0,0,1797,0.0,0.0,1,1,3,1,2.0,7,Typ,1,3.0,Attchd,1957.0,1.0,3.0,963.0,3.0,2.0,0,0,0,0,0,0,NoFence,0,6,2006,WD ,Normal,169000,0,1,1,0,1,3,0,0,0,0,0,0,0,0,0,0,0
60,RL,73.0,9066,NoAlley,2.0,Lvl,Inside,2.0,CollgCr,Norm,1Fam,2Story,8,5,1999,2000,Gable,VinylSd,VinylSd,BrkFace,320.0,3.0,2.0,PConc,4.0,3.0,2.0,6.0,668.0,1.0,0.0,336.0,1004.0,4.0,Y,4.0,1004,848,0,1852,0.0,0.0,2,1,3,1,3.0,7,Typ,2,3.0,Attchd,1999.0,3.0,3.0,660.0,3.0,2.0,224,106,0,0,0,0,GdPrv,0,12,2008,WD ,Normal,230000,0,1,1,1,1,4,0,0,0,0,0,0,0,0,0,0,0
50,RL,115.0,21286,NoAlley,3.0,Lvl,Inside,2.0,Sawyer,Norm,1Fam,1.5Fin,5,5,1948,1950,Gable,Wd Sdng,Wd Sdng,None,0.0,2.0,2.0,CBlock,3.0,3.0,1.0,1.0,0.0,1.0,0.0,720.0,720.0,2.0,Y,4.0,720,551,0,1271,0.0,0.0,2,0,4,1,2.0,7,Typ,1,4.0,Attchd,1948.0,1.0,1.0,312.0,3.0,2.0,0,0,108,0,0,0,NoFence,0,8,2008,WD ,Normal,135000,0,1,1,0,1,3,0,0,0,0,0,0,0,0,0,0,0
20,RL,94.0,10402,NoAlley,2.0,Lvl,Corner,2.0,CollgCr,Norm,1Fam,1Story,7,5,2009,2009,Gable,VinylSd,VinylSd,None,0.0,2.0,2.0,PConc,4.0,3.0,1.0,1.0,0.0,1.0,0.0,1226.0,1226.0,4.0,Y,4.0,1226,0,0,1226,0.0,0.0,2,0,3,1,3.0,6,Typ,0,0.0,Attchd,2009.0,2.0,3.0,740.0,3.0,2.0,0,36,0,0,0,0,NoFence,0,5,2010,WD ,Normal,198900,0,0,1,0,1,2,0,0,0,0,0,0,0,0,0,0,0
80,RL,80.0,9600,NoAlley,3.0,Low,FR2,1.0,Veenker,Feedr,1Fam,SLvl,8,5,1976,1976,Gable,Plywood,Plywood,BrkFace,200.0,3.0,3.0,CBlock,3.0,3.0,1.0,1.0,0.0,1.0,0.0,392.0,392.0,4.0,Y,4.0,1487,1012,0,2499,0.0,0.0,2,1,4,1,2.0,5,Typ,1,4.0,Attchd,1976.0,1.0,2.0,527.0,3.0,2.0,0,64,0,0,0,0,NoFence,0,1,2009,WD ,Abnorml,180500,0,1,1,0,1,3,0,0,0,0,0,0,0,0,0,0,0
60,RL,70.0,7703,NoAlley,3.0,Lvl,Inside,2.0,SawyerW,Norm,1Fam,2Story,6,6,1992,1992,Gable,HdBoard,HdBoard,None,0.0,3.0,3.0,PConc,4.0,4.0,1.0,6.0,52.0,3.0,364.0,400.0,816.0,4.0,Y,4.0,833,897,0,1730,0.0,0.0,2,1,3,1,3.0,6,Typ,0,0.0,Attchd,1992.0,2.0,2.0,528.0,3.0,2.0,0,91,0,0,168,0,NoFence,0,11,2009,WD ,Normal,171500,0,0,1,0,1,2,0,0,0,0,0,0,0,0,0,0,0
20,RL,89.0,10991,NoAlley,2.0,HLS,Inside,2.0,Timber,Norm,1Fam,1Story,8,5,2007,2007,Gable,VinylSd,VinylSd,BrkFace,80.0,3.0,2.0,PConc,4.0,3.0,4.0,1.0,0.0,1.0,0.0,1571.0,1571.0,4.0,Y,4.0,1571,0,0,1571,0.0,0.0,2,0,3,1,3.0,7,Typ,1,4.0,Attchd,2007.0,3.0,3.0,722.0,3.0,2.0,100,36,0,0,0,0,NoFence,0,12,2007,New,Partial,239000,0,1,1,0,1,3,0,0,0,0,0,0,0,0,0,0,0
75,RM,60.0,6000,NoAlley,3.0,Lvl,Inside,2.0,OldTown,Norm,1Fam,2.5Unf,6,7,1915,2005,Gable,Wd Sdng,Wd Sdng,None,0.0,3.0,2.0,BrkTil,3.0,3.0,1.0,1.0,0.0,1.0,0.0,728.0,728.0,3.0,Y,4.0,728,728,0,1456,0.0,0.0,1,1,4,1,3.0,7,Typ,0,0.0,Detchd,1915.0,1.0,1.0,308.0,2.0,0.0,0,0,248,0,0,0,NoFence,0,6,2008,WD ,Normal,139500,0,0,1,0,1,2,0,0,0,0,0,0,0,0,0,0,0
20,RL,72.0,8872,NoAlley,3.0,Lvl,Corner,2.0,NAmes,Norm,1Fam,1Story,5,8,1965,2008,Gable,VinylSd,VinylSd,BrkFace,300.0,2.0,2.0,CBlock,3.0,3.0,1.0,5.0,595.0,1.0,0.0,317.0,912.0,4.0,Y,4.0,912,0,0,912,1.0,0.0,1,0,2,1,3.0,5,Typ,0,0.0,Detchd,1992.0,1.0,2.0,576.0,3.0,2.0,0,240,0,0,0,0,NoFence,0,12,2008,WD ,Normal,147000,0,0,1,0,1,2,0,0,0,0,0,0,0,0,0,0,0
20,RL,50.0,4280,NoAlley,2.0,Lvl,Inside,2.0,Sawyer,Norm,1Fam,1Story,4,9,1946,2001,Gable,MetalSd,MetalSd,None,0.0,2.0,3.0,CBlock,2.0,3.0,1.0,1.0,0.0,1.0,0.0,560.0,560.0,4.0,Y,3.0,704,0,0,704,0.0,1.0,1,0,2,1,1.0,4,Typ,0,0.0,CarPort,1946.0,1.0,1.0,220.0,3.0,2.0,0,0,24,0,0,0,NoFence,0,9,2009,WD ,Normal,88750,0,0,1,0,1,2,0,0,0,0,0,0,0,0,0,0,0
80,RL,80.0,15584,NoAlley,3.0,Lvl,Inside,2.0,ClearCr,Norm,1Fam,SLvl,5,5,1956,1956,Hip,Wd Sdng,Wd Sdng,BrkFace,366.0,2.0,2.0,CBlock,3.0,3.0,2.0,1.0,0.0,1.0,0.0,825.0,825.0,4.0,Y,4.0,2071,0,0,2071,0.0,1.0,1,1,4,1,2.0,9,Typ,1,3.0,Attchd,1956.0,1.0,1.0,336.0,3.0,2.0,131,28,0,0,0,0,NoFence,0,10,2009,WD ,Normal,165000,0,1,1,0,1,3,0,0,0,0,0,0,0,0,0,0,0
50,RL,51.0,6191,NoAlley,3.0,Lvl,Corner,2.0,SWISU,Norm,1Fam,1.5Fin,5,4,1941,1950,Gable,Wd Sdng,Wd Sdng,None,0.0,2.0,2.0,CBlock,2.0,2.0,1.0,2.0,384.0,1.0,0.0,440.0,824.0,2.0,N,4.0,824,464,0,1288,0.0,0.0,1,0,4,1,2.0,6,Typ,0,0.0,Detchd,1941.0,1.0,1.0,240.0,3.0,2.0,0,0,0,0,0,0,NoFence,0,11,2006,WD ,Normal,112000,0,0,0,0,1,1,0,0,0,0,0,0,0,0,0,0,0
60,RL,108.0,14774,NoAlley,2.0,Lvl,Corner,2.0,NoRidge,Norm,1Fam,2Story,9,5,1999,1999,Gable,VinylSd,VinylSd,BrkFace,165.0,3.0,2.0,PConc,4.0,3.0,1.0,1.0,0.0,1.0,0.0,1393.0,1393.0,4.0,Y,4.0,1422,1177,0,2599,0.0,0.0,2,1,4,1,3.0,10,Typ,1,3.0,BuiltIn,1999.0,3.0,3.0,779.0,3.0,2.0,668,30,0,0,0,0,NoFence,0,5,2010,WD ,Normal,333168,0,1,1,0,1,3,0,0,0,0,0,0,0,0,0,0,0
30,RL,52.0,9022,NoAlley,3.0,Lvl,Inside,2.0,OldTown,Norm,1Fam,1Story,5,8,1924,2006,Gable,VinylSd,VinylSd,None,0.0,3.0,2.0,BrkTil,3.0,3.0,1.0,1.0,0.0,1.0,0.0,768.0,768.0,4.0,Y,4.0,792,0,0,792,0.0,0.0,1,0,2,1,3.0,5,Typ,0,0.0,Detchd,1924.0,1.0,1.0,240.0,2.0,0.0,316,0,120,0,0,0,NoFence,0,5,2009,WD ,Normal,109500,0,0,1,0,1,2,0,0,0,0,0,0,0,0,0,0,0
20,RL,74.0,8856,NoAlley,3.0,Lvl,Inside,2.0,NAmes,Norm,1Fam,1Story,5,4,1957,1957,Gable,Wd Sdng,Wd Sdng,BrkFace,143.0,2.0,2.0,CBlock,3.0,3.0,1.0,5.0,621.0,2.0,52.0,503.0,1176.0,2.0,Y,4.0,1176,0,0,1176,1.0,0.0,1,0,3,1,2.0,6,Typ,2,4.0,Attchd,1957.0,2.0,1.0,292.0,3.0,2.0,0,88,0,0,95,0,NoFence,0,5,2008,WD ,Normal,136500,0,1,1,0,1,3,0,0,0,0,0,0,0,0,0,0,0
80,RL,59.0,8660,NoAlley,2.0,Lvl,Inside,2.0,CollgCr,Norm,1Fam,SLvl,5,5,1976,1976,Gable,VinylSd,VinylSd,BrkFace,113.0,2.0,3.0,CBlock,4.0,3.0,3.0,6.0,502.0,1.0,0.0,513.0,1015.0,2.0,Y,4.0,1025,0,0,1025,0.0,0.0,2,0,3,1,2.0,6,Typ,1,2.0,Detchd,1979.0,1.0,2.0,370.0,3.0,2.0,127,0,0,0,0,0,NoFence,0,7,2007,WD ,Normal,153500,0,1,1,0,1,3,0,0,0,0,0,0,0,0,0,0,0
20,RL,80.0,9600,NoAlley,3.0,Lvl,Inside,2.0,NAmes,Norm,1Fam,1Story,5,6,1956,1956,Hip,MetalSd,MetalSd,None,0.0,2.0,2.0,CBlock,3.0,3.0,1.0,3.0,504.0,1.0,0.0,546.0,1050.0,3.0,Y,4.0,1050,0,0,1050,0.0,0.0,1,0,2,1,2.0,5,Typ,0,0.0,Attchd,1956.0,1.0,1.0,338.0,3.0,2.0,0,0,0,0,0,0,NoFence,0,6,2009,WD ,Normal,128900,0,0,1,0,1,2,0,0,0,0,0,0,0,0,0,0,0
20,RL,55.0,8250,NoAlley,3.0,Lvl,Inside,2.0,Sawyer,Feedr,1Fam,1Story,5,5,1968,1968,Hip,HdBoard,HdBoard,None,0.0,2.0,2.0,CBlock,3.0,3.0,1.0,4.0,250.0,2.0,492.0,210.0,952.0,4.0,Y,4.0,1211,0,0,1211,0.0,0.0,1,0,3,1,2.0,5,Typ,1,3.0,Attchd,1968.0,1.0,1.0,322.0,3.0,2.0,0,63,0,0,0,0,NoFence,0,8,2008,WD ,Normal,134000,0,1,1,0,1,3,0,0,0,0,0,0,0,0,0,0,0
60,RL,70.0,11250,NoAlley,3.0,Lvl,Corner,2.0,CollgCr,Norm,1Fam,2Story,8,5,2002,2002,Gable,CemntBd,CmentBd,None,0.0,3.0,2.0,PConc,4.0,3.0,2.0,1.0,0.0,1.0,0.0,1128.0,1128.0,4.0,Y,4.0,1149,1141,0,2290,0.0,0.0,2,1,4,1,3.0,9,Typ,1,4.0,Attchd,2002.0,1.0,2.0,779.0,3.0,2.0,0,0,0,0,0,0,NoFence,0,5,2008,WD ,Normal,255900,0,1,1,0,1,3,0,0,0,0,0,0,0,0,0,0,0
20,RL,80.0,10800,NoAlley,3.0,Lvl,Inside,2.0,NAmes,Norm,1Fam,1Story,5,7,1960,1960,Hip,Wd Sdng,Wd Sdng,BrkFace,88.0,2.0,2.0,CBlock,3.0,3.0,1.0,5.0,632.0,1.0,0.0,616.0,1248.0,4.0,Y,4.0,1248,0,0,1248,1.0,0.0,1,0,3,1,2.0,6,Typ,0,0.0,Attchd,1960.0,1.0,1.0,286.0,3.0,2.0,0,0,0,0,0,0,MnPrv,0,5,2006,WD ,Normal,151500,0,0,1,1,1,3,0,0,0,0,0,0,0,0,0,0,0
60,RL,70.0,9375,NoAlley,3.0,Lvl,Inside,2.0,CollgCr,Norm,1Fam,2Story,8,5,2002,2002,Gable,VinylSd,VinylSd,BrkFace,149.0,3.0,2.0,PConc,4.0,3.0,1.0,1.0,0.0,1.0,0.0,1284.0,1284.0,4.0,Y,4.0,1284,885,0,2169,0.0,0.0,2,1,3,1,3.0,7,Typ,1,4.0,Attchd,2002.0,2.0,2.0,647.0,3.0,2.0,192,87,0,0,0,0,NoFence,0,8,2007,WD ,Normal,228500,0,1,1,0,1,3,0,0,0,0,0,0,0,0,0,0,0
160,RM,21.0,2058,NoAlley,3.0,Lvl,Inside,2.0,BrDale,Norm,Twnhs,2Story,6,5,1973,1973,Gable,HdBoard,HdBoard,BrkFace,265.0,2.0,2.0,CBlock,3.0,3.0,1.0,1.0,0.0,1.0,0.0,672.0,672.0,4.0,Y,4.0,672,546,0,1218,0.0,0.0,1,1,4,1,4.0,7,Typ,0,0.0,Detchd,1973.0,1.0,1.0,264.0,3.0,2.0,0,28,0,0,0,0,NoFence,0,12,2007,WD ,Normal,113700,0,0,1,0,1,2,0,0,0,0,0,0,0,0,0,0,0
60,RL,72.0,8702,NoAlley,2.0,Lvl,Inside,2.0,Gilbert,Norm,1Fam,2Story,6,5,1997,1998,Gable,VinylSd,VinylSd,None,0.0,2.0,2.0,PConc,3.0,3.0,1.0,4.0,706.0,1.0,0.0,220.0,926.0,4.0,Y,4.0,926,678,0,1604,0.0,0.0,2,1,3,1,2.0,7,Typ,1,3.0,Attchd,1997.0,3.0,2.0,470.0,3.0,2.0,0,36,0,0,0,0,NoFence,0,4,2008,WD ,Normal,187500,0,1,1,0,1,3,0,0,0,0,0,0,0,0,0,0,0
30,RL,74.0,17529,NoAlley,3.0,Lvl,Inside,2.0,Sawyer,Norm,1Fam,1Story,5,5,1924,1950,Gable,BrkFace,Wd Sdng,Stone,65.0,2.0,2.0,BrkTil,3.0,3.0,1.0,1.0,0.0,1.0,0.0,872.0,872.0,1.0,N,1.0,872,0,0,872,0.0,0.0,1,0,2,1,1.0,5,Mod,1,4.0,Detchd,1924.0,1.0,1.0,322.0,2.0,0.0,0,0,116,0,0,0,NoFence,0,4,2006,WD ,Normal,105000,0,1,0,0,1,2,0,0,0,0,0,0,0,0,0,0,0
50,RM,69.0,9143,Grvl,3.0,Lvl,Corner,2.0,OldTown,Norm,1Fam,1.5Fin,5,7,1900,2003,Gable,VinylSd,VinylSd,None,0.0,2.0,2.0,CBlock,3.0,3.0,1.0,1.0,0.0,1.0,0.0,346.0,346.0,4.0,Y,4.0,709,308,0,1017,0.0,0.0,1,0,2,1,2.0,5,Typ,0,0.0,Detchd,1961.0,1.0,1.0,308.0,3.0,0.0,0,0,139,0,0,0,NoFence,0,5,2008,WD ,Normal,114000,0,0,1,0,1,2,0,0,0,0,0,0,0,0,0,0,0
20,RL,85.0,14375,NoAlley,2.0,Lvl,CulDSac,2.0,Timber,Norm,1Fam,SLvl,6,6,1958,1958,Gable,HdBoard,HdBoard,BrkFace,541.0,2.0,2.0,CBlock,3.0,3.0,1.0,6.0,111.0,3.0,354.0,354.0,819.0,3.0,Y,3.0,1344,0,0,1344,0.0,1.0,1,0,3,1,3.0,7,Typ,1,4.0,Basment,1958.0,2.0,2.0,525.0,3.0,2.0,0,118,0,0,233,0,NoFence,0,1,2009,COD,Abnorml,137500,0,1,1,0,1,3,0,0,0,0,0,0,0,0,0,0,0
50,RM,52.0,6240,NoAlley,3.0,Lvl,Inside,2.0,BrkSide,Norm,1Fam,1.5Fin,7,5,1939,1950,Gable,Wd Sdng,Wd Sdng,None,0.0,2.0,2.0,BrkTil,3.0,3.0,2.0,3.0,300.0,2.0,240.0,449.0,989.0,2.0,Y,4.0,1245,764,0,2009,0.0,0.0,2,0,4,1,2.0,7,Min2,1,4.0,Detchd,1939.0,1.0,2.0,400.0,3.0,2.0,0,20,0,0,0,0,MnPrv,0,1,2008,WD ,Normal,150000,0,1,1,1,1,4,0,0,0,0,0,0,0,0,0,0,0
50,RL,80.0,12400,NoAlley,3.0,HLS,Inside,1.0,Crawfor,Norm,1Fam,1.5Fin,5,6,1940,1950,Gable,Wd Sdng,Wd Sdng,None,0.0,2.0,2.0,CBlock,4.0,3.0,2.0,4.0,602.0,1.0,0.0,299.0,901.0,2.0,Y,4.0,1125,592,0,1717,0.0,0.0,1,1,2,1,2.0,7,Typ,1,4.0,Attchd,1940.0,1.0,1.0,410.0,3.0,2.0,0,0,0,0,113,0,NoFence,0,2,2006,WD ,Normal,194000,0,1,1,0,1,3,0,0,0,0,0,0,0,0,0,0,0
120,RM,37.0,4435,NoAlley,3.0,Lvl,Inside,2.0,CollgCr,Norm,TwnhsE,1Story,6,5,2003,2003,Gable,VinylSd,VinylSd,BrkFace,170.0,3.0,2.0,PConc,4.0,3.0,3.0,6.0,717.0,1.0,0.0,131.0,848.0,4.0,Y,4.0,848,0,0,848,1.0,0.0,1,0,1,1,3.0,4,Typ,0,0.0,Attchd,2003.0,3.0,2.0,420.0,3.0,2.0,140,0,0,0,0,0,NoFence,0,4,2006,WD ,Normal,133000,0,0,1,0,1,2,0,0,0,0,0,0,0,0,0,0,0
30,RL,98.0,8731,NoAlley,2.0,Lvl,Inside,2.0,BrkSide,Norm,1Fam,1Story,5,5,1920,1950,Gable,Stucco,Stucco,None,0.0,2.0,1.0,BrkTil,3.0,3.0,1.0,4.0,645.0,1.0,0.0,270.0,915.0,2.0,Y,4.0,1167,0,0,1167,0.0,0.0,1,0,3,1,2.0,6,Maj1,1,4.0,Detchd,1972.0,1.0,2.0,495.0,3.0,2.0,0,0,216,0,126,0,NoFence,0,5,2007,WD ,Normal,144000,0,1,1,0,1,3,0,0,0,0,0,0,0,0,0,0,0
60,RL,70.0,9370,NoAlley,1.0,Lvl,Inside,2.0,SawyerW,Norm,1Fam,2Story,6,5,1992,1993,Gable,HdBoard,HdBoard,None,0.0,3.0,2.0,PConc,4.0,3.0,1.0,5.0,758.0,1.0,0.0,78.0,836.0,4.0,Y,4.0,844,887,0,1731,1.0,0.0,2,1,3,1,3.0,7,Typ,0,0.0,Attchd,1992.0,2.0,2.0,462.0,3.0,2.0,307,85,0,0,224,0,NoFence,3000,10,2006,WD ,Family,248500,0,0,1,0,1,2,0,0,0,0,0,0,0,0,0,0,0
90,RL,87.0,9246,NoAlley,2.0,Lvl,Inside,2.0,NWAmes,Feedr,Duplex,1Story,5,5,1973,1973,Gable,Plywood,Plywood,BrkFace,564.0,2.0,2.0,CBlock,3.0,3.0,1.0,1.0,0.0,1.0,0.0,1656.0,1656.0,2.0,Y,4.0,1656,0,0,1656,0.0,0.0,2,0,4,2,2.0,8,Typ,0,0.0,Detchd,1973.0,1.0,2.0,506.0,3.0,2.0,0,211,0,0,0,0,NoFence,0,11,2008,WD ,Normal,135000,0,0,1,0,1,2,0,0,0,0,0,0,0,0,0,0,0
20,RL,64.0,8076,NoAlley,2.0,Lvl,Inside,2.0,Gilbert,Norm,1Fam,1Story,6,6,1993,1994,Gable,HdBoard,HdBoard,BrkFace,112.0,2.0,2.0,PConc,4.0,3.0,1.0,6.0,705.0,1.0,0.0,455.0,1160.0,3.0,Y,4.0,1169,0,0,1169,0.0,1.0,2,0,3,1,2.0,6,Typ,1,3.0,Attchd,1993.0,3.0,2.0,402.0,3.0,2.0,0,26,0,0,144,0,MnPrv,0,7,2006,WD ,Normal,183500,0,1,1,1,1,4,0,0,0,0,0,0,0,0,0,0,0
30,RM,51.0,6120,NoAlley,3.0,Lvl,Corner,2.0,BrkSide,Norm,1Fam,1Story,5,7,1931,1993,Gable,Wd Sdng,Wd Sdng,None,0.0,2.0,2.0,BrkTil,3.0,3.0,1.0,4.0,209.0,1.0,0.0,506.0,715.0,2.0,Y,3.0,875,0,0,875,1.0,0.0,1,0,2,1,2.0,5,Typ,0,0.0,Detchd,1931.0,1.0,1.0,180.0,2.0,2.0,48,0,0,0,0,0,NoFence,0,11,2009,WD ,Normal,105000,0,0,1,0,1,2,0,0,0,0,0,0,0,0,0,0,0
20,RL,70.0,8400,NoAlley,3.0,Lvl,Corner,2.0,NAmes,Feedr,1Fam,1Story,5,5,1957,1957,Gable,BrkFace,BrkFace,None,0.0,2.0,2.0,CBlock,2.0,3.0,2.0,4.0,623.0,1.0,0.0,556.0,1179.0,3.0,Y,4.0,1364,0,0,1364,0.0,0.0,1,1,3,1,2.0,6,Typ,1,4.0,Attchd,1957.0,2.0,1.0,331.0,3.0,2.0,0,60,0,0,0,0,GdPrv,0,3,2006,WD ,Normal,132000,0,1,1,1,1,4,0,0,0,0,0,0,0,0,0,0,0
120,RL,48.0,6240,NoAlley,3.0,Lvl,Inside,2.0,NridgHt,Norm,TwnhsE,1Story,8,5,2006,2007,Hip,MetalSd,MetalSd,BrkFace,176.0,3.0,2.0,PConc,4.0,3.0,1.0,6.0,846.0,1.0,0.0,496.0,1342.0,4.0,Y,4.0,1342,0,0,1342,1.0,0.0,2,0,2,1,3.0,6,Typ,1,4.0,Attchd,2007.0,3.0,2.0,550.0,3.0,2.0,0,35,0,0,0,0,NoFence,0,6,2008,WD ,Normal,234250,0,1,1,0,1,3,0,0,0,0,0,0,0,0,0,0,0
20,RL,68.0,9571,NoAlley,3.0,Lvl,Inside,2.0,Edwards,Norm,1Fam,1Story,5,3,1958,1958,Gable,BrkComm,Brk Cmn,None,0.0,2.0,1.0,CBlock,3.0,2.0,1.0,1.0,0.0,1.0,0.0,1276.0,1276.0,2.0,Y,3.0,1276,0,0,1276,0.0,0.0,1,0,3,1,2.0,5,Mod,0,0.0,Attchd,1958.0,1.0,1.0,350.0,3.0,2.0,0,0,0,0,0,0,NoFence,0,6,2009,COD,Abnorml,60000,0,0,1,0,1,2,0,0,0,0,0,0,0,0,0,0,0
20,RL,60.0,8089,NoAlley,3.0,HLS,Inside,2.0,StoneBr,Norm,1Fam,1Story,8,6,2007,2007,Gable,MetalSd,MetalSd,None,0.0,3.0,2.0,PConc,4.0,3.0,3.0,6.0,945.0,1.0,0.0,474.0,1419.0,4.0,Y,4.0,1419,0,0,1419,1.0,0.0,2,0,2,1,3.0,7,Typ,1,4.0,Attchd,2007.0,2.0,2.0,567.0,3.0,2.0,140,0,0,0,0,0,NoFence,0,10,2007,New,Partial,392000,0,1,1,0,1,3,0,0,0,0,0,0,0,0,0,0,0
20,RL,124.0,27697,NoAlley,3.0,Lvl,Inside,2.0,Mitchel,Norm,1Fam,1Story,4,3,1961,1961,Shed,Plywood,Plywood,CBlock,198.0,2.0,2.0,CBlock,3.0,3.0,1.0,4.0,811.0,1.0,0.0,585.0,1396.0,2.0,N,4.0,1608,0,0,1608,0.0,0.0,1,0,3,1,2.0,6,Typ,0,0.0,Attchd,1961.0,1.0,1.0,444.0,3.0,2.0,152,38,0,0,0,0,NoFence,0,11,2007,COD,Abnorml,80000,0,0,0,0,1,1,0,0,0,0,0,0,0,0,0,0,0
120,RL,50.0,7175,NoAlley,3.0,Lvl,Inside,2.0,SawyerW,Norm,TwnhsE,1Story,6,5,1991,1991,Gable,Plywood,Plywood,None,0.0,3.0,2.0,PConc,4.0,3.0,1.0,6.0,278.0,1.0,0.0,939.0,1217.0,3.0,Y,4.0,1217,0,0,1217,0.0,0.0,2,0,2,1,3.0,5,Typ,0,0.0,Attchd,1991.0,2.0,2.0,484.0,3.0,2.0,0,64,0,0,0,0,NoFence,0,6,2006,WD ,Normal,151000,0,0,1,0,1,2,0,0,0,0,0,0,0,0,0,0,0
20,RL,67.0,10083,NoAlley,3.0,Lvl,Inside,2.0,SawyerW,Norm,1Fam,1Story,7,5,2003,2003,Gable,VinylSd,VinylSd,None,0.0,3.0,2.0,PConc,4.0,3.0,1.0,6.0,833.0,1.0,0.0,343.0,1176.0,4.0,Y,4.0,1200,0,0,1200,1.0,0.0,2,0,2,1,3.0,5,Typ,0,0.0,Attchd,2003.0,2.0,2.0,555.0,3.0,2.0,0,41,0,0,0,0,NoFence,0,8,2009,WD ,Normal,184900,0,0,1,0,1,2,0,0,0,0,0,0,0,0,0,0,1
30,RH,70.0,9800,NoAlley,3.0,Lvl,Corner,2.0,SawyerW,Feedr,1Fam,1Story,5,5,1920,1950,Gable,Wd Sdng,Wd Sdng,None,0.0,2.0,1.0,BrkTil,3.0,3.0,1.0,1.0,0.0,1.0,0.0,816.0,816.0,2.0,N,3.0,1012,0,0,1012,0.0,0.0,1,0,2,1,2.0,5,Typ,0,0.0,Detchd,1920.0,1.0,1.0,429.0,3.0,2.0,121,0,80,0,0,0,NoFence,0,4,2010,WD ,Normal,67500,0,0,0,0,1,1,0,0,0,0,0,0,0,0,0,0,0
190,RL,94.0,22136,NoAlley,3.0,Lvl,Inside,2.0,OldTown,Artery,2fmCon,1.5Fin,5,5,1925,1975,Gable,MetalSd,MetalSd,None,0.0,2.0,1.0,CBlock,3.0,3.0,2.0,6.0,1018.0,1.0,0.0,1153.0,2171.0,2.0,Y,4.0,1392,1248,0,2640,2.0,0.0,2,1,5,1,2.0,10,Maj1,1,4.0,Attchd,1977.0,2.0,3.0,1008.0,3.0,0.0,631,48,148,0,0,0,NoFence,0,7,2006,WD ,Normal,180000,0,1,1,0,1,3,0,0,0,0,0,0,0,0,0,0,0
80,RL,80.0,13014,NoAlley,3.0,Lvl,Inside,2.0,Sawyer,Norm,1Fam,SLvl,6,5,1978,1978,Gable,HdBoard,Plywood,BrkFace,39.0,2.0,2.0,CBlock,3.0,3.0,3.0,5.0,528.0,1.0,0.0,480.0,1008.0,2.0,Y,4.0,1096,0,0,1096,1.0,0.0,1,0,3,1,2.0,6,Typ,1,2.0,Attchd,1978.0,1.0,2.0,484.0,3.0,2.0,168,0,0,0,0,0,NoFence,0,12,2008,WD ,Normal,157500,0,1,1,0,1,3,0,0,0,0,0,0,0,0,0,0,0
20,RL,85.0,6853,NoAlley,2.0,Lvl,Inside,2.0,Timber,Norm,1Fam,1Story,8,5,2001,2002,Gable,VinylSd,VinylSd,BrkFace,136.0,3.0,2.0,PConc,5.0,3.0,1.0,6.0,1005.0,1.0,0.0,262.0,1267.0,4.0,Y,4.0,1296,0,0,1296,1.0,0.0,2,0,2,1,3.0,6,Typ,0,0.0,Attchd,2001.0,3.0,2.0,471.0,3.0,2.0,192,25,0,0,0,0,NoFence,0,6,2009,WD ,Normal,220000,0,0,1,0,1,2,0,0,0,0,0,0,0,0,0,0,0
20,RL,74.0,9627,NoAlley,3.0,Lvl,Inside,2.0,CollgCr,Norm,1Fam,1Story,7,5,2007,2007,Gable,VinylSd,VinylSd,None,0.0,3.0,2.0,PConc,4.0,3.0,3.0,6.0,24.0,1.0,0.0,1327.0,1351.0,4.0,Y,4.0,1361,0,0,1361,0.0,0.0,2,0,3,1,3.0,6,Typ,0,0.0,Attchd,2007.0,2.0,2.0,610.0,3.0,2.0,0,50,0,0,0,0,NoFence,0,6,2008,WD ,Normal,193000,0,0,1,0,1,2,0,0,0,0,0,0,0,0,0,0,0
50,RM,60.0,7200,NoAlley,3.0,Lvl,Corner,2.0,IDOTRR,Norm,1Fam,1.5Fin,5,6,1938,1995,Gable,Wd Sdng,Wd Sdng,None,0.0,2.0,2.0,CBlock,3.0,3.0,1.0,1.0,0.0,1.0,0.0,803.0,803.0,4.0,Y,4.0,803,557,0,1360,0.0,0.0,1,1,2,1,3.0,6,Typ,0,0.0,Detchd,1951.0,1.0,1.0,297.0,3.0,2.0,0,65,190,0,0,0,MnPrv,0,7,2006,WD ,Normal,125500,0,0,1,1,1,3,0,0,0,0,0,0,0,0,0,0,0
160,FV,30.0,3180,Pave,3.0,Lvl,Inside,2.0,Somerst,Norm,TwnhsE,2Story,7,5,2007,2007,Gable,VinylSd,VinylSd,None,0.0,3.0,2.0,PConc,4.0,3.0,1.0,1.0,0.0,1.0,0.0,689.0,689.0,4.0,Y,4.0,703,689,0,1392,0.0,0.0,2,0,2,1,3.0,5,Typ,0,0.0,Detchd,2007.0,1.0,2.0,540.0,3.0,2.0,0,102,0,0,0,0,NoFence,0,3,2008,WD ,Abnorml,146000,0,0,1,0,1,2,0,0,0,0,0,0,0,0,0,0,0
20,RL,85.0,10200,NoAlley,3.0,Lvl,Inside,2.0,NAmes,Norm,1Fam,1Story,5,7,1954,2003,Gable,Wd Sdng,Wd Sdng,BrkFace,104.0,2.0,2.0,CBlock,3.0,3.0,1.0,5.0,320.0,4.0,362.0,404.0,1086.0,3.0,Y,4.0,1086,0,0,1086,1.0,0.0,1,0,3,1,2.0,6,Typ,0,0.0,Attchd,1989.0,1.0,2.0,490.0,3.0,2.0,0,0,0,0,0,0,GdWo,0,5,2010,WD ,Normal,144900,0,0,1,1,1,3,0,0,0,0,0,0,0,0,0,0,0
20,RL,79.0,10637,NoAlley,3.0,Lvl,Inside,2.0,CollgCr,Norm,1Fam,1Story,8,5,2007,2008,Hip,VinylSd,VinylSd,Stone,336.0,3.0,2.0,PConc,5.0,3.0,4.0,6.0,1288.0,1.0,0.0,417.0,1705.0,4.0,Y,4.0,1718,0,0,1718,1.0,0.0,2,0,3,1,3.0,7,Typ,1,4.0,Attchd,2007.0,2.0,3.0,826.0,3.0,2.0,208,44,0,0,0,0,NoFence,0,9,2009,WD ,Normal,297000,0,1,1,0,1,3,0,0,0,0,0,0,0,0,0,0,0
120,RL,57.0,8013,NoAlley,2.0,Lvl,Corner,2.0,StoneBr,Norm,TwnhsE,1Story,8,5,1995,1996,Gable,CemntBd,CmentBd,None,0.0,3.0,2.0,PConc,4.0,3.0,1.0,6.0,741.0,1.0,0.0,846.0,1587.0,4.0,Y,4.0,1734,0,0,1734,1.0,0.0,2,0,2,1,3.0,6,Typ,0,0.0,Attchd,1995.0,2.0,2.0,528.0,3.0,2.0,52,50,0,0,0,0,NoFence,0,9,2009,WD ,Normal,239500,0,0,1,0,1,2,0,0,0,0,0,0,0,0,0,0,0
120,RL,41.0,4920,NoAlley,3.0,Lvl,Inside,2.0,StoneBr,Norm,TwnhsE,1Story,8,5,2001,2001,Gable,CemntBd,CmentBd,None,0.0,3.0,2.0,PConc,4.0,3.0,2.0,6.0,616.0,1.0,0.0,722.0,1338.0,4.0,Y,4.0,1338,0,0,1338,1.0,0.0,2,0,2,1,3.0,6,Typ,0,0.0,Attchd,2001.0,3.0,2.0,582.0,3.0,2.0,0,0,170,0,0,0,NoFence,0,4,2010,WD ,Normal,213500,0,0,1,0,1,2,0,0,0,0,0,0,0,0,0,0,0
60,RL,64.0,15038,NoAlley,1.0,Lvl,Corner,2.0,Gilbert,Norm,1Fam,2Story,6,5,1996,1996,Gable,HdBoard,HdBoard,None,0.0,2.0,2.0,PConc,4.0,3.0,1.0,3.0,138.0,1.0,0.0,778.0,916.0,3.0,Y,4.0,916,720,0,1636,0.0,0.0,2,1,3,1,2.0,7,Typ,1,3.0,Attchd,1996.0,3.0,2.0,386.0,3.0,2.0,168,84,0,0,0,0,NoFence,0,11,2008,WD ,Normal,173000,0,1,1,0,1,3,0,0,0,0,0,0,0,0,0,0,0
20,RL,80.0,115149,NoAlley,1.0,Low,CulDSac,0.0,ClearCr,Norm,1Fam,1Story,7,5,1971,2002,Gable,Plywood,Plywood,Stone,351.0,2.0,2.0,CBlock,4.0,3.0,4.0,6.0,1219.0,1.0,0.0,424.0,1643.0,2.0,Y,4.0,1824,0,0,1824,1.0,0.0,2,0,2,1,3.0,5,Typ,2,3.0,Attchd,1971.0,1.0,2.0,739.0,3.0,2.0,380,48,0,0,0,0,NoFence,0,6,2007,WD ,Normal,302000,0,1,1,0,1,3,0,0,0,0,0,0,0,0,0,0,0
80,RL,88.0,15312,NoAlley,3.0,Lvl,Inside,2.0,Sawyer,Norm,1Fam,SLvl,6,5,1960,1960,Hip,Wd Sdng,Wd Sdng,BrkFace,54.0,2.0,2.0,CBlock,3.0,3.0,3.0,4.0,588.0,1.0,0.0,550.0,1138.0,4.0,Y,4.0,1138,0,0,1138,0.0,1.0,1,0,3,1,2.0,6,Typ,1,3.0,Attchd,1960.0,2.0,2.0,480.0,3.0,2.0,0,0,0,0,140,0,MnPrv,0,3,2009,COD,Normal,148000,0,1,1,1,1,4,0,0,0,0,0,0,0,0,0,0,0
20,RL,79.0,14463,NoAlley,2.0,HLS,Corner,2.0,Timber,Norm,1Fam,1Story,9,5,2008,2008,Gable,CemntBd,CmentBd,BrkFace,406.0,4.0,2.0,PConc,5.0,3.0,4.0,6.0,1115.0,1.0,0.0,526.0,1641.0,4.0,Y,4.0,1641,0,0,1641,1.0,0.0,2,0,3,1,4.0,7,Typ,0,0.0,Attchd,2008.0,3.0,3.0,885.0,3.0,2.0,0,95,0,0,0,0,NoFence,0,1,2009,WD ,Normal,316500,0,0,1,0,1,2,0,0,0,0,0,0,0,0,0,0,0
60,RL,64.0,8755,NoAlley,2.0,Lvl,FR2,2.0,Gilbert,RRNn,1Fam,2Story,7,5,1999,1999,Gable,VinylSd,VinylSd,BrkFace,298.0,3.0,2.0,PConc,4.0,3.0,1.0,5.0,772.0,1.0,0.0,220.0,992.0,4.0,Y,4.0,1022,1038,0,2060,1.0,0.0,2,1,3,1,3.0,8,Typ,1,3.0,BuiltIn,1999.0,2.0,2.0,390.0,3.0,2.0,0,0,0,168,0,0,GdPrv,0,6,2009,WD ,Normal,214000,0,1,1,1,1,4,0,0,0,0,0,0,0,0,0,0,0
190,RM,60.0,11340,NoAlley,3.0,Lvl,Inside,2.0,OldTown,Norm,2fmCon,2Story,4,6,1885,1950,Gable,VinylSd,AsbShng,None,0.0,2.0,2.0,PConc,3.0,3.0,1.0,1.0,0.0,1.0,0.0,777.0,777.0,3.0,Y,4.0,1246,1044,0,2290,0.0,0.0,2,0,4,2,2.0,11,Typ,0,0.0,Detchd,1971.0,1.0,2.0,560.0,3.0,0.0,0,0,114,0,0,0,NoFence,0,4,2010,WD ,Normal,122500,0,0,1,0,1,2,0,0,0,0,0,0,0,0,0,0,0
50,RM,60.0,4800,NoAlley,3.0,Lvl,Corner,2.0,OldTown,Norm,1Fam,1.5Fin,4,5,1900,1954,Hip,Wd Sdng,Wd Sdng,BrkFace,771.0,2.0,2.0,PConc,3.0,3.0,1.0,5.0,48.0,1.0,0.0,661.0,709.0,2.0,Y,4.0,1157,687,0,1844,1.0,0.0,1,0,3,1,2.0,9,Min2,2,4.0,Basment,1900.0,1.0,1.0,240.0,3.0,2.0,84,0,0,0,0,0,NoFence,0,1,2010,COD,Abnorml,80400,0,1,1,0,1,3,0,0,0,0,0,0,0,0,0,0,0
20,RL,70.0,8092,NoAlley,3.0,Lvl,Inside,2.0,NAmes,Norm,1Fam,1Story,6,8,1954,2000,Hip,Wd Sdng,Wd Sdng,BrkFace,176.0,2.0,3.0,CBlock,3.0,3.0,1.0,5.0,824.0,1.0,0.0,226.0,1050.0,4.0,Y,4.0,1050,0,0,1050,1.0,0.0,1,0,3,1,3.0,6,Typ,0,0.0,Attchd,1954.0,2.0,1.0,286.0,3.0,2.0,0,0,0,0,0,0,NoFence,0,6,2006,WD ,Abnorml,156000,0,0,1,0,1,2,0,0,0,0,0,0,0,0,0,0,0
60,RL,64.0,8068,NoAlley,2.0,Lvl,Inside,2.0,Gilbert,Norm,1Fam,2Story,6,5,2002,2002,Gable,VinylSd,VinylSd,None,0.0,3.0,2.0,PConc,4.0,3.0,1.0,1.0,0.0,1.0,0.0,1010.0,1010.0,4.0,Y,4.0,1010,1257,0,2267,0.0,0.0,2,1,4,1,3.0,8,Typ,1,3.0,BuiltIn,2002.0,2.0,2.0,390.0,3.0,2.0,120,46,0,0,0,0,NoFence,0,12,2009,ConLI,Normal,200000,0,1,1,0,1,3,0,0,0,0,0,0,0,0,0,0,0
60,FV,72.0,8640,NoAlley,3.0,Lvl,Inside,2.0,Somerst,Norm,1Fam,2Story,7,5,2009,2009,Gable,VinylSd,VinylSd,None,0.0,2.0,2.0,PConc,4.0,3.0,1.0,6.0,822.0,1.0,0.0,78.0,900.0,4.0,Y,4.0,932,920,0,1852,1.0,0.0,2,1,3,1,3.0,7,Typ,1,3.0,Attchd,2009.0,2.0,2.0,644.0,3.0,2.0,168,108,0,0,0,0,NoFence,0,7,2009,New,Partial,252678,0,1,1,0,1,3,0,0,0,0,0,0,0,0,0,0,0
20,RL,64.0,6285,NoAlley,3.0,Lvl,Inside,2.0,Sawyer,Norm,1Fam,1Story,5,5,1977,1977,Gable,Plywood,Plywood,None,0.0,2.0,2.0,CBlock,4.0,3.0,1.0,2.0,138.0,3.0,351.0,405.0,894.0,2.0,Y,4.0,894,0,0,894,1.0,0.0,1,0,2,1,2.0,5,Typ,0,0.0,Detchd,1979.0,1.0,1.0,308.0,3.0,2.0,192,0,0,0,0,0,NoFence,0,3,2007,WD ,Normal,120750,0,0,1,0,1,2,0,0,0,0,0,0,0,0,0,0,0
60,RL,80.0,13355,NoAlley,2.0,Lvl,Inside,2.0,NWAmes,Norm,1Fam,2Story,7,6,1971,1971,Gable,HdBoard,HdBoard,None,0.0,2.0,2.0,CBlock,4.0,4.0,1.0,5.0,583.0,1.0,0.0,242.0,825.0,2.0,Y,4.0,845,825,0,1670,0.0,0.0,1,1,4,1,2.0,7,Typ,0,0.0,Attchd,1971.0,3.0,2.0,464.0,3.0,2.0,0,0,0,0,0,0,NoFence,0,5,2008,WD ,Normal,170000,0,0,1,0,1,2,0,0,0,0,0,0,0,0,0,0,0
20,RL,57.0,9764,NoAlley,2.0,Lvl,FR2,2.0,Sawyer,Feedr,1Fam,1Story,5,7,1967,2003,Gable,VinylSd,VinylSd,None,0.0,2.0,2.0,CBlock,3.0,3.0,1.0,4.0,702.0,1.0,0.0,192.0,894.0,4.0,Y,4.0,894,0,0,894,1.0,0.0,1,0,3,1,3.0,5,Typ,0,0.0,Attchd,1967.0,2.0,2.0,450.0,3.0,2.0,0,0,0,0,0,0,NoFence,0,5,2008,WD ,Normal,130000,0,0,1,0,1,2,0,0,0,0,0,0,0,0,0,0,0
40,RL,62.0,10042,NoAlley,3.0,Bnk,Corner,2.0,Edwards,Norm,1Fam,1.5Fin,6,8,1920,1995,Gable,Wd Sdng,Wd Sdng,None,0.0,2.0,2.0,BrkTil,3.0,3.0,1.0,2.0,144.0,5.0,278.0,238.0,660.0,2.0,Y,4.0,740,125,0,865,1.0,0.0,1,0,2,1,2.0,4,Typ,1,4.0,Detchd,1920.0,1.0,1.0,216.0,3.0,2.0,0,0,84,0,0,0,NoFence,0,8,2007,WD ,Normal,108500,0,1,1,0,1,3,0,0,0,0,0,0,0,0,0,0,0
160,FV,24.0,2280,Pave,3.0,Lvl,Inside,2.0,Somerst,Norm,Twnhs,2Story,6,5,1999,1999,Gable,MetalSd,MetalSd,Stone,216.0,2.0,2.0,PConc,4.0,3.0,1.0,6.0,550.0,1.0,0.0,194.0,744.0,3.0,Y,4.0,757,792,0,1549,1.0,0.0,2,1,3,1,2.0,6,Typ,0,0.0,Detchd,1999.0,1.0,2.0,440.0,3.0,2.0,0,32,0,0,0,0,NoFence,0,4,2008,WD ,Normal,172900,0,0,1,0,1,2,0,0,0,0,0,0,0,0,0,0,0
20,RL,69.0,9920,NoAlley,2.0,Lvl,Inside,2.0,CollgCr,Norm,1Fam,1Story,5,6,1969,1969,Gable,HdBoard,Plywood,None,0.0,2.0,2.0,CBlock,4.0,3.0,4.0,5.0,523.0,1.0,0.0,448.0,971.0,2.0,Y,4.0,971,0,0,971,0.0,0.0,1,1,3,1,2.0,5,Typ,1,1.0,Attchd,1969.0,1.0,1.0,300.0,3.0,2.0,0,0,0,0,0,0,NoFence,0,5,2006,WD ,Normal,128500,0,1,1,0,1,3,0,0,0,0,0,0,0,0,0,0,0
70,RL,70.0,9650,NoAlley,2.0,HLS,Corner,2.0,Crawfor,Norm,1Fam,2Story,6,3,1923,1950,Hip,Wd Sdng,Plywood,None,0.0,2.0,2.0,BrkTil,3.0,3.0,1.0,1.0,0.0,1.0,0.0,784.0,784.0,2.0,Y,4.0,819,784,0,1603,0.0,0.0,1,0,4,1,2.0,7,Typ,1,4.0,Attchd,1980.0,1.0,2.0,599.0,3.0,2.0,0,217,0,0,0,0,NoFence,0,6,2008,WD ,Normal,138000,0,1,1,0,1,3,0,0,0,0,0,0,0,0,0,0,0
120,RL,61.0,7577,NoAlley,2.0,Lvl,Corner,2.0,NridgHt,Norm,TwnhsE,1Story,6,5,2005,2006,Gable,VinylSd,VinylSd,Stone,256.0,3.0,2.0,PConc,4.0,3.0,3.0,5.0,20.0,1.0,0.0,1342.0,1362.0,4.0,Y,4.0,1362,0,0,1362,0.0,0.0,2,0,2,1,3.0,6,Typ,1,4.0,Attchd,2005.0,2.0,2.0,460.0,3.0,2.0,192,28,0,0,0,0,NoFence,0,6,2007,WD ,Normal,194700,0,1,1,0,1,3,0,0,0,0,0,0,0,0,0,0,0
20,RL,75.0,10050,NoAlley,3.0,Lvl,Inside,2.0,NAmes,Norm,1Fam,1Story,5,5,1955,1955,Hip,MetalSd,MetalSd,None,0.0,2.0,2.0,CBlock,3.0,3.0,1.0,3.0,288.0,1.0,0.0,928.0,1216.0,2.0,Y,4.0,1216,0,0,1216,1.0,0.0,1,0,3,1,2.0,5,Typ,0,0.0,Attchd,1955.0,2.0,1.0,336.0,3.0,2.0,0,0,0,0,0,0,NoFence,0,8,2007,WD ,Normal,129500,0,0,1,0,1,2,0,0,0,0,0,0,0,0,0,0,0
60,FV,65.0,8125,NoAlley,3.0,Lvl,Inside,2.0,Somerst,Norm,1Fam,2Story,7,6,2007,2007,Gable,CemntBd,CmentBd,None,0.0,3.0,2.0,PConc,4.0,3.0,1.0,1.0,0.0,1.0,0.0,813.0,813.0,4.0,Y,4.0,822,843,0,1665,0.0,0.0,2,1,3,1,3.0,7,Typ,0,0.0,Attchd,2007.0,2.0,2.0,562.0,3.0,2.0,0,0,0,0,0,0,NoFence,0,5,2008,WD ,Normal,205950,0,0,1,0,1,2,0,0,0,0,0,0,0,0,0,0,1
80,RL,100.0,14330,NoAlley,2.0,Low,Corner,2.0,Veenker,Norm,1Fam,SLvl,7,4,1974,1974,Gable,WdShing,Wd Sdng,BrkFace,145.0,3.0,1.0,CBlock,4.0,3.0,4.0,5.0,1023.0,4.0,497.0,228.0,1748.0,3.0,Y,4.0,2151,495,0,2646,1.0,2.0,2,0,3,1,3.0,9,Mod,4,3.0,Attchd,1974.0,2.0,2.0,550.0,3.0,2.0,641,100,0,0,0,800,GdPrv,0,1,2006,WD ,Normal,260000,1,1,1,1,1,5,0,0,0,0,0,0,0,0,0,0,0
60,RL,69.0,7590,NoAlley,3.0,Lvl,Inside,2.0,NAmes,PosN,1Fam,2Story,5,5,1962,1962,Gable,VinylSd,VinylSd,BrkFace,288.0,2.0,2.0,CBlock,3.0,3.0,1.0,5.0,540.0,1.0,0.0,324.0,864.0,2.0,Y,4.0,876,936,0,1812,0.0,0.0,2,0,4,1,2.0,8,Typ,1,3.0,Attchd,1962.0,2.0,1.0,264.0,3.0,2.0,0,168,0,0,0,0,NoFence,0,7,2007,WD ,Normal,169500,0,1,1,0,1,3,0,0,0,0,0,0,0,0,0,0,0
120,RM,44.0,4224,NoAlley,3.0,Lvl,Inside,2.0,MeadowV,Norm,TwnhsE,1Story,5,5,1976,1976,Gable,CemntBd,CmentBd,None,0.0,2.0,2.0,PConc,4.0,3.0,1.0,5.0,874.0,1.0,0.0,268.0,1142.0,2.0,Y,4.0,1142,0,0,1142,1.0,0.0,1,1,3,1,2.0,6,Typ,1,1.0,Attchd,1976.0,3.0,2.0,528.0,3.0,2.0,536,90,0,0,0,0,MnPrv,0,8,2007,WD ,Normal,134000,0,1,1,1,1,4,0,0,0,0,0,0,0,0,0,0,0
90,RH,82.0,6270,NoAlley,3.0,HLS,Inside,2.0,Crawfor,Norm,Duplex,2Story,5,6,1949,1950,Gable,MetalSd,MetalSd,None,0.0,2.0,2.0,CBlock,3.0,3.0,1.0,4.0,284.0,1.0,0.0,717.0,1001.0,2.0,N,3.0,1001,1001,0,2002,0.0,0.0,2,0,4,2,2.0,8,Typ,0,0.0,2Types,1949.0,1.0,3.0,871.0,3.0,2.0,0,0,0,0,0,0,NoFence,0,8,2007,WD ,Normal,145000,0,0,0,0,1,1,0,0,0,0,0,0,0,0,0,0,0
30,C (all),60.0,6060,NoAlley,3.0,Lvl,Inside,2.0,IDOTRR,Norm,1Fam,1Story,5,9,1930,2007,Hip,MetalSd,MetalSd,None,0.0,3.0,2.0,BrkTil,3.0,3.0,1.0,5.0,737.0,1.0,0.0,100.0,837.0,4.0,Y,4.0,1001,0,0,1001,0.0,0.0,1,0,2,1,3.0,5,Typ,0,0.0,Detchd,1930.0,1.0,1.0,216.0,3.0,0.0,154,0,42,86,0,0,NoFence,0,11,2007,WD ,Normal,124900,0,0,1,0,1,2,0,0,0,0,0,0,0,0,0,0,0
120,RL,40.0,5664,NoAlley,2.0,Lvl,Inside,2.0,StoneBr,Norm,TwnhsE,1Story,8,5,2000,2000,Gable,CemntBd,CmentBd,None,0.0,3.0,2.0,PConc,4.0,3.0,1.0,6.0,1158.0,1.0,0.0,343.0,1501.0,4.0,Y,4.0,1659,0,0,1659,1.0,0.0,2,0,2,1,4.0,5,Typ,1,5.0,Attchd,2000.0,3.0,2.0,499.0,3.0,2.0,212,59,0,0,0,0,NoFence,0,10,2009,WD ,Normal,278000,0,1,1,0,1,3,0,0,0,0,0,0,0,0,0,0,0
60,RL,149.0,12589,NoAlley,1.0,Lvl,Inside,2.0,Gilbert,Norm,1Fam,2Story,6,5,2005,2005,Gable,VinylSd,VinylSd,None,0.0,3.0,2.0,PConc,4.0,3.0,1.0,1.0,0.0,1.0,0.0,742.0,742.0,4.0,Y,4.0,742,742,0,1484,0.0,0.0,2,1,3,1,3.0,8,Typ,1,4.0,Attchd,2005.0,3.0,2.0,390.0,3.0,2.0,36,24,0,0,0,0,NoFence,0,6,2009,WD ,Normal,174000,0,1,1,0,1,3,0,0,0,0,0,0,0,0,0,0,0
20,RL,85.0,13770,NoAlley,3.0,Lvl,Corner,2.0,Sawyer,Feedr,1Fam,1Story,5,6,1958,1998,Gable,Plywood,Plywood,BrkFace,340.0,2.0,2.0,CBlock,3.0,3.0,2.0,3.0,190.0,4.0,873.0,95.0,1158.0,2.0,Y,4.0,1176,0,0,1176,1.0,0.0,1,0,3,1,2.0,6,Typ,2,4.0,Attchd,1958.0,1.0,1.0,303.0,3.0,2.0,0,0,0,0,0,0,NoFence,0,10,2007,VWD,Normal,137000,0,1,1,0,1,3,0,0,0,0,0,0,0,0,0,0,0
60,FV,81.0,10411,NoAlley,3.0,Lvl,Corner,2.0,Somerst,Norm,1Fam,2Story,5,5,2007,2007,Gable,VinylSd,VinylSd,None,0.0,3.0,2.0,CBlock,4.0,3.0,1.0,1.0,0.0,1.0,0.0,725.0,725.0,4.0,Y,4.0,725,863,0,1588,0.0,0.0,3,0,3,1,3.0,8,Typ,0,0.0,Attchd,2007.0,1.0,2.0,561.0,3.0,2.0,0,0,0,0,0,0,NoFence,0,7,2007,New,Partial,212109,0,0,1,0,1,2,0,0,0,0,0,0,0,0,0,0,0
20,RL,85.0,10200,NoAlley,3.0,Lvl,Inside,2.0,CollgCr,Norm,1Fam,1Story,8,5,2007,2007,Gable,VinylSd,VinylSd,BrkFace,180.0,3.0,2.0,PConc,4.0,3.0,3.0,6.0,1478.0,1.0,0.0,100.0,1578.0,4.0,Y,4.0,1602,0,0,1602,1.0,0.0,2,0,3,1,3.0,7,Typ,1,4.0,Attchd,2007.0,2.0,3.0,810.0,3.0,2.0,0,48,0,0,195,0,NoFence,0,1,2009,WD ,Normal,293200,0,1,1,0,1,3,0,0,0,0,0,0,0,0,0,0,0
60,RL,134.0,19378,NoAlley,2.0,HLS,Corner,2.0,Gilbert,Norm,1Fam,2Story,7,5,2005,2006,Gable,VinylSd,VinylSd,BrkFace,456.0,3.0,2.0,PConc,4.0,3.0,2.0,6.0,57.0,1.0,0.0,1335.0,1392.0,4.0,Y,4.0,1392,1070,0,2462,1.0,0.0,2,1,4,1,3.0,9,Typ,1,4.0,Attchd,2006.0,2.0,2.0,576.0,3.0,2.0,239,132,0,168,0,0,NoFence,0,3,2006,New,Partial,320000,0,1,1,0,1,3,0,0,0,0,0,0,0,0,0,0,0
20,RL,60.0,6600,NoAlley,3.0,Lvl,Inside,2.0,NAmes,PosN,1Fam,1Story,5,5,1962,1962,Hip,Wd Sdng,Wd Sdng,None,0.0,2.0,2.0,CBlock,3.0,3.0,1.0,5.0,110.0,4.0,442.0,312.0,864.0,3.0,Y,4.0,864,0,0,864,0.0,0.0,1,0,2,1,2.0,5,Typ,0,0.0,Detchd,1962.0,1.0,1.0,294.0,3.0,2.0,58,0,0,0,0,0,NoFence,0,12,2007,WD ,Normal,125500,0,0,1,0,1,2,0,0,0,0,0,0,0,0,0,0,0
85,RL,90.0,10012,NoAlley,3.0,Lvl,Inside,2.0,Edwards,Norm,1Fam,SFoyer,4,5,1972,1972,Gable,Plywood,Plywood,None,0.0,2.0,2.0,CBlock,4.0,3.0,3.0,4.0,920.0,3.0,180.0,38.0,1138.0,2.0,Y,4.0,1181,0,0,1181,1.0,0.0,2,0,3,1,2.0,6,Typ,0,0.0,Detchd,1974.0,2.0,2.0,588.0,3.0,2.0,0,0,180,0,0,0,MnPrv,0,4,2008,WD ,Normal,137500,0,0,1,1,1,3,0,0,0,0,0,0,0,0,0,0,0
30,RL,60.0,5400,NoAlley,3.0,Lvl,Corner,2.0,OldTown,Norm,1Fam,1Story,4,7,1940,2005,Gambrel,VinylSd,VinylSd,None,0.0,3.0,2.0,PConc,3.0,3.0,1.0,1.0,0.0,1.0,0.0,672.0,672.0,3.0,Y,4.0,672,0,0,672,0.0,0.0,1,0,2,1,2.0,4,Typ,0,0.0,Detchd,1997.0,1.0,1.0,308.0,3.0,0.0,88,108,0,0,0,0,NoFence,0,7,2008,WD ,Normal,86900,0,0,1,0,1,2,0,0,0,0,0,0,0,0,0,0,0
120,RM,32.0,4500,NoAlley,3.0,Lvl,FR2,2.0,Mitchel,Norm,TwnhsE,1Story,6,5,1997,1997,Hip,VinylSd,VinylSd,BrkFace,197.0,2.0,2.0,PConc,5.0,3.0,1.0,6.0,864.0,1.0,0.0,325.0,1189.0,4.0,Y,4.0,1189,0,0,1189,1.0,0.0,2,0,2,1,2.0,4,Typ,0,0.0,Attchd,1997.0,2.0,2.0,392.0,3.0,2.0,0,122,0,0,0,0,NoFence,0,4,2008,WD ,Normal,160500,0,0,1,0,1,2,0,0,0,0,0,0,0,0,0,0,0
20,RL,71.0,9254,NoAlley,2.0,Lvl,Inside,2.0,NridgHt,Norm,1Fam,1Story,8,5,2005,2005,Gable,VinylSd,VinylSd,BrkFace,210.0,3.0,2.0,PConc,4.0,3.0,1.0,6.0,119.0,1.0,0.0,1602.0,1721.0,4.0,Y,4.0,1721,0,0,1721,1.0,0.0,2,0,3,1,3.0,7,Typ,0,0.0,Attchd,2005.0,2.0,2.0,554.0,3.0,2.0,168,27,0,0,0,0,NoFence,0,1,2007,WD ,Normal,232698,0,0,1,0,1,2,0,0,0,0,0,0,0,0,0,0,0
20,RL,75.0,7500,NoAlley,3.0,Lvl,Corner,2.0,Sawyer,Feedr,1Fam,1Story,5,5,1963,1963,Gable,HdBoard,HdBoard,None,0.0,2.0,2.0,CBlock,3.0,3.0,1.0,5.0,824.0,1.0,0.0,216.0,1040.0,1.0,Y,4.0,1040,0,0,1040,1.0,0.0,1,1,3,1,2.0,5,Typ,0,0.0,Attchd,1963.0,3.0,1.0,308.0,3.0,2.0,0,0,220,0,0,0,MnPrv,0,6,2010,WD ,Normal,133000,0,0,1,1,1,3,0,0,0,0,0,0,0,0,0,0,0
20,RL,85.0,11058,NoAlley,3.0,Lvl,Corner,2.0,CollgCr,Norm,1Fam,1Story,7,6,2007,2007,Gable,VinylSd,VinylSd,Stone,212.0,3.0,2.0,PConc,4.0,3.0,1.0,6.0,56.0,1.0,0.0,1508.0,1564.0,4.0,Y,4.0,1564,0,0,1564,0.0,0.0,2,0,3,1,3.0,6,Typ,0,0.0,Attchd,2007.0,2.0,3.0,814.0,3.0,2.0,0,24,0,0,0,0,NoFence,0,2,2008,WD ,Normal,218836,0,0,1,0,1,2,0,0,0,0,0,0,0,0,0,0,0
70,RL,54.0,7588,NoAlley,3.0,Lvl,Inside,2.0,Crawfor,Norm,1Fam,2Story,7,6,1920,1950,Gable,Stucco,Stucco,None,0.0,2.0,2.0,BrkTil,2.0,3.0,1.0,2.0,352.0,1.0,0.0,441.0,793.0,3.0,Y,4.0,901,901,0,1802,0.0,0.0,1,1,4,1,2.0,9,Typ,1,4.0,Detchd,1920.0,1.0,1.0,216.0,2.0,2.0,0,0,40,0,0,0,NoFence,0,7,2006,WD ,Normal,200100,0,1,1,0,1,3,0,0,0,0,0,0,0,0,0,0,0
20,RL,85.0,15498,NoAlley,2.0,Lvl,Corner,2.0,Timber,Norm,1Fam,1Story,8,6,1976,1976,Hip,Stone,HdBoard,None,0.0,3.0,2.0,CBlock,4.0,3.0,3.0,5.0,1165.0,2.0,400.0,0.0,1565.0,2.0,Y,4.0,2898,0,0,2898,1.0,0.0,2,0,2,1,3.0,10,Typ,1,4.0,Attchd,1976.0,3.0,2.0,665.0,3.0,2.0,0,72,174,0,0,0,NoFence,0,5,2008,COD,Abnorml,287000,0,1,1,0,1,3,0,0,0,0,0,0,0,0,0,0,0
20,RL,71.0,9178,NoAlley,3.0,Lvl,Inside,2.0,CollgCr,Norm,1Fam,1Story,8,5,2008,2008,Gable,VinylSd,VinylSd,None,0.0,3.0,2.0,PConc,4.0,3.0,3.0,1.0,0.0,1.0,0.0,1468.0,1468.0,4.0,Y,4.0,1468,0,0,1468,0.0,0.0,2,0,3,1,3.0,6,Typ,1,4.0,Attchd,2008.0,2.0,3.0,904.0,3.0,2.0,192,142,0,0,0,0,NoFence,0,6,2009,WD ,Normal,239900,0,1,1,0,1,3,0,0,0,0,0,0,0,0,0,0,0
30,RM,60.0,8520,NoAlley,3.0,Lvl,Inside,2.0,OldTown,Norm,1Fam,1Story,5,6,1923,2006,Gable,Wd Sdng,Wd Sdng,None,0.0,3.0,2.0,CBlock,3.0,3.0,1.0,1.0,0.0,1.0,0.0,968.0,968.0,2.0,Y,4.0,968,0,0,968,0.0,0.0,1,0,2,1,2.0,5,Typ,0,0.0,Detchd,1935.0,1.0,2.0,480.0,2.0,0.0,0,0,184,0,0,0,NoFence,0,7,2007,WD ,Normal,100000,0,0,1,0,1,2,0,0,0,0,0,0,0,0,0,0,0
60,RL,64.0,7851,NoAlley,3.0,Lvl,Inside,2.0,Gilbert,Norm,1Fam,2Story,6,5,2002,2002,Gable,VinylSd,VinylSd,None,0.0,3.0,2.0,PConc,4.0,3.0,1.0,6.0,625.0,1.0,0.0,235.0,860.0,4.0,Y,4.0,860,1100,0,1960,1.0,0.0,2,1,4,1,3.0,8,Typ,2,3.0,BuiltIn,2002.0,3.0,2.0,440.0,3.0,2.0,288,48,0,0,0,0,NoFence,0,5,2010,WD ,Normal,216500,0,1,1,0,1,3,0,0,0,0,0,0,0,0,0,0,1
20,RL,62.0,10447,NoAlley,3.0,Lvl,Inside,2.0,Mitchel,Norm,1Fam,1Story,5,6,1984,1984,Gable,Plywood,HdBoard,None,0.0,2.0,2.0,CBlock,3.0,3.0,1.0,5.0,516.0,1.0,0.0,348.0,864.0,2.0,Y,4.0,887,0,0,887,0.0,1.0,1,0,3,1,2.0,5,Typ,0,0.0,Attchd,1984.0,2.0,1.0,288.0,3.0,2.0,140,0,0,0,0,0,NoFence,0,12,2007,WD ,Normal,124500,0,0,1,0,1,2,0,0,0,0,0,0,0,0,0,0,0
50,RL,60.0,9144,Pave,3.0,Lvl,Inside,2.0,BrkSide,Norm,1Fam,1.5Fin,6,4,1915,2004,Gable,VinylSd,VinylSd,None,0.0,2.0,3.0,BrkTil,3.0,3.0,1.0,1.0,0.0,1.0,0.0,810.0,810.0,4.0,Y,4.0,1170,546,0,1716,0.0,0.0,2,0,4,1,3.0,8,Typ,0,0.0,Detchd,1970.0,1.0,2.0,672.0,3.0,2.0,0,195,0,0,0,0,NoFence,0,3,2008,WD ,Normal,162500,0,0,1,0,1,2,0,0,0,0,0,0,0,0,0,0,0
20,RL,68.0,50271,NoAlley,2.0,Low,Inside,2.0,Veenker,Norm,1Fam,1Story,9,5,1981,1987,Gable,WdShing,Wd Shng,None,0.0,3.0,2.0,CBlock,5.0,3.0,4.0,6.0,1810.0,1.0,0.0,32.0,1842.0,3.0,Y,4.0,1842,0,0,1842,2.0,0.0,0,1,0,1,3.0,5,Typ,1,4.0,Attchd,1981.0,3.0,3.0,894.0,3.0,2.0,857,72,0,0,0,0,NoFence,0,11,2006,WD ,Normal,385000,0,1,1,0,1,3,0,0,0,0,0,0,0,0,0,0,0
190,RL,75.0,11235,NoAlley,3.0,Lvl,Inside,2.0,Sawyer,Norm,2fmCon,SFoyer,5,5,1963,1963,Gable,HdBoard,HdBoard,None,0.0,2.0,2.0,CBlock,4.0,3.0,3.0,5.0,925.0,1.0,0.0,0.0,925.0,2.0,Y,4.0,999,0,0,999,1.0,0.0,1,0,3,1,2.0,6,Typ,0,0.0,Detchd,1963.0,1.0,1.0,308.0,3.0,2.0,40,176,0,0,0,0,MnPrv,0,3,2007,WD ,Normal,130000,0,0,1,1,1,3,0,0,0,0,0,0,0,0,0,0,0
190,RM,69.0,9142,NoAlley,3.0,Lvl,Inside,2.0,OldTown,Norm,2fmCon,2Story,5,5,1900,2006,Gable,MetalSd,MetalSd,None,0.0,2.0,1.0,BrkTil,2.0,3.0,1.0,1.0,0.0,1.0,0.0,797.0,797.0,2.0,N,3.0,830,797,0,1627,0.0,0.0,2,0,4,2,2.0,10,Typ,0,0.0,Detchd,1950.0,1.0,2.0,420.0,2.0,0.0,192,0,60,0,0,0,NoFence,0,2,2008,WD ,Normal,139500,0,0,0,0,1,1,0,0,0,0,0,0,0,0,0,0,0
60,RL,80.0,10421,NoAlley,3.0,Lvl,Inside,2.0,NWAmes,Norm,1Fam,2Story,7,5,1988,1988,Gable,HdBoard,HdBoard,BrkFace,42.0,2.0,2.0,CBlock,4.0,3.0,1.0,6.0,394.0,1.0,0.0,586.0,980.0,2.0,Y,4.0,980,734,0,1714,0.0,0.0,2,1,3,1,2.0,7,Typ,1,3.0,Attchd,1988.0,1.0,2.0,496.0,3.0,2.0,228,66,156,0,0,0,MnPrv,500,3,2010,WD ,Normal,196500,0,1,1,1,1,4,0,0,0,0,0,0,0,0,0,0,0
20,RL,70.0,10519,NoAlley,3.0,Lvl,Inside,2.0,Edwards,Norm,1Fam,1Story,5,8,1955,1999,Hip,MetalSd,MetalSd,Stone,164.0,2.0,2.0,CBlock,3.0,3.0,2.0,1.0,0.0,1.0,0.0,1057.0,1057.0,3.0,Y,4.0,1057,0,0,1057,0.0,1.0,1,0,3,1,3.0,6,Typ,0,0.0,Attchd,1955.0,1.0,1.0,288.0,3.0,2.0,0,0,0,0,0,0,NoFence,0,3,2006,WD ,Normal,137000,0,0,1,0,1,2,0,0,0,0,0,0,0,0,0,0,0
160,RM,21.0,1680,NoAlley,3.0,Lvl,Inside,2.0,BrDale,Norm,Twnhs,2Story,6,5,1973,1973,Gable,HdBoard,HdBoard,BrkFace,158.0,2.0,2.0,CBlock,3.0,3.0,1.0,4.0,330.0,1.0,0.0,153.0,483.0,2.0,Y,4.0,483,504,0,987,1.0,0.0,1,1,2,1,2.0,5,Typ,0,0.0,Detchd,1973.0,1.0,1.0,264.0,3.0,2.0,0,0,0,0,0,0,NoFence,0,11,2008,WD ,Normal,100000,0,0,1,0,1,2,0,0,0,0,0,0,0,0,0,0,0
60,FV,85.0,10574,NoAlley,3.0,Lvl,Inside,2.0,Somerst,Norm,1Fam,2Story,8,5,2005,2006,Gable,VinylSd,VinylSd,None,0.0,3.0,2.0,PConc,4.0,3.0,2.0,1.0,0.0,1.0,0.0,1082.0,1082.0,4.0,Y,4.0,1082,871,0,1953,0.0,0.0,2,1,3,1,3.0,9,Typ,1,4.0,Attchd,2005.0,2.0,3.0,1043.0,3.0,2.0,160,50,0,0,0,0,NoFence,0,5,2009,WD ,Normal,252000,0,1,1,0,1,3,0,0,0,0,0,0,0,0,0,0,0
70,RL,107.0,12888,NoAlley,3.0,Bnk,Inside,2.0,Sawyer,Feedr,1Fam,2Story,7,8,1937,1980,Gable,Wd Sdng,Wd Sdng,None,0.0,2.0,3.0,CBlock,3.0,3.0,1.0,5.0,288.0,1.0,0.0,717.0,1005.0,2.0,Y,4.0,1262,1005,0,2267,1.0,0.0,1,1,3,1,2.0,7,Typ,2,4.0,Attchd,1937.0,3.0,2.0,498.0,3.0,2.0,521,0,0,0,0,0,NoFence,0,4,2007,WD ,Normal,219000,0,1,1,0,1,3,0,0,0,0,0,0,0,0,0,0,0
60,RL,85.0,10574,NoAlley,2.0,Lvl,Inside,2.0,NridgHt,Norm,1Fam,2Story,8,5,2004,2004,Gable,VinylSd,VinylSd,Stone,126.0,3.0,2.0,PConc,5.0,3.0,1.0,6.0,856.0,1.0,0.0,292.0,1148.0,4.0,Y,4.0,1170,1162,0,2332,1.0,0.0,2,1,4,1,4.0,9,Typ,1,4.0,BuiltIn,2004.0,3.0,3.0,756.0,3.0,2.0,224,142,0,0,0,0,NoFence,0,7,2008,WD ,Normal,316000,0,1,1,0,1,3,0,0,0,0,0,0,0,0,0,0,0
20,RL,60.0,10122,NoAlley,3.0,Lvl,Inside,2.0,OldTown,Norm,1Fam,1Story,4,6,1948,1950,Gable,MetalSd,MetalSd,None,0.0,2.0,2.0,Slab,0.0,0.0,0.0,0.0,0.0,0.0,0.0,0.0,0.0,2.0,N,4.0,869,0,0,869,0.0,0.0,1,0,1,1,2.0,3,Typ,0,0.0,Detchd,1948.0,1.0,1.0,390.0,2.0,0.0,0,0,66,0,0,0,GdPrv,0,8,2008,WD ,Normal,89900,0,0,0,1,1,2,0,0,0,0,0,0,0,0,0,0,0
120,RM,70.0,4426,NoAlley,3.0,Lvl,Inside,2.0,CollgCr,Norm,TwnhsE,1Story,6,5,2004,2004,Gable,VinylSd,VinylSd,BrkFace,205.0,3.0,2.0,PConc,4.0,3.0,2.0,6.0,662.0,1.0,0.0,186.0,848.0,4.0,Y,4.0,848,0,0,848,1.0,0.0,1,0,1,1,3.0,3,Typ,0,0.0,Attchd,2004.0,2.0,2.0,420.0,3.0,2.0,140,0,0,0,0,0,NoFence,0,2,2008,WD ,Normal,145000,0,0,1,0,1,2,0,0,0,0,0,0,0,0,0,0,0
20,RL,128.0,12160,NoAlley,3.0,Lvl,Inside,2.0,NAmes,Feedr,1Fam,1Story,6,4,1953,1953,Hip,Wd Sdng,Wd Sdng,BrkFace,90.0,2.0,2.0,CBlock,3.0,3.0,1.0,4.0,1024.0,1.0,0.0,481.0,1505.0,4.0,Y,4.0,1505,0,0,1505,1.0,0.0,1,0,2,1,2.0,6,Typ,1,3.0,Attchd,1953.0,2.0,2.0,505.0,3.0,2.0,0,0,0,162,0,0,NoFence,0,2,2009,WD ,Normal,149500,0,1,1,0,1,3,0,0,0,0,0,0,0,0,0,0,0
90,RL,64.0,7040,NoAlley,3.0,Lvl,Inside,2.0,SawyerW,Feedr,Duplex,SFoyer,5,5,1979,1979,Gable,Plywood,Plywood,BrkFace,216.0,2.0,2.0,CBlock,4.0,3.0,3.0,6.0,1094.0,1.0,0.0,0.0,1094.0,2.0,Y,4.0,1229,0,0,1229,2.0,0.0,0,2,2,2,3.0,6,Typ,2,3.0,Detchd,1979.0,1.0,2.0,672.0,3.0,2.0,120,0,0,0,0,0,NoFence,0,6,2009,WD ,Alloca,148325,0,1,1,0,1,3,0,0,0,0,0,0,0,0,0,0,0
20,RL,88.0,11394,NoAlley,3.0,Lvl,Corner,2.0,StoneBr,Norm,1Fam,1Story,9,2,2010,2010,Hip,VinylSd,VinylSd,Stone,350.0,3.0,2.0,PConc,5.0,3.0,3.0,6.0,1445.0,1.0,0.0,411.0,1856.0,4.0,Y,4.0,1856,0,0,1856,1.0,0.0,1,1,1,1,4.0,8,Typ,1,5.0,Attchd,2010.0,3.0,3.0,834.0,3.0,2.0,113,0,0,0,0,0,NoFence,0,6,2010,New,Partial,394432,0,1,1,0,1,3,0,0,0,0,0,0,0,0,0,0,0
60,RL,64.0,7750,NoAlley,3.0,Lvl,Inside,2.0,Gilbert,RRAn,1Fam,2Story,7,5,2002,2002,Gable,VinylSd,VinylSd,None,0.0,3.0,2.0,PConc,4.0,3.0,1.0,1.0,0.0,1.0,0.0,707.0,707.0,4.0,Y,4.0,707,707,0,1414,0.0,0.0,2,1,3,1,3.0,6,Typ,1,4.0,Attchd,2002.0,3.0,2.0,403.0,3.0,2.0,100,35,0,0,0,0,NoFence,0,4,2008,WD ,Normal,176000,0,1,1,0,1,3,0,0,0,0,0,0,0,0,0,0,1
70,RL,100.0,9670,NoAlley,2.0,HLS,Inside,1.0,Crawfor,Norm,1Fam,2Story,8,6,1935,1950,Gable,BrkFace,Stucco,Stone,40.0,2.0,2.0,PConc,3.0,2.0,1.0,2.0,210.0,1.0,0.0,398.0,608.0,2.0,Y,4.0,983,890,0,1873,0.0,0.0,1,1,4,1,2.0,9,Typ,2,4.0,Detchd,1935.0,3.0,2.0,786.0,2.0,2.0,0,0,207,0,0,0,NoFence,0,6,2008,WD ,Alloca,257076,0,1,1,0,1,3,0,0,0,0,0,0,0,0,0,0,0
120,RL,43.0,7052,NoAlley,2.0,Lvl,Inside,2.0,NridgHt,Norm,TwnhsE,1Story,7,5,2005,2005,Gable,VinylSd,VinylSd,Stone,240.0,3.0,2.0,PConc,4.0,3.0,3.0,6.0,659.0,1.0,0.0,705.0,1364.0,4.0,Y,4.0,1364,0,0,1364,1.0,0.0,2,0,2,1,3.0,6,Typ,1,4.0,Attchd,2005.0,2.0,2.0,484.0,3.0,2.0,192,36,0,0,0,0,NoFence,0,6,2006,WD ,Normal,185850,0,1,1,0,1,3,0,0,0,0,0,0,0,0,0,0,0
50,C (all),60.0,7500,NoAlley,3.0,Lvl,Inside,2.0,IDOTRR,Norm,1Fam,1.5Fin,4,4,1920,1950,Gable,MetalSd,MetalSd,None,0.0,2.0,3.0,CBlock,3.0,3.0,1.0,1.0,0.0,1.0,0.0,698.0,698.0,2.0,Y,3.0,698,430,0,1128,0.0,0.0,1,0,2,1,2.0,6,Typ,0,0.0,Detchd,1980.0,2.0,2.0,528.0,3.0,2.0,30,0,164,0,0,0,NoFence,0,4,2010,COD,Abnorml,68400,0,0,1,0,1,2,0,0,0,0,0,0,0,0,0,0,0
20,RL,109.0,9723,NoAlley,2.0,Lvl,Corner,2.0,NAmes,Norm,1Fam,1Story,6,7,1963,1963,Hip,MetalSd,MetalSd,BrkFace,332.0,2.0,2.0,CBlock,3.0,3.0,1.0,1.0,0.0,1.0,0.0,1008.0,1008.0,2.0,Y,4.0,1008,0,0,1008,0.0,0.0,1,0,2,1,2.0,5,Typ,0,0.0,Attchd,1963.0,2.0,2.0,430.0,3.0,2.0,0,0,0,0,0,0,NoFence,0,10,2006,WD ,Normal,135000,0,0,1,0,1,2,0,0,0,0,0,0,0,0,0,0,0
120,RL,34.0,5381,NoAlley,2.0,Lvl,Inside,2.0,NridgHt,Norm,Twnhs,1Story,6,5,2005,2005,Gable,VinylSd,VinylSd,Stone,135.0,3.0,2.0,PConc,4.0,3.0,3.0,5.0,900.0,1.0,0.0,406.0,1306.0,4.0,Y,4.0,1306,0,0,1306,1.0,0.0,2,0,1,1,3.0,5,Typ,1,4.0,Attchd,2005.0,2.0,2.0,624.0,3.0,2.0,170,63,0,0,0,0,NoFence,0,8,2009,WD ,Normal,196000,0,1,1,0,1,3,0,0,0,0,0,0,0,0,0,0,0
60,RL,83.0,10005,NoAlley,3.0,Lvl,Inside,2.0,ClearCr,Norm,1Fam,2Story,7,5,1977,1977,Hip,Plywood,Plywood,BrkFace,299.0,2.0,2.0,CBlock,4.0,3.0,1.0,4.0,392.0,1.0,0.0,768.0,1160.0,4.0,Y,4.0,1156,866,0,2022,0.0,0.0,2,1,4,1,2.0,8,Typ,1,3.0,Attchd,1977.0,3.0,2.0,505.0,3.0,2.0,288,117,0,0,0,0,NoFence,0,3,2008,WD ,Normal,192000,0,1,1,0,1,3,0,0,0,0,0,0,0,0,0,0,0
60,RL,104.0,21535,NoAlley,2.0,Lvl,Corner,2.0,NoRidge,Norm,1Fam,2Story,10,6,1994,1995,Gable,HdBoard,HdBoard,BrkFace,1170.0,4.0,2.0,PConc,5.0,3.0,4.0,6.0,1455.0,1.0,0.0,989.0,2444.0,4.0,Y,4.0,2444,1872,0,4316,0.0,1.0,3,1,4,1,4.0,10,Typ,2,5.0,Attchd,1994.0,3.0,3.0,832.0,3.0,2.0,382,50,0,0,0,0,NoFence,0,1,2007,WD ,Normal,755000,0,1,1,0,1,3,0,0,0,0,0,0,0,0,0,0,0
70,RM,57.0,6406,Grvl,3.0,Lvl,Inside,2.0,OldTown,Norm,1Fam,2Story,5,6,1939,1950,Gable,Wd Sdng,Wd Sdng,None,0.0,2.0,2.0,BrkTil,3.0,3.0,1.0,5.0,421.0,1.0,0.0,269.0,690.0,2.0,Y,3.0,868,690,0,1558,0.0,0.0,1,1,3,1,2.0,7,Typ,1,4.0,Detchd,1939.0,1.0,2.0,400.0,3.0,2.0,0,36,0,0,182,0,MnPrv,0,10,2009,WD ,Normal,150000,0,1,1,1,1,4,0,0,0,0,0,0,0,0,0,0,0
120,RL,53.0,4043,NoAlley,3.0,Lvl,Inside,2.0,NPkVill,Norm,TwnhsE,1Story,6,5,1977,1977,Gable,Plywood,Plywood,None,0.0,2.0,2.0,CBlock,4.0,3.0,1.0,5.0,360.0,1.0,0.0,709.0,1069.0,2.0,Y,4.0,1069,0,0,1069,0.0,0.0,2,0,2,1,2.0,4,Typ,1,2.0,Attchd,1977.0,2.0,2.0,440.0,3.0,2.0,0,55,0,0,165,0,NoFence,0,7,2010,WD ,Normal,127500,0,1,1,0,1,3,0,0,0,0,0,0,0,0,0,0,0
190,RL,68.0,10880,NoAlley,3.0,Lvl,Inside,2.0,Edwards,Norm,2fmCon,1Story,5,5,1950,1950,Gable,MetalSd,MetalSd,None,0.0,2.0,2.0,CBlock,3.0,3.0,1.0,5.0,1040.0,1.0,0.0,124.0,1164.0,2.0,N,4.0,1164,0,0,1164,1.0,0.0,1,0,3,1,2.0,5,Typ,0,0.0,Detchd,1950.0,1.0,1.0,240.0,3.0,2.0,0,48,0,0,0,0,NoFence,0,8,2008,ConLD,Normal,125000,0,0,0,0,1,1,0,0,0,0,0,0,0,0,0,0,0
70,RH,54.0,6629,NoAlley,3.0,Lvl,Inside,2.0,Edwards,Artery,1Fam,2Story,6,6,1925,1950,Gambrel,Wd Sdng,Wd Sdng,None,0.0,2.0,3.0,BrkTil,3.0,3.0,1.0,4.0,551.0,1.0,0.0,121.0,672.0,2.0,N,4.0,697,672,0,1369,1.0,0.0,2,0,3,1,2.0,6,Typ,0,0.0,Detchd,1930.0,1.0,1.0,300.0,3.0,2.0,147,0,0,0,0,0,NoFence,0,7,2009,WD ,Normal,103600,0,0,0,0,1,1,0,0,0,0,0,0,0,0,0,0,0
60,RL,73.0,11184,NoAlley,2.0,Lvl,Corner,2.0,Gilbert,Norm,1Fam,2Story,6,5,1998,1998,Gable,VinylSd,VinylSd,None,0.0,2.0,2.0,PConc,4.0,3.0,1.0,1.0,0.0,1.0,0.0,932.0,932.0,3.0,Y,4.0,932,701,0,1633,0.0,0.0,2,1,3,1,2.0,7,Typ,1,3.0,Attchd,1998.0,3.0,2.0,460.0,3.0,2.0,0,39,0,0,0,0,NoFence,0,4,2008,WD ,Family,183000,0,1,1,0,1,3,0,0,0,0,0,0,0,0,0,0,0
45,RM,50.0,5000,NoAlley,3.0,Lvl,Inside,2.0,IDOTRR,RRAe,1Fam,1.5Unf,5,6,1941,1950,Gable,MetalSd,MetalSd,None,0.0,2.0,2.0,CBlock,3.0,3.0,3.0,4.0,116.0,1.0,0.0,604.0,720.0,0.0,N,1.0,803,0,0,803,0.0,0.0,1,0,2,1,2.0,5,Typ,0,0.0,Detchd,1941.0,1.0,2.0,360.0,3.0,2.0,0,0,244,0,0,0,NoFence,0,12,2007,WD ,Normal,87000,0,0,0,0,1,1,0,0,0,0,0,0,0,0,0,0,0
20,RL,80.0,20062,NoAlley,2.0,Low,Inside,1.0,ClearCr,Norm,1Fam,1Story,7,7,1977,2001,Hip,Wd Sdng,Wd Sdng,None,0.0,3.0,3.0,CBlock,4.0,3.0,4.0,5.0,1092.0,1.0,0.0,328.0,1420.0,3.0,Y,4.0,1483,0,0,1483,1.0,0.0,1,1,1,1,2.0,4,Typ,2,3.0,Attchd,1977.0,2.0,2.0,690.0,3.0,2.0,496,0,0,0,0,0,NoFence,0,4,2010,WD ,Normal,270000,0,1,1,0,1,3,0,0,0,0,0,0,0,0,0,0,0
160,RM,21.0,1869,NoAlley,3.0,Lvl,Inside,2.0,BrDale,Norm,Twnhs,2Story,6,6,1970,1970,Gable,HdBoard,HdBoard,BrkFace,127.0,2.0,2.0,CBlock,3.0,3.0,1.0,3.0,321.0,1.0,0.0,162.0,483.0,2.0,Y,4.0,483,504,0,987,0.0,0.0,1,1,2,1,2.0,5,Typ,0,0.0,Detchd,1987.0,1.0,1.0,280.0,3.0,2.0,0,0,0,0,0,0,NoFence,0,9,2008,WD ,Normal,106000,0,0,1,0,1,2,0,0,0,0,0,0,0,0,0,0,0
20,RL,52.0,6627,NoAlley,2.0,Lvl,Corner,2.0,BrkSide,Feedr,1Fam,1Story,3,6,1949,1950,Hip,VinylSd,VinylSd,None,0.0,2.0,2.0,CBlock,0.0,0.0,0.0,0.0,0.0,0.0,0.0,0.0,0.0,2.0,N,4.0,720,0,0,720,0.0,0.0,1,0,2,1,2.0,4,Typ,0,0.0,Detchd,1955.0,1.0,1.0,287.0,3.0,2.0,0,0,0,0,0,0,NoFence,0,7,2008,WD ,Normal,72500,0,0,0,0,1,1,0,0,0,0,0,0,0,0,0,0,0
120,RL,28.0,7296,NoAlley,2.0,Lvl,CulDSac,2.0,StoneBr,Norm,TwnhsE,1Story,8,5,2004,2005,Gable,CemntBd,CmentBd,None,0.0,3.0,2.0,PConc,5.0,3.0,3.0,6.0,1965.0,1.0,0.0,243.0,2208.0,4.0,Y,4.0,2522,0,0,2522,1.0,0.0,2,0,1,1,3.0,8,Typ,1,4.0,Attchd,2004.0,3.0,2.0,564.0,3.0,2.0,182,57,0,0,0,0,NoFence,0,11,2009,WD ,Normal,375000,0,1,1,0,1,3,0,0,0,0,0,0,0,0,0,0,0
80,RL,80.0,17871,NoAlley,2.0,Lvl,CulDSac,2.0,NWAmes,Norm,1Fam,SLvl,6,5,1967,1976,Gable,HdBoard,HdBoard,BrkFace,359.0,2.0,2.0,CBlock,4.0,3.0,3.0,5.0,528.0,1.0,0.0,1152.0,1680.0,1.0,Y,4.0,1724,0,0,1724,1.0,0.0,1,1,3,1,2.0,7,Typ,1,4.0,Attchd,1967.0,2.0,2.0,480.0,3.0,2.0,0,0,0,0,0,0,NoFence,0,6,2009,WD ,Normal,197900,0,1,1,0,1,3,0,0,0,0,0,0,0,0,0,0,0
60,RL,75.0,11404,NoAlley,2.0,Lvl,Inside,2.0,CollgCr,Norm,1Fam,2Story,7,5,1998,1999,Gable,VinylSd,VinylSd,BrkFace,202.0,3.0,2.0,PConc,4.0,3.0,3.0,5.0,252.0,1.0,0.0,901.0,1153.0,4.0,Y,4.0,1153,878,0,2031,0.0,0.0,2,1,3,1,3.0,8,Typ,1,3.0,Attchd,1998.0,3.0,2.0,541.0,3.0,2.0,192,84,0,0,0,0,NoFence,0,7,2008,WD ,Normal,222500,0,1,1,0,1,3,0,0,0,0,0,0,0,0,0,0,0
20,RL,65.0,8125,NoAlley,3.0,Lvl,Inside,2.0,SawyerW,Norm,1Fam,1Story,6,5,1994,1998,Gable,HdBoard,HdBoard,BrkFace,258.0,2.0,2.0,PConc,4.0,3.0,1.0,6.0,1138.0,1.0,0.0,270.0,1408.0,4.0,Y,4.0,1679,0,0,1679,1.0,0.0,2,0,3,1,3.0,7,Typ,1,2.0,Attchd,1994.0,2.0,2.0,575.0,3.0,2.0,224,42,0,0,0,0,NoFence,0,10,2008,WD ,Normal,193500,0,1,1,0,1,3,0,0,0,0,0,0,0,0,0,0,0
20,RL,85.0,14536,NoAlley,3.0,Lvl,Inside,2.0,Timber,Norm,1Fam,1Story,8,5,2002,2003,Hip,VinylSd,VinylSd,BrkFace,236.0,3.0,2.0,PConc,4.0,3.0,3.0,6.0,1300.0,1.0,0.0,316.0,1616.0,4.0,Y,4.0,1629,0,0,1629,1.0,0.0,2,0,3,1,3.0,9,Typ,1,4.0,Attchd,2002.0,3.0,3.0,808.0,3.0,2.0,0,252,0,0,0,0,NoFence,0,11,2007,WD ,Normal,270000,0,1,1,0,1,3,0,0,0,0,0,0,0,0,0,0,0
20,RL,99.0,11851,NoAlley,3.0,Lvl,Corner,2.0,Gilbert,Norm,1Fam,1Story,7,5,1990,1990,Gable,HdBoard,HdBoard,None,0.0,2.0,2.0,PConc,4.0,3.0,1.0,1.0,0.0,1.0,0.0,1424.0,1424.0,4.0,Y,4.0,1442,0,0,1442,0.0,0.0,2,0,3,1,2.0,5,Typ,0,0.0,Attchd,1990.0,2.0,2.0,500.0,3.0,2.0,0,34,0,508,0,0,NoFence,0,5,2009,WD ,Normal,180500,0,0,1,0,1,2,0,0,0,0,0,0,0,0,0,0,0
60,RL,59.0,11796,NoAlley,2.0,Lvl,Inside,2.0,Gilbert,Norm,1Fam,2Story,7,5,2004,2005,Gable,VinylSd,VinylSd,None,0.0,3.0,2.0,PConc,4.0,3.0,3.0,1.0,0.0,1.0,0.0,847.0,847.0,4.0,Y,4.0,847,1112,0,1959,0.0,0.0,2,1,4,1,3.0,8,Typ,1,4.0,BuiltIn,2004.0,3.0,2.0,434.0,3.0,2.0,100,48,0,0,0,0,NoFence,0,7,2007,WD ,Normal,215000,0,1,1,0,1,3,0,0,0,0,0,0,0,0,0,0,0
20,RL,68.0,7922,NoAlley,3.0,Lvl,Inside,2.0,NAmes,Norm,1Fam,1Story,5,7,1953,2007,Gable,VinylSd,VinylSd,None,0.0,2.0,3.0,CBlock,3.0,3.0,1.0,6.0,731.0,1.0,0.0,326.0,1057.0,2.0,Y,4.0,1057,0,0,1057,1.0,0.0,1,0,3,1,3.0,5,Typ,0,0.0,Detchd,1953.0,1.0,1.0,246.0,3.0,2.0,0,52,0,0,0,0,NoFence,0,1,2010,WD ,Abnorml,109000,0,0,1,0,1,2,0,0,0,0,0,0,0,0,0,0,0
120,RM,62.0,6710,NoAlley,2.0,Lvl,FR3,2.0,Mitchel,Norm,TwnhsE,SFoyer,6,5,1996,1997,Gable,VinylSd,VinylSd,BrkFace,134.0,2.0,2.0,PConc,5.0,3.0,3.0,3.0,16.0,6.0,904.0,0.0,920.0,4.0,Y,4.0,936,0,0,936,2.0,0.0,0,1,0,1,2.0,3,Typ,0,0.0,Attchd,1996.0,3.0,2.0,460.0,3.0,2.0,0,40,0,0,0,0,NoFence,0,6,2007,WD ,Normal,140000,0,0,1,0,1,2,0,0,0,0,0,0,0,0,0,0,0
85,RL,80.0,9927,NoAlley,2.0,Lvl,Inside,2.0,NWAmes,Norm,1Fam,SFoyer,7,5,1976,1976,Gable,VinylSd,Wd Shng,Stone,252.0,3.0,2.0,CBlock,5.0,3.0,4.0,6.0,1005.0,1.0,0.0,42.0,1047.0,2.0,Y,4.0,1083,0,0,1083,1.0,0.0,1,0,2,1,2.0,5,Typ,1,2.0,Attchd,1976.0,2.0,2.0,596.0,3.0,2.0,444,0,40,0,0,0,NoFence,0,7,2006,WD ,Normal,172000,0,1,1,0,1,3,0,0,0,0,0,0,0,0,0,0,0
160,FV,30.0,3180,Pave,3.0,Lvl,Inside,2.0,Somerst,Norm,TwnhsE,2Story,6,5,2005,2005,Gable,MetalSd,MetalSd,None,0.0,3.0,2.0,PConc,4.0,3.0,1.0,6.0,390.0,1.0,0.0,210.0,600.0,4.0,Y,4.0,600,600,0,1200,1.0,0.0,2,1,2,1,3.0,5,Typ,0,0.0,Detchd,2005.0,2.0,2.0,480.0,3.0,2.0,0,166,0,0,0,0,NoFence,0,5,2008,WD ,Normal,165000,0,0,1,0,1,2,0,0,0,0,0,0,0,0,0,0,0
50,RL,50.0,8405,NoAlley,3.0,Lvl,Inside,2.0,Edwards,Norm,1Fam,1.5Fin,4,3,1945,1950,Gable,WdShing,Wd Shng,None,0.0,2.0,2.0,Slab,0.0,0.0,0.0,0.0,0.0,0.0,0.0,0.0,0.0,2.0,N,1.0,1088,441,0,1529,0.0,0.0,2,0,4,1,2.0,9,Mod,0,0.0,Detchd,1945.0,1.0,1.0,240.0,3.0,0.0,92,0,185,0,0,0,NoFence,0,4,2009,WD ,Normal,98000,0,0,0,0,1,1,0,0,0,0,0,0,0,0,0,0,0
20,RL,80.0,10825,NoAlley,2.0,Lvl,Inside,2.0,NWAmes,Norm,1Fam,1Story,7,7,1983,1983,Gable,WdShing,Plywood,BrkFace,174.0,3.0,2.0,CBlock,4.0,3.0,2.0,6.0,747.0,1.0,0.0,513.0,1260.0,2.0,Y,4.0,1260,0,0,1260,1.0,0.0,2,0,3,1,2.0,6,Typ,0,0.0,Attchd,1983.0,1.0,2.0,598.0,3.0,2.0,152,0,0,0,0,0,NoFence,0,7,2008,WD ,Normal,181900,0,0,1,0,1,2,0,0,0,0,0,0,0,0,0,0,0
60,FV,85.0,10625,NoAlley,3.0,Lvl,Inside,2.0,Somerst,Norm,1Fam,2Story,7,5,2005,2005,Gable,CemntBd,CmentBd,None,0.0,3.0,2.0,PConc,4.0,3.0,1.0,1.0,0.0,1.0,0.0,1026.0,1026.0,4.0,Y,4.0,1026,932,0,1958,0.0,0.0,2,1,3,1,3.0,9,Typ,1,4.0,Attchd,2005.0,3.0,3.0,936.0,3.0,2.0,154,210,0,0,0,0,NoFence,0,7,2008,WD ,Normal,250000,0,1,1,0,1,3,0,0,0,0,0,0,0,0,0,0,0
120,RL,48.0,5911,NoAlley,3.0,Lvl,Inside,2.0,NridgHt,Norm,TwnhsE,1Story,9,5,2005,2005,Hip,MetalSd,MetalSd,BrkFace,278.0,4.0,2.0,PConc,5.0,3.0,1.0,6.0,472.0,1.0,0.0,1088.0,1560.0,4.0,Y,4.0,1565,0,0,1565,1.0,0.0,2,0,2,1,4.0,6,Typ,1,4.0,Attchd,2005.0,2.0,2.0,556.0,3.0,2.0,196,56,0,0,0,0,NoFence,0,3,2006,WD ,Normal,282500,0,1,1,0,1,3,0,0,0,0,0,0,0,0,0,0,0
80,RL,96.0,11275,NoAlley,3.0,Lvl,Corner,2.0,NAmes,PosN,1Fam,SLvl,7,7,1967,2007,Mansard,Wd Sdng,Wd Sdng,BrkFace,300.0,3.0,3.0,CBlock,4.0,3.0,1.0,1.0,0.0,1.0,0.0,710.0,710.0,4.0,Y,4.0,1898,1080,0,2978,0.0,0.0,2,1,5,1,3.0,11,Typ,1,4.0,BuiltIn,1961.0,3.0,2.0,564.0,3.0,2.0,240,0,0,0,0,0,NoFence,0,6,2010,WD ,Normal,242000,0,1,1,0,1,3,0,0,0,0,0,0,0,0,0,0,0
50,RM,68.0,4080,Grvl,3.0,Lvl,Inside,2.0,OldTown,Norm,1Fam,1.5Fin,6,8,1935,1998,Gable,Wd Sdng,Wd Sdng,None,0.0,2.0,2.0,PConc,3.0,3.0,1.0,1.0,0.0,1.0,0.0,901.0,901.0,3.0,Y,4.0,861,517,0,1378,0.0,0.0,1,0,3,1,3.0,6,Typ,0,0.0,Detchd,1920.0,1.0,1.0,162.0,2.0,1.0,54,0,40,0,0,0,NoFence,0,6,2009,WD ,Normal,128900,0,0,1,0,1,2,0,0,0,0,0,0,0,0,0,0,0
50,RL,50.0,7550,NoAlley,3.0,Lvl,Inside,2.0,Edwards,Norm,1Fam,1.5Fin,4,5,1920,1950,Gambrel,MetalSd,MetalSd,None,0.0,1.0,1.0,BrkTil,3.0,2.0,1.0,1.0,0.0,1.0,0.0,951.0,951.0,1.0,N,4.0,986,376,0,1362,0.0,0.0,2,0,4,1,2.0,7,Typ,0,0.0,Detchd,1920.0,1.0,1.0,280.0,2.0,1.0,0,0,0,0,0,0,MnPrv,0,3,2007,WD ,Normal,96000,0,0,0,1,1,2,0,0,0,0,0,0,0,0,0,0,0
20,RL,107.0,13891,NoAlley,3.0,Lvl,Inside,2.0,NridgHt,Norm,1Fam,1Story,8,5,2007,2008,Hip,VinylSd,VinylSd,Stone,436.0,3.0,2.0,PConc,5.0,3.0,4.0,6.0,1400.0,1.0,0.0,310.0,1710.0,4.0,Y,4.0,1710,0,0,1710,1.0,0.0,2,0,2,1,3.0,6,Typ,1,4.0,Attchd,2007.0,2.0,3.0,866.0,3.0,2.0,0,102,0,0,0,0,NoFence,0,1,2008,New,Partial,372402,0,1,1,0,1,3,0,0,0,0,0,0,0,0,0,0,0
60,RL,74.0,10927,NoAlley,3.0,Lvl,Inside,2.0,NridgHt,Norm,1Fam,2Story,8,5,2005,2005,Gable,VinylSd,VinylSd,BrkFace,280.0,3.0,2.0,PConc,4.0,3.0,3.0,6.0,546.0,1.0,0.0,512.0,1058.0,4.0,Y,4.0,1058,846,0,1904,1.0,0.0,2,1,3,1,4.0,8,Typ,1,4.0,BuiltIn,2003.0,3.0,2.0,736.0,3.0,2.0,179,60,0,0,0,0,NoFence,0,6,2006,WD ,Normal,275000,0,1,1,0,1,3,0,0,0,0,0,0,0,0,0,0,0
60,RL,75.0,12447,NoAlley,2.0,Lvl,Inside,2.0,Somerst,RRAn,1Fam,2Story,8,5,2005,2006,Gable,CemntBd,CmentBd,Stone,192.0,3.0,2.0,PConc,4.0,4.0,1.0,1.0,0.0,1.0,0.0,1100.0,1100.0,4.0,Y,4.0,1116,848,0,1964,0.0,0.0,2,1,3,1,3.0,8,Typ,1,4.0,BuiltIn,2005.0,3.0,2.0,760.0,3.0,2.0,200,70,0,0,0,0,NoFence,0,1,2006,New,Partial,252000,0,1,1,0,1,3,0,0,0,0,0,0,0,0,0,0,0
70,RM,60.0,9600,Grvl,3.0,Lvl,Corner,2.0,OldTown,Norm,1Fam,2Story,8,9,1900,2003,Gable,Wd Sdng,Wd Sdng,None,0.0,3.0,3.0,BrkTil,3.0,3.0,1.0,1.0,0.0,1.0,0.0,930.0,930.0,2.0,N,4.0,930,636,0,1566,0.0,0.0,2,0,3,1,3.0,7,Typ,0,0.0,Detchd,1930.0,1.0,1.0,288.0,3.0,2.0,54,228,246,0,0,0,NoFence,0,4,2010,WD ,Abnorml,150000,0,0,0,0,1,1,0,0,0,0,0,0,0,0,0,0,0
90,RL,120.0,11136,NoAlley,3.0,Lvl,Corner,2.0,Sawyer,Feedr,Duplex,1Story,6,5,1964,1964,Gable,BrkFace,BrkFace,None,0.0,2.0,2.0,CBlock,3.0,3.0,1.0,1.0,0.0,1.0,0.0,1921.0,1921.0,2.0,Y,4.0,1921,0,0,1921,0.0,0.0,2,0,4,2,2.0,8,Typ,0,0.0,Detchd,1964.0,1.0,2.0,576.0,3.0,2.0,0,180,0,0,0,0,NoFence,0,7,2006,WD ,Normal,150000,0,0,1,0,1,2,0,0,0,0,0,0,0,0,0,0,0
60,RL,57.0,8773,NoAlley,2.0,HLS,Inside,2.0,Gilbert,Norm,1Fam,2Story,6,5,1997,1997,Gable,VinylSd,VinylSd,None,0.0,2.0,2.0,PConc,4.0,3.0,3.0,1.0,0.0,1.0,0.0,916.0,916.0,3.0,Y,4.0,916,684,0,1600,0.0,0.0,2,1,3,1,2.0,7,Typ,1,3.0,Attchd,1997.0,3.0,2.0,460.0,3.0,2.0,100,38,0,0,0,0,NoFence,0,8,2007,WD ,Normal,169000,0,1,1,0,1,3,0,0,0,0,0,0,0,0,0,0,0
20,RL,64.0,7406,NoAlley,3.0,Lvl,Inside,2.0,CollgCr,Norm,1Fam,1Story,7,5,2006,2006,Gable,VinylSd,VinylSd,Stone,84.0,3.0,2.0,PConc,4.0,3.0,3.0,6.0,684.0,1.0,0.0,515.0,1199.0,4.0,Y,4.0,1220,0,0,1220,1.0,0.0,2,0,2,1,3.0,6,Typ,0,0.0,Attchd,2006.0,2.0,2.0,632.0,3.0,2.0,105,54,0,0,0,0,NoFence,0,7,2006,New,Partial,194000,0,0,1,0,1,2,0,0,0,0,0,0,0,0,0,0,0
60,RL,70.0,9247,NoAlley,2.0,Lvl,Inside,2.0,NAmes,Norm,1Fam,2Story,6,6,1962,1962,Gable,HdBoard,HdBoard,BrkFace,318.0,2.0,2.0,CBlock,3.0,3.0,1.0,3.0,319.0,1.0,0.0,539.0,858.0,4.0,Y,4.0,858,858,0,1716,0.0,0.0,1,1,4,1,2.0,8,Typ,1,4.0,Attchd,1962.0,3.0,2.0,490.0,3.0,2.0,0,84,0,0,120,0,NoFence,0,3,2008,WD ,Normal,171000,0,1,1,0,1,3,0,0,0,0,0,0,0,0,0,0,0
20,RL,105.0,11249,NoAlley,1.0,Lvl,Inside,2.0,CollgCr,Norm,1Fam,1Story,6,5,1995,1995,Gable,VinylSd,VinylSd,None,0.0,3.0,3.0,PConc,4.0,4.0,1.0,5.0,334.0,4.0,544.0,322.0,1200.0,4.0,Y,4.0,1200,0,0,1200,1.0,0.0,2,0,3,1,3.0,6,Typ,0,0.0,Attchd,1995.0,2.0,2.0,521.0,3.0,2.0,0,26,0,0,0,0,NoFence,0,8,2007,WD ,Normal,177500,0,0,1,0,1,2,0,0,0,0,0,0,0,0,0,0,0
50,RL,50.0,7585,NoAlley,3.0,Lvl,Inside,2.0,Edwards,Artery,1Fam,1.5Fin,5,3,1948,1950,Gable,MetalSd,MetalSd,None,0.0,2.0,2.0,CBlock,2.0,2.0,2.0,1.0,0.0,1.0,0.0,810.0,810.0,1.0,Y,3.0,1002,454,0,1456,1.0,1.0,1,0,4,1,2.0,7,Typ,1,3.0,Detchd,1954.0,1.0,1.0,280.0,3.0,1.0,0,0,0,0,0,0,NoFence,0,8,2006,WD ,Normal,91500,0,1,1,0,1,3,0,0,0,0,0,0,0,0,0,0,0
85,RL,75.0,9825,NoAlley,3.0,Low,Inside,2.0,Edwards,Norm,1Fam,SFoyer,5,5,1967,1967,Gable,HdBoard,HdBoard,BrkFace,162.0,2.0,2.0,CBlock,4.0,3.0,4.0,5.0,936.0,1.0,0.0,0.0,936.0,3.0,Y,4.0,936,0,0,936,1.0,0.0,1,0,2,1,2.0,4,Typ,1,2.0,Attchd,1967.0,1.0,1.0,384.0,3.0,2.0,405,0,0,0,0,0,NoFence,450,8,2007,WD ,Abnorml,118500,0,1,1,0,1,3,0,0,0,0,0,0,0,0,0,0,0
60,RL,65.0,10237,NoAlley,3.0,Lvl,Inside,2.0,Gilbert,RRAn,1Fam,2Story,6,5,2005,2006,Gable,VinylSd,VinylSd,None,0.0,3.0,2.0,PConc,4.0,3.0,1.0,1.0,0.0,1.0,0.0,728.0,728.0,4.0,Y,4.0,728,728,0,1456,0.0,0.0,2,1,3,1,3.0,8,Typ,1,4.0,Attchd,2005.0,3.0,2.0,390.0,3.0,2.0,0,24,0,0,0,0,NoFence,0,2,2006,New,Partial,170440,0,1,1,0,1,3,0,0,0,0,0,0,0,0,0,0,0
50,RM,75.0,13710,NoAlley,3.0,Lvl,Inside,2.0,IDOTRR,Norm,1Fam,1.5Fin,5,5,1950,1950,Gable,Wd Sdng,Wd Sdng,None,0.0,2.0,2.0,CBlock,3.0,3.0,1.0,4.0,420.0,1.0,0.0,490.0,910.0,2.0,Y,3.0,910,648,0,1558,0.0,0.0,1,1,4,1,2.0,6,Typ,0,0.0,Attchd,1950.0,1.0,1.0,282.0,3.0,2.0,289,0,0,0,0,0,MnPrv,0,6,2007,WD ,Normal,152000,0,0,1,1,1,3,0,0,0,0,0,0,0,0,0,0,0
90,RL,70.0,8145,NoAlley,2.0,HLS,Corner,2.0,Crawfor,Norm,Duplex,2.5Unf,7,6,1940,1950,Gable,Wd Sdng,Wd Sdng,None,0.0,2.0,2.0,BrkTil,3.0,3.0,1.0,2.0,246.0,1.0,0.0,674.0,920.0,4.0,Y,4.0,1240,1240,0,2480,0.0,0.0,2,1,5,2,2.0,13,Typ,2,4.0,Detchd,1940.0,1.0,2.0,400.0,3.0,2.0,0,0,57,0,0,0,NoFence,0,7,2009,WD ,Normal,205000,0,1,1,0,1,3,0,0,0,0,0,0,0,0,0,0,0
20,RL,70.0,7560,NoAlley,3.0,Lvl,Inside,2.0,NAmes,Norm,1Fam,1Story,5,5,1959,1959,Gable,BrkFace,Wd Sdng,None,0.0,2.0,2.0,CBlock,3.0,3.0,1.0,2.0,369.0,1.0,0.0,671.0,1040.0,2.0,Y,3.0,1040,0,0,1040,0.0,0.0,1,0,3,1,2.0,6,Typ,0,0.0,Attchd,1959.0,2.0,1.0,286.0,3.0,2.0,140,0,252,0,0,0,GdWo,0,7,2006,WD ,Normal,133700,0,0,1,1,1,3,0,0,0,0,0,0,0,0,0,0,0
60,RL,85.0,11075,NoAlley,3.0,Lvl,Inside,2.0,NAmes,Norm,1Fam,2Story,6,5,1969,1969,Gable,HdBoard,HdBoard,None,0.0,2.0,2.0,CBlock,2.0,3.0,2.0,5.0,500.0,2.0,276.0,176.0,952.0,2.0,Y,4.0,1092,1020,0,2112,0.0,0.0,2,1,4,1,2.0,9,Typ,2,4.0,Attchd,1969.0,1.0,2.0,576.0,3.0,2.0,280,0,0,0,0,0,NoFence,0,6,2008,WD ,Normal,206900,0,1,1,0,1,3,0,0,0,0,0,0,0,0,0,0,0
75,RL,60.0,19800,NoAlley,3.0,Lvl,Inside,2.0,Edwards,Norm,1Fam,2.5Unf,6,8,1935,1990,Gable,BrkFace,Wd Sdng,None,0.0,2.0,2.0,BrkTil,3.0,3.0,1.0,3.0,425.0,1.0,0.0,1411.0,1836.0,3.0,Y,4.0,1836,1836,0,3672,0.0,0.0,3,1,5,1,3.0,7,Typ,2,4.0,Detchd,1993.0,1.0,2.0,836.0,3.0,2.0,684,80,32,0,0,0,NoFence,0,12,2006,WD ,Normal,415000,0,1,1,0,1,3,0,0,0,0,0,0,0,0,0,0,0
60,RL,78.0,12090,NoAlley,3.0,Lvl,Inside,2.0,NWAmes,Norm,1Fam,2Story,7,7,1981,2003,Gable,MetalSd,MetalSd,BrkFace,306.0,3.0,2.0,CBlock,4.0,3.0,1.0,5.0,321.0,1.0,0.0,404.0,725.0,4.0,Y,4.0,725,754,0,1479,0.0,0.0,2,1,3,1,3.0,6,Typ,1,3.0,Attchd,1981.0,2.0,2.0,484.0,3.0,2.0,167,72,0,0,0,0,NoFence,0,3,2007,WD ,Normal,176000,0,1,1,0,1,3,0,0,0,0,0,0,0,0,0,0,0
60,RL,85.0,11900,NoAlley,3.0,Lvl,Inside,2.0,Gilbert,Norm,1Fam,2Story,5,6,1977,1977,Gable,HdBoard,Wd Sdng,BrkFace,157.0,2.0,2.0,PConc,4.0,3.0,1.0,5.0,400.0,1.0,0.0,722.0,1122.0,4.0,Y,4.0,946,988,0,1934,1.0,0.0,2,1,3,1,2.0,6,Typ,1,3.0,Attchd,1977.0,1.0,2.0,567.0,3.0,1.0,0,176,0,0,200,0,NoFence,0,7,2009,WD ,Normal,185000,0,1,1,0,1,3,0,0,0,0,0,0,0,0,0,0,0
60,RL,91.0,9233,NoAlley,2.0,Lvl,Inside,2.0,NoRidge,Norm,1Fam,2Story,9,5,2000,2000,Gable,VinylSd,VinylSd,BrkFace,877.0,3.0,2.0,PConc,5.0,3.0,3.0,6.0,1182.0,1.0,0.0,358.0,1540.0,4.0,Y,4.0,1540,1315,0,2855,1.0,0.0,2,1,4,1,4.0,9,Typ,1,3.0,Attchd,2000.0,2.0,3.0,774.0,3.0,2.0,247,55,0,0,0,0,NoFence,0,3,2006,WD ,Normal,405000,0,1,1,0,1,3,0,0,0,0,0,0,0,0,0,0,0
20,RL,85.0,8098,NoAlley,2.0,Lvl,Inside,2.0,Timber,Norm,1Fam,1Story,6,5,2000,2000,Gable,VinylSd,VinylSd,None,0.0,3.0,2.0,Wood,4.0,3.0,3.0,6.0,1136.0,4.0,116.0,129.0,1381.0,4.0,Y,4.0,1403,0,0,1403,1.0,0.0,2,0,2,1,3.0,5,Typ,0,0.0,Attchd,2000.0,1.0,2.0,470.0,3.0,2.0,0,173,0,0,0,0,NoFence,0,10,2006,WD ,Normal,202000,0,0,1,0,1,2,0,0,0,0,0,0,0,0,0,0,0
160,FV,24.0,2117,NoAlley,3.0,Lvl,Inside,2.0,Somerst,Norm,Twnhs,2Story,6,5,2000,2000,Gable,MetalSd,MetalSd,BrkFace,216.0,3.0,2.0,PConc,4.0,3.0,1.0,6.0,417.0,1.0,0.0,339.0,756.0,4.0,Y,4.0,769,804,0,1573,0.0,0.0,2,1,3,1,3.0,4,Typ,0,0.0,Detchd,2000.0,1.0,2.0,440.0,3.0,2.0,0,32,0,0,0,0,NoFence,0,9,2007,WD ,Normal,177000,0,0,1,0,1,2,0,0,0,0,0,0,0,0,0,0,0
160,RL,24.0,2308,NoAlley,3.0,Lvl,FR2,2.0,NPkVill,Norm,TwnhsE,2Story,6,5,1976,1976,Gable,Plywood,Brk Cmn,None,0.0,2.0,2.0,CBlock,4.0,3.0,1.0,5.0,306.0,1.0,0.0,498.0,804.0,2.0,Y,4.0,804,744,0,1548,0.0,0.0,2,1,3,1,2.0,7,Typ,1,3.0,Detchd,1976.0,2.0,2.0,440.0,3.0,2.0,108,0,0,0,0,0,NoFence,0,9,2009,WD ,Normal,146000,0,1,1,0,1,3,0,0,0,0,0,0,0,0,0,0,0
20,RL,74.0,8978,NoAlley,2.0,Lvl,Corner,2.0,Sawyer,Norm,1Fam,1Story,5,5,1968,1968,Gable,Plywood,Plywood,None,0.0,2.0,2.0,PConc,3.0,3.0,1.0,1.0,0.0,1.0,0.0,948.0,948.0,2.0,Y,4.0,948,0,0,948,0.0,0.0,1,0,3,1,2.0,6,Typ,0,0.0,Attchd,1968.0,1.0,1.0,300.0,3.0,2.0,147,0,0,0,0,0,NoFence,0,5,2007,WD ,Family,108000,0,0,1,0,1,2,0,0,0,0,0,0,0,0,0,0,0
60,RL,78.0,12011,NoAlley,2.0,Lvl,CulDSac,2.0,NoRidge,Norm,1Fam,2Story,8,5,1998,1998,Gable,VinylSd,VinylSd,BrkFace,530.0,3.0,2.0,PConc,4.0,3.0,3.0,6.0,956.0,1.0,0.0,130.0,1086.0,4.0,Y,4.0,1086,838,0,1924,1.0,0.0,2,1,3,1,3.0,7,Typ,1,3.0,Attchd,1998.0,2.0,2.0,592.0,3.0,2.0,208,75,0,0,374,0,NoFence,0,6,2006,WD ,Normal,280000,0,1,1,0,1,3,0,0,0,0,0,0,0,0,0,0,0
20,RL,70.0,16561,NoAlley,1.0,Low,Inside,1.0,CollgCr,Norm,1Fam,1Story,5,5,1996,1996,Gable,VinylSd,VinylSd,None,0.0,2.0,2.0,PConc,4.0,3.0,1.0,5.0,549.0,1.0,0.0,548.0,1097.0,4.0,Y,4.0,1097,0,0,1097,1.0,0.0,1,1,3,1,2.0,6,Typ,0,0.0,Attchd,1996.0,1.0,1.0,242.0,3.0,2.0,306,0,0,0,0,0,GdPrv,0,7,2007,WD ,Normal,147900,0,0,1,1,1,3,0,0,0,0,0,0,0,0,0,0,0
60,RL,70.0,8750,NoAlley,3.0,Lvl,Inside,2.0,CollgCr,Norm,1Fam,2Story,6,5,1998,1998,Gable,VinylSd,VinylSd,BrkFace,116.0,2.0,2.0,PConc,4.0,3.0,1.0,6.0,505.0,1.0,0.0,299.0,804.0,4.0,Y,4.0,804,878,0,1682,0.0,0.0,2,1,3,1,3.0,7,Typ,0,0.0,Attchd,1998.0,2.0,2.0,523.0,3.0,2.0,0,77,0,0,0,0,NoFence,0,6,2010,WD ,Normal,200500,0,0,1,0,1,2,0,0,0,0,0,0,0,0,0,0,0
20,RL,71.0,8540,NoAlley,3.0,Lvl,Corner,2.0,NAmes,Norm,1Fam,1Story,5,8,1956,2003,Gable,VinylSd,VinylSd,None,0.0,2.0,3.0,CBlock,3.0,3.0,1.0,3.0,114.0,5.0,691.0,120.0,925.0,2.0,Y,4.0,925,0,0,925,1.0,0.0,1,0,3,1,3.0,5,Typ,0,0.0,Detchd,1956.0,1.0,1.0,252.0,3.0,2.0,152,0,0,0,0,0,NoFence,0,6,2007,WD ,Normal,127000,0,0,1,0,1,2,0,0,0,0,0,0,0,0,0,0,0
20,RL,87.0,11029,NoAlley,2.0,Lvl,Corner,2.0,NAmes,Norm,1Fam,1Story,6,8,1958,2002,Hip,MetalSd,MetalSd,None,0.0,4.0,2.0,CBlock,4.0,3.0,1.0,5.0,528.0,4.0,411.0,245.0,1184.0,4.0,Y,4.0,1414,0,0,1414,1.0,0.0,1,0,3,1,2.0,6,Min1,1,3.0,Attchd,1990.0,1.0,2.0,601.0,3.0,2.0,0,51,0,0,190,0,NoFence,0,5,2008,WD ,Normal,176500,0,1,1,0,1,3,0,0,0,0,0,0,0,0,0,0,0
20,RL,79.0,9416,NoAlley,3.0,Lvl,Inside,2.0,Somerst,Norm,1Fam,1Story,7,5,2007,2007,Hip,CemntBd,CmentBd,Stone,205.0,4.0,2.0,PConc,5.0,3.0,1.0,6.0,1126.0,1.0,0.0,600.0,1726.0,4.0,Y,4.0,1726,0,0,1726,1.0,0.0,2,0,3,1,4.0,8,Typ,1,4.0,Attchd,2007.0,3.0,3.0,786.0,3.0,2.0,171,138,0,0,266,0,NoFence,0,9,2007,New,Partial,311872,0,1,1,0,1,3,0,0,0,0,0,0,0,0,0,0,0
120,RL,30.0,9549,NoAlley,2.0,Lvl,CulDSac,2.0,Veenker,Norm,TwnhsE,1Story,8,5,1995,1996,Hip,BrkFace,BrkFace,None,0.0,3.0,3.0,PConc,4.0,4.0,3.0,2.0,437.0,6.0,1057.0,0.0,1494.0,4.0,Y,4.0,1494,0,0,1494,1.0,0.0,1,1,2,1,4.0,6,Typ,1,4.0,Attchd,1995.0,3.0,2.0,481.0,3.0,2.0,0,30,0,0,216,0,NoFence,0,4,2006,WD ,Normal,270000,0,1,1,0,1,3,0,0,0,0,0,0,0,0,0,0,0
20,RL,76.0,12887,NoAlley,3.0,Lvl,Inside,2.0,Mitchel,Norm,1Fam,1Story,5,7,1984,1984,Gable,VinylSd,VinylSd,None,0.0,2.0,2.0,CBlock,4.0,3.0,2.0,3.0,207.0,6.0,590.0,36.0,833.0,2.0,Y,4.0,833,0,0,833,1.0,0.0,1,0,2,1,3.0,5,Typ,0,0.0,Attchd,1984.0,1.0,2.0,495.0,3.0,2.0,431,0,0,0,0,0,MnPrv,0,4,2010,WD ,Normal,149900,0,0,1,1,1,3,0,0,0,0,0,0,0,0,0,0,0
80,RM,75.0,6000,NoAlley,3.0,Lvl,Inside,2.0,IDOTRR,Norm,1Fam,SLvl,5,5,1967,1967,Hip,HdBoard,Plywood,None,0.0,1.0,2.0,CBlock,4.0,3.0,2.0,3.0,257.0,1.0,0.0,367.0,624.0,4.0,Y,4.0,1092,564,0,1656,0.0,0.0,1,1,3,1,2.0,7,Mod,1,1.0,Attchd,1967.0,1.0,1.0,288.0,3.0,2.0,0,180,0,0,100,0,MnPrv,0,7,2008,WD ,Normal,126000,0,1,1,1,1,4,0,0,0,0,0,0,0,0,0,0,0
70,RL,54.0,9399,NoAlley,3.0,Bnk,Inside,2.0,Crawfor,Norm,1Fam,2.5Unf,7,8,1919,1950,Gable,MetalSd,Stucco,None,0.0,2.0,2.0,BrkTil,3.0,3.0,2.0,1.0,0.0,1.0,0.0,818.0,818.0,2.0,Y,4.0,818,818,0,1636,0.0,0.0,1,1,4,1,3.0,7,Typ,1,4.0,Detchd,1919.0,1.0,1.0,288.0,2.0,0.0,0,0,212,0,0,0,NoFence,0,9,2006,WD ,Abnorml,167000,0,1,1,0,1,3,0,0,0,0,0,0,0,0,0,0,0
30,RM,60.0,7200,NoAlley,3.0,Lvl,Inside,2.0,OldTown,Norm,1Fam,1Story,5,8,1940,1950,Gable,VinylSd,VinylSd,Stone,279.0,2.0,2.0,CBlock,3.0,3.0,1.0,1.0,0.0,1.0,0.0,808.0,808.0,4.0,Y,4.0,1072,0,0,1072,0.0,0.0,1,0,2,1,2.0,5,Typ,2,4.0,Detchd,1940.0,1.0,2.0,379.0,3.0,2.0,0,0,0,0,0,0,NoFence,0,5,2007,WD ,Normal,130000,0,1,1,0,1,3,0,0,0,0,0,0,0,0,0,0,0
80,RL,124.0,11512,NoAlley,2.0,Lvl,Corner,2.0,Edwards,Norm,1Fam,SLvl,6,7,1959,2006,Gable,Plywood,Plywood,BrkFace,84.0,2.0,2.0,CBlock,3.0,3.0,3.0,5.0,719.0,1.0,0.0,300.0,1019.0,3.0,Y,4.0,1357,0,0,1357,1.0,0.0,1,0,2,1,4.0,5,Typ,1,4.0,Basment,1959.0,2.0,1.0,312.0,3.0,2.0,0,0,0,0,163,0,GdPrv,0,5,2008,WD ,Normal,177000,0,1,1,1,1,4,0,0,0,0,0,0,0,0,0,0,0
20,RL,85.0,14450,NoAlley,3.0,Lvl,Inside,2.0,NWAmes,Norm,1Fam,1Story,7,5,1979,1979,Hip,Plywood,Plywood,BrkFace,194.0,3.0,2.0,CBlock,4.0,2.0,1.0,5.0,864.0,2.0,449.0,469.0,1782.0,2.0,Y,4.0,1782,0,0,1782,0.0,1.0,2,0,3,1,3.0,6,Typ,1,3.0,Attchd,1979.0,3.0,2.0,551.0,3.0,2.0,467,0,0,0,0,0,NoFence,0,3,2008,WD ,Normal,220000,0,1,1,0,1,3,0,0,0,0,0,0,0,0,0,0,0
160,RM,24.0,1950,NoAlley,3.0,Lvl,Inside,2.0,Blueste,Norm,Twnhs,2Story,6,6,1980,1980,Gable,MetalSd,MetalSd,None,0.0,2.0,3.0,CBlock,4.0,3.0,1.0,2.0,81.0,6.0,612.0,23.0,716.0,2.0,Y,4.0,716,840,0,1556,1.0,0.0,2,1,3,1,2.0,6,Typ,1,3.0,Attchd,1980.0,3.0,2.0,452.0,3.0,2.0,161,0,0,0,0,0,GdPrv,0,7,2008,COD,Normal,151000,0,1,1,1,1,4,0,0,0,0,0,0,0,0,0,0,0
90,RL,75.0,8604,NoAlley,2.0,Lvl,Inside,2.0,NAmes,Norm,Duplex,SFoyer,5,7,1978,1978,Gable,Plywood,Plywood,BrkFace,124.0,2.0,3.0,CBlock,4.0,3.0,3.0,6.0,941.0,1.0,0.0,0.0,941.0,3.0,Y,4.0,941,0,0,941,1.0,0.0,1,0,2,1,3.0,4,Typ,0,0.0,Attchd,1978.0,1.0,2.0,564.0,3.0,2.0,0,40,0,0,0,0,NoFence,0,11,2009,WD ,Normal,145000,0,0,1,0,1,2,0,0,0,0,0,0,0,0,0,0,0
60,RL,70.0,10457,NoAlley,2.0,Lvl,Inside,1.0,Mitchel,Norm,1Fam,2Story,5,7,1969,1969,Gable,VinylSd,VinylSd,BrkFace,178.0,3.0,4.0,CBlock,3.0,3.0,4.0,4.0,496.0,2.0,288.0,0.0,784.0,4.0,Y,4.0,784,848,0,1632,0.0,0.0,1,1,4,1,2.0,7,Typ,1,3.0,Attchd,1969.0,2.0,2.0,898.0,3.0,2.0,0,173,368,0,0,0,MnPrv,0,4,2009,WD ,Normal,173000,0,1,1,1,1,4,0,0,0,0,0,0,0,0,0,0,0
20,RL,61.0,7930,NoAlley,3.0,Lvl,Inside,2.0,NAmes,Norm,1Fam,1Story,6,8,1969,2005,Gable,Plywood,Plywood,None,0.0,2.0,2.0,CBlock,3.0,3.0,1.0,6.0,439.0,2.0,472.0,115.0,1026.0,3.0,Y,4.0,1026,0,0,1026,1.0,0.0,1,0,3,1,3.0,5,Typ,0,0.0,Detchd,1969.0,2.0,2.0,440.0,3.0,2.0,171,48,0,0,0,0,NoFence,0,7,2009,WD ,Normal,156000,0,0,1,0,1,2,0,0,0,0,0,0,0,0,0,0,0
60,RL,70.0,8400,NoAlley,3.0,Lvl,Inside,2.0,NWAmes,Norm,1Fam,2Story,8,6,2001,2001,Gable,VinylSd,VinylSd,None,0.0,3.0,2.0,PConc,4.0,3.0,1.0,6.0,643.0,1.0,0.0,167.0,810.0,4.0,Y,4.0,810,855,0,1665,1.0,0.0,2,1,3,1,3.0,6,Typ,0,0.0,Attchd,2001.0,3.0,2.0,528.0,3.0,2.0,0,45,0,0,0,0,NoFence,0,11,2009,WD ,Normal,227000,0,0,1,0,1,2,0,0,0,0,0,0,0,0,0,0,0
160,RL,36.0,2448,NoAlley,3.0,Lvl,Inside,2.0,NridgHt,Norm,Twnhs,2Story,7,5,2003,2004,Gable,VinylSd,Wd Shng,Stone,106.0,3.0,2.0,PConc,4.0,3.0,1.0,1.0,0.0,1.0,0.0,764.0,764.0,4.0,Y,4.0,764,862,0,1626,0.0,0.0,2,1,2,1,3.0,6,Typ,0,0.0,BuiltIn,2003.0,2.0,2.0,474.0,3.0,2.0,0,27,0,0,0,0,NoFence,0,10,2008,WD ,Normal,155000,0,0,1,0,1,2,0,0,0,0,0,0,0,0,0,0,0
20,RL,70.0,12782,NoAlley,3.0,Lvl,Inside,2.0,CollgCr,Norm,1Fam,1Story,8,5,2002,2003,Hip,HdBoard,HdBoard,BrkFace,164.0,3.0,2.0,PConc,5.0,3.0,4.0,6.0,1360.0,1.0,0.0,462.0,1822.0,4.0,Y,4.0,1828,0,0,1828,1.0,0.0,2,0,3,1,3.0,7,Typ,1,4.0,Attchd,2002.0,3.0,2.0,523.0,3.0,2.0,194,144,0,0,0,0,NoFence,0,6,2009,WD ,Normal,279500,0,1,1,0,1,3,0,0,0,0,0,0,0,0,0,0,0
20,RL,68.0,10295,NoAlley,3.0,Lvl,FR2,2.0,NAmes,Norm,1Fam,1Story,4,6,1969,1969,Gable,HdBoard,HdBoard,BrkFace,72.0,2.0,2.0,CBlock,4.0,3.0,2.0,3.0,252.0,1.0,0.0,684.0,936.0,2.0,Y,4.0,936,0,0,936,0.0,0.0,1,0,2,1,2.0,4,Typ,0,0.0,Attchd,1969.0,1.0,1.0,288.0,3.0,2.0,16,0,0,0,0,0,NoFence,0,9,2008,COD,Normal,111900,0,0,1,0,1,2,0,0,0,0,0,0,0,0,0,0,0
160,RM,21.0,1680,NoAlley,3.0,Lvl,Inside,2.0,BrDale,Norm,Twnhs,2Story,6,7,1972,1972,Gable,HdBoard,HdBoard,BrkFace,281.0,2.0,2.0,CBlock,3.0,3.0,1.0,4.0,317.0,1.0,0.0,355.0,672.0,3.0,Y,4.0,672,546,0,1218,0.0,1.0,1,1,3,1,2.0,7,Typ,0,0.0,Detchd,1972.0,1.0,1.0,264.0,3.0,2.0,0,28,0,0,0,0,NoFence,0,5,2006,WD ,Normal,118000,0,0,1,0,1,2,0,0,0,0,0,0,0,0,0,0,0
50,RL,79.0,9492,NoAlley,3.0,Lvl,Inside,2.0,NAmes,Artery,1Fam,1.5Fin,5,5,1941,1950,Gable,WdShing,Wd Shng,None,0.0,2.0,2.0,CBlock,3.0,3.0,1.0,3.0,368.0,4.0,41.0,359.0,768.0,2.0,Y,4.0,968,408,0,1376,1.0,0.0,1,0,3,1,2.0,6,Typ,1,4.0,Attchd,1941.0,1.0,1.0,240.0,3.0,2.0,0,0,0,0,0,0,NoFence,0,4,2007,WD ,Normal,105000,0,1,1,0,1,3,0,0,0,0,0,0,0,0,0,0,0
20,RL,64.0,7697,NoAlley,3.0,Lvl,Inside,2.0,Gilbert,Norm,1Fam,1Story,7,6,2007,2007,Gable,VinylSd,VinylSd,None,0.0,3.0,2.0,PConc,4.0,3.0,1.0,1.0,0.0,1.0,0.0,1246.0,1246.0,4.0,Y,4.0,1258,0,0,1258,0.0,0.0,2,0,3,1,3.0,6,Typ,0,0.0,Attchd,2007.0,2.0,2.0,462.0,3.0,2.0,0,0,0,0,0,0,NoFence,0,8,2007,New,Partial,173500,0,0,1,0,1,2,0,0,0,0,0,0,0,0,0,0,0
120,RL,40.0,3760,NoAlley,2.0,Lvl,CulDSac,2.0,Greens,Norm,Twnhs,1Story,8,5,1980,1980,Gable,Wd Sdng,Wd Sdng,None,0.0,3.0,2.0,CBlock,4.0,3.0,4.0,6.0,1009.0,2.0,182.0,44.0,1235.0,3.0,Y,4.0,1235,0,0,1235,1.0,0.0,1,0,1,1,2.0,4,Typ,3,3.0,Attchd,1980.0,3.0,2.0,484.0,3.0,2.0,133,78,0,0,0,0,NoFence,0,5,2006,WD ,Normal,214000,0,1,1,0,1,3,0,0,0,0,0,0,0,0,0,0,0
20,RL,73.0,7100,NoAlley,2.0,Lvl,Corner,2.0,NAmes,Norm,1Fam,1Story,5,7,1957,1957,Gable,WdShing,Wd Shng,None,0.0,2.0,2.0,CBlock,3.0,3.0,1.0,6.0,708.0,1.0,0.0,108.0,816.0,2.0,Y,3.0,816,0,0,816,1.0,0.0,1,0,2,1,2.0,5,Typ,0,0.0,Detchd,1957.0,1.0,1.0,308.0,3.0,2.0,0,0,0,0,0,0,NoFence,0,7,2006,WD ,Normal,129900,0,0,1,0,1,2,0,0,0,0,0,0,0,0,0,0,0
60,RL,64.0,8658,NoAlley,2.0,Lvl,Inside,2.0,Gilbert,Norm,1Fam,2Story,6,5,2000,2000,Gable,VinylSd,VinylSd,None,0.0,2.0,2.0,PConc,4.0,3.0,1.0,5.0,732.0,1.0,0.0,250.0,982.0,4.0,Y,4.0,1008,881,0,1889,0.0,0.0,2,1,3,1,2.0,9,Typ,1,3.0,Attchd,2000.0,3.0,2.0,431.0,3.0,2.0,0,0,0,0,0,0,NoFence,0,4,2006,WD ,Normal,215000,0,1,1,0,1,3,0,0,0,0,0,0,0,0,0,0,0
85,RL,60.0,7200,NoAlley,3.0,Lvl,Inside,2.0,CollgCr,Norm,1Fam,SFoyer,5,8,1972,2003,Gable,WdShing,HdBoard,None,0.0,2.0,3.0,CBlock,4.0,3.0,3.0,6.0,660.0,1.0,0.0,108.0,768.0,3.0,Y,4.0,768,0,0,768,0.0,1.0,1,0,2,1,2.0,5,Typ,0,0.0,Detchd,1974.0,3.0,1.0,396.0,3.0,2.0,192,0,0,0,0,0,MnPrv,0,4,2009,WD ,Normal,133900,0,0,1,1,1,3,0,0,0,0,0,0,0,0,0,0,0
50,RL,60.0,8400,NoAlley,3.0,Bnk,Inside,2.0,SWISU,Norm,1Fam,1.5Fin,6,5,1925,1950,Gable,MetalSd,MetalSd,None,0.0,2.0,2.0,PConc,3.0,3.0,1.0,3.0,423.0,1.0,0.0,758.0,1181.0,1.0,Y,4.0,1390,304,0,1694,0.0,0.0,2,0,4,1,2.0,7,Typ,1,4.0,Detchd,1925.0,1.0,2.0,576.0,3.0,2.0,342,0,128,0,0,0,NoFence,0,6,2008,WD ,Normal,136500,0,1,1,0,1,3,0,0,0,0,0,0,0,0,0,0,0
60,RL,68.0,10769,NoAlley,2.0,Lvl,Inside,2.0,CollgCr,Norm,1Fam,2Story,8,5,2007,2007,Gable,VinylSd,VinylSd,None,0.0,3.0,2.0,PConc,4.0,3.0,3.0,6.0,20.0,1.0,0.0,846.0,866.0,4.0,Y,4.0,866,902,0,1768,0.0,0.0,2,1,3,1,3.0,7,Typ,0,0.0,Attchd,2007.0,2.0,2.0,578.0,3.0,2.0,144,105,0,0,0,0,NoFence,0,4,2009,WD ,Normal,212000,0,0,1,0,1,2,0,0,0,0,0,0,0,0,0,0,0
20,RL,74.0,13284,NoAlley,3.0,Lvl,Inside,2.0,Sawyer,PosN,1Fam,1Story,5,5,1954,1954,Gable,Wd Sdng,Plywood,None,0.0,2.0,2.0,PConc,4.0,3.0,2.0,4.0,1064.0,1.0,0.0,319.0,1383.0,2.0,Y,4.0,1383,0,0,1383,1.0,0.0,1,0,3,1,2.0,6,Typ,1,4.0,Attchd,1954.0,1.0,1.0,354.0,3.0,2.0,511,116,0,0,0,0,GdPrv,0,6,2008,WD ,Normal,165000,0,1,1,1,1,4,0,0,0,0,0,0,0,0,0,0,0
30,RM,56.0,4480,NoAlley,3.0,Lvl,Corner,2.0,OldTown,Artery,1Fam,1Story,5,5,1922,1950,Gable,AsbShng,AsbShng,None,0.0,2.0,2.0,PConc,2.0,2.0,1.0,2.0,782.0,1.0,0.0,240.0,1022.0,2.0,N,1.0,1022,0,0,1022,1.0,0.0,1,0,2,1,1.0,4,Typ,1,4.0,Detchd,1922.0,1.0,1.0,184.0,3.0,0.0,0,122,20,0,0,0,MnPrv,0,2,2007,WD ,Normal,89500,0,1,0,1,1,3,0,0,0,0,0,0,0,0,0,0,0
60,RL,70.0,21533,NoAlley,1.0,Lvl,FR2,2.0,CollgCr,Feedr,1Fam,2Story,7,5,1996,1997,Gable,VinylSd,VinylSd,None,0.0,3.0,2.0,PConc,4.0,3.0,1.0,1.0,0.0,1.0,0.0,1065.0,1065.0,4.0,Y,4.0,1065,984,0,2049,0.0,0.0,2,1,4,1,3.0,9,Typ,1,3.0,Attchd,1997.0,1.0,2.0,467.0,3.0,2.0,120,48,0,0,0,0,NoFence,0,8,2006,WD ,Normal,210900,0,1,1,0,1,3,0,0,0,0,0,0,0,0,0,0,0
20,RL,91.0,10437,NoAlley,2.0,Lvl,Inside,2.0,NoRidge,Norm,1Fam,1Story,8,6,1995,1995,Hip,MetalSd,MetalSd,BrkFace,660.0,3.0,3.0,PConc,4.0,3.0,4.0,6.0,1696.0,1.0,0.0,413.0,2109.0,4.0,Y,4.0,2113,0,0,2113,1.0,0.0,2,1,2,1,3.0,7,Typ,1,3.0,Attchd,1995.0,3.0,3.0,839.0,3.0,2.0,236,46,0,0,0,0,NoFence,0,8,2008,WD ,Normal,350000,0,1,1,0,1,3,0,0,0,0,0,0,0,0,0,0,0
20,RL,64.0,9037,NoAlley,2.0,HLS,Inside,2.0,Timber,Norm,1Fam,1Story,8,5,2006,2006,Hip,VinylSd,VinylSd,BrkFace,32.0,3.0,2.0,PConc,4.0,3.0,3.0,6.0,428.0,1.0,0.0,1048.0,1476.0,4.0,Y,4.0,1484,0,0,1484,0.0,0.0,2,0,2,1,4.0,6,Typ,1,4.0,Attchd,2006.0,2.0,2.0,472.0,3.0,2.0,120,33,0,0,0,0,NoFence,0,12,2007,WD ,Normal,265900,0,1,1,0,1,3,0,0,0,0,0,0,0,0,0,0,0
20,RL,92.0,10845,NoAlley,2.0,Lvl,Corner,2.0,NridgHt,Norm,1Fam,1Story,8,5,2003,2004,Gable,VinylSd,VinylSd,BrkFace,504.0,3.0,2.0,PConc,4.0,3.0,2.0,6.0,1149.0,1.0,0.0,454.0,1603.0,4.0,Y,4.0,1575,0,0,1575,1.0,0.0,2,0,2,1,3.0,7,Typ,1,3.0,Attchd,2003.0,3.0,3.0,732.0,3.0,2.0,216,28,0,0,0,0,NoFence,0,6,2008,WD ,Normal,284000,0,1,1,0,1,3,0,0,0,0,0,0,0,0,0,0,0
60,RL,64.0,8320,NoAlley,3.0,Lvl,Inside,2.0,CollgCr,Norm,1Fam,2Story,7,5,2004,2004,Gable,VinylSd,VinylSd,None,0.0,3.0,2.0,PConc,4.0,3.0,1.0,6.0,490.0,1.0,0.0,280.0,770.0,4.0,Y,4.0,770,812,0,1582,0.0,0.0,2,1,3,1,3.0,6,Typ,0,0.0,Attchd,2004.0,2.0,2.0,520.0,3.0,2.0,0,45,0,0,0,0,NoFence,0,9,2008,WD ,Normal,185900,0,0,1,0,1,2,0,0,0,0,0,0,0,0,0,0,0
20,RL,108.0,12228,NoAlley,3.0,Lvl,Corner,2.0,NridgHt,Norm,1Fam,1Story,7,5,2006,2006,Hip,VinylSd,VinylSd,Stone,206.0,3.0,2.0,PConc,5.0,4.0,1.0,1.0,0.0,1.0,0.0,1721.0,1721.0,4.0,Y,4.0,1740,0,0,1740,0.0,0.0,2,0,4,1,3.0,8,Typ,0,0.0,Attchd,2006.0,2.0,3.0,874.0,3.0,2.0,0,43,0,0,0,0,NoFence,0,9,2006,New,Partial,293000,0,0,1,0,1,2,0,0,0,0,0,0,0,0,0,0,0
30,RM,84.0,11340,NoAlley,3.0,Lvl,Corner,2.0,OldTown,Norm,1Fam,1Story,6,5,1923,1950,Gable,Wd Sdng,Wd Sdng,None,0.0,2.0,2.0,BrkTil,3.0,3.0,1.0,1.0,0.0,1.0,0.0,1200.0,1200.0,2.0,Y,3.0,1200,0,0,1200,0.0,0.0,1,0,4,1,2.0,7,Typ,0,0.0,Detchd,1923.0,1.0,1.0,312.0,2.0,2.0,0,0,228,0,0,0,NoFence,0,3,2006,WD ,Family,125000,0,0,1,0,1,2,0,0,0,0,0,0,0,0,0,0,0
190,RM,65.0,7800,NoAlley,3.0,Lvl,Inside,2.0,OldTown,Artery,2fmCon,1.5Fin,5,7,1939,1950,Gable,MetalSd,MetalSd,None,0.0,2.0,2.0,CBlock,4.0,3.0,2.0,3.0,507.0,1.0,0.0,286.0,793.0,2.0,Y,4.0,793,325,0,1118,1.0,0.0,1,0,3,1,2.0,5,Typ,1,4.0,Detchd,1939.0,1.0,2.0,410.0,3.0,2.0,0,0,0,0,271,0,MnPrv,0,5,2006,WD ,Normal,119900,0,1,1,1,1,4,0,0,0,0,0,0,0,0,0,0,0
20,RL,80.0,9920,NoAlley,3.0,Lvl,Inside,2.0,NAmes,Norm,1Fam,1Story,5,5,1954,1954,Gable,HdBoard,HdBoard,Stone,110.0,2.0,2.0,CBlock,3.0,3.0,1.0,3.0,354.0,2.0,290.0,412.0,1056.0,2.0,Y,4.0,1063,0,0,1063,1.0,0.0,1,0,3,1,2.0,6,Typ,0,0.0,Attchd,1954.0,2.0,1.0,280.0,3.0,2.0,0,0,164,0,0,0,MnPrv,0,2,2010,WD ,Normal,128000,0,0,1,1,1,3,0,0,0,0,0,0,0,0,0,0,0
20,RL,70.0,17597,NoAlley,3.0,Bnk,Inside,2.0,Crawfor,Norm,1Fam,1Story,7,9,1971,2009,Hip,BrkFace,BrkFace,None,0.0,3.0,3.0,CBlock,4.0,3.0,1.0,6.0,803.0,5.0,419.0,581.0,1803.0,2.0,Y,4.0,2365,0,0,2365,1.0,0.0,2,0,3,1,4.0,7,Min1,2,4.0,Attchd,1971.0,3.0,2.0,551.0,3.0,2.0,200,144,0,0,0,0,GdPrv,0,7,2009,WD ,Normal,315000,0,1,1,1,1,4,0,0,0,0,0,0,0,0,0,0,0
20,RL,121.0,13758,NoAlley,2.0,Lvl,Inside,2.0,NridgHt,Norm,1Fam,1Story,9,5,2005,2006,Gable,VinylSd,VinylSd,BrkFace,430.0,4.0,2.0,PConc,5.0,3.0,4.0,6.0,1232.0,1.0,0.0,560.0,1792.0,4.0,Y,4.0,1792,0,0,1792,1.0,0.0,2,0,2,1,3.0,6,Typ,1,4.0,Attchd,2005.0,2.0,3.0,925.0,3.0,2.0,204,49,0,0,0,0,NoFence,0,3,2006,New,Partial,372397,0,1,1,0,1,3,0,0,0,0,0,0,0,0,0,0,0
80,RL,85.0,10541,NoAlley,2.0,Lvl,Corner,2.0,SawyerW,Norm,1Fam,SLvl,7,5,1996,1996,Gable,VinylSd,VinylSd,None,0.0,3.0,2.0,PConc,4.0,3.0,3.0,1.0,0.0,1.0,0.0,672.0,672.0,4.0,Y,4.0,1302,735,0,2037,0.0,0.0,2,1,3,1,3.0,8,Typ,1,3.0,Attchd,1996.0,3.0,2.0,472.0,3.0,2.0,100,33,0,0,0,0,NoFence,0,2,2008,WD ,Normal,229000,0,1,1,0,1,3,0,0,0,0,0,0,0,0,0,0,0
60,RL,102.0,12151,NoAlley,2.0,Lvl,Inside,2.0,NridgHt,Norm,1Fam,2Story,9,5,2005,2005,Gable,CemntBd,CmentBd,BrkFace,368.0,3.0,2.0,PConc,5.0,3.0,3.0,6.0,1249.0,1.0,0.0,165.0,1414.0,4.0,Y,4.0,1414,917,0,2331,1.0,0.0,2,1,3,1,4.0,9,Typ,1,4.0,BuiltIn,2005.0,3.0,3.0,1003.0,3.0,2.0,192,63,0,0,0,0,NoFence,0,8,2008,WD ,Normal,379000,0,1,1,0,1,3,0,0,0,0,0,0,0,0,0,0,0
20,RL,80.0,11088,NoAlley,3.0,Lvl,Inside,2.0,NWAmes,Norm,1Fam,1Story,6,5,1978,1998,Gable,HdBoard,HdBoard,BrkFace,144.0,2.0,2.0,PConc,3.0,3.0,1.0,5.0,832.0,1.0,0.0,308.0,1140.0,3.0,Y,4.0,1707,0,0,1707,0.0,0.0,2,0,3,1,2.0,7,Typ,1,3.0,Attchd,1978.0,3.0,2.0,479.0,3.0,2.0,0,0,0,0,0,0,NoFence,0,5,2009,WD ,Normal,184000,0,1,1,0,1,3,0,0,0,0,0,0,0,0,0,0,0
20,RL,105.0,13693,NoAlley,3.0,Lvl,Inside,2.0,NridgHt,Norm,1Fam,1Story,8,5,2007,2007,Hip,VinylSd,VinylSd,Stone,554.0,3.0,2.0,PConc,5.0,3.0,4.0,6.0,1728.0,4.0,495.0,195.0,2418.0,4.0,Y,4.0,2464,0,0,2464,1.0,0.0,2,1,4,1,4.0,9,Typ,1,5.0,Attchd,2007.0,3.0,3.0,650.0,3.0,2.0,358,78,0,0,0,0,NoFence,0,8,2008,WD ,Normal,417500,0,1,1,0,1,3,0,0,0,0,0,0,0,0,0,0,0
20,RL,71.0,9520,NoAlley,2.0,HLS,Inside,2.0,Timber,Norm,1Fam,1Story,8,5,2007,2008,Gable,VinylSd,VinylSd,Stone,338.0,3.0,2.0,PConc,4.0,3.0,4.0,6.0,1513.0,1.0,0.0,125.0,1638.0,4.0,Y,4.0,1646,0,0,1646,1.0,0.0,2,0,3,1,3.0,7,Typ,1,4.0,Attchd,2008.0,2.0,3.0,800.0,3.0,2.0,192,44,0,0,0,0,NoFence,0,4,2008,New,Partial,293077,0,1,1,0,1,3,0,0,0,0,0,0,0,0,0,0,0
75,RM,90.0,8100,NoAlley,3.0,Lvl,Corner,2.0,OldTown,Norm,1Fam,2.5Unf,5,5,1898,1965,Hip,AsbShng,AsbShng,None,0.0,2.0,2.0,PConc,3.0,3.0,1.0,1.0,0.0,1.0,0.0,849.0,849.0,2.0,N,3.0,1075,1063,0,2138,0.0,0.0,2,0,2,3,2.0,11,Typ,0,0.0,Detchd,1910.0,1.0,2.0,360.0,2.0,0.0,40,156,0,0,0,0,MnPrv,0,11,2009,WD ,Normal,106000,0,0,0,1,1,2,0,0,0,0,0,0,0,0,0,0,0
60,RL,70.0,8750,NoAlley,3.0,Lvl,Inside,2.0,CollgCr,Norm,1Fam,2Story,7,5,1996,1996,Gable,VinylSd,VinylSd,None,0.0,3.0,2.0,PConc,4.0,3.0,1.0,1.0,0.0,1.0,0.0,880.0,880.0,4.0,Y,4.0,909,807,0,1716,0.0,0.0,2,1,2,1,3.0,7,Typ,1,3.0,Attchd,1996.0,2.0,2.0,512.0,3.0,2.0,0,120,0,0,0,0,NoFence,0,7,2009,WD ,Normal,191000,0,1,1,0,1,3,0,0,0,0,0,0,0,0,0,0,0
160,FV,73.0,5105,NoAlley,1.0,Lvl,FR2,2.0,Somerst,Norm,TwnhsE,2Story,7,5,2004,2004,Gable,MetalSd,MetalSd,None,0.0,3.0,2.0,PConc,4.0,3.0,1.0,6.0,239.0,1.0,0.0,312.0,551.0,4.0,Y,4.0,551,551,0,1102,0.0,0.0,2,1,2,1,3.0,4,Typ,0,0.0,Detchd,2004.0,1.0,2.0,480.0,3.0,2.0,0,60,0,0,0,0,NoFence,0,3,2007,WD ,Normal,148800,0,0,1,0,1,2,0,0,0,0,0,0,0,0,0,0,0
50,RL,78.0,11344,NoAlley,3.0,Lvl,Inside,2.0,NAmes,Feedr,1Fam,1.5Fin,5,5,1958,1958,Gable,MetalSd,MetalSd,BrkFace,180.0,2.0,2.0,CBlock,3.0,3.0,1.0,4.0,460.0,1.0,0.0,414.0,874.0,2.0,Y,3.0,874,650,0,1524,0.0,0.0,1,1,3,1,2.0,7,Typ,0,0.0,Attchd,1958.0,1.0,1.0,315.0,3.0,2.0,0,0,0,0,0,0,GdWo,0,7,2007,WD ,Normal,144000,0,0,1,1,1,3,0,0,0,0,0,0,0,0,0,0,0
20,RL,68.0,7942,NoAlley,3.0,Lvl,Inside,2.0,NAmes,Norm,1Fam,1Story,6,7,1953,1953,Hip,Wd Sdng,Wd Sdng,None,0.0,2.0,2.0,CBlock,3.0,3.0,1.0,3.0,85.0,5.0,955.0,0.0,1040.0,2.0,Y,1.0,1040,0,0,1040,0.0,1.0,1,0,3,1,2.0,6,Typ,0,0.0,Attchd,1953.0,3.0,1.0,293.0,3.0,2.0,0,0,0,0,0,0,MnPrv,0,6,2007,WD ,Normal,136000,0,0,1,1,1,3,0,0,0,0,0,0,0,0,0,0,0
20,RL,73.0,12735,NoAlley,2.0,Lvl,FR2,2.0,NAmes,Norm,1Fam,1Story,4,5,1972,1972,Hip,MetalSd,MetalSd,None,0.0,2.0,2.0,CBlock,3.0,3.0,1.0,4.0,600.0,1.0,0.0,264.0,864.0,2.0,Y,4.0,864,0,0,864,0.0,0.0,1,0,3,1,2.0,5,Typ,0,0.0,Detchd,1980.0,1.0,2.0,576.0,3.0,2.0,216,0,0,0,0,0,MnWw,0,4,2008,COD,Normal,111250,0,0,1,1,1,3,0,0,0,0,0,0,0,0,0,0,0
50,RM,63.0,11426,NoAlley,3.0,Lvl,Inside,2.0,OldTown,Norm,1Fam,1.5Fin,7,5,2003,2003,Gable,VinylSd,VinylSd,None,0.0,2.0,2.0,PConc,4.0,3.0,1.0,1.0,0.0,1.0,0.0,1362.0,1362.0,4.0,Y,4.0,1362,720,0,2082,0.0,0.0,2,1,3,1,3.0,6,Mod,0,0.0,Detchd,2003.0,1.0,2.0,484.0,3.0,0.0,280,238,0,0,0,0,NoFence,0,6,2008,WD ,Normal,200000,0,0,1,0,1,2,0,0,0,0,0,0,0,0,0,0,0
20,RL,74.0,9240,NoAlley,2.0,Lvl,Inside,2.0,Sawyer,Norm,1Fam,1Story,5,6,1962,2002,Hip,HdBoard,HdBoard,None,0.0,2.0,2.0,CBlock,3.0,3.0,1.0,4.0,612.0,1.0,0.0,252.0,864.0,3.0,Y,4.0,1211,0,0,1211,0.0,0.0,1,0,2,1,2.0,6,Min1,1,3.0,Detchd,1972.0,1.0,2.0,576.0,3.0,2.0,161,0,0,0,0,0,MnPrv,0,3,2006,WD ,Normal,144000,0,1,1,1,1,4,0,0,0,0,0,0,0,0,0,0,0
20,RL,72.0,10152,NoAlley,3.0,Lvl,Inside,2.0,NAmes,Norm,1Fam,1Story,5,5,1956,1956,Hip,MetalSd,MetalSd,BrkFace,120.0,2.0,2.0,CBlock,3.0,3.0,1.0,4.0,586.0,1.0,0.0,462.0,1048.0,2.0,Y,4.0,1048,0,0,1048,1.0,0.0,1,0,3,1,2.0,6,Typ,0,0.0,Attchd,1956.0,1.0,1.0,286.0,3.0,2.0,0,20,0,0,192,0,NoFence,0,6,2007,WD ,Normal,135000,0,0,1,0,1,2,0,0,0,0,0,0,0,0,0,0,0
20,RL,73.0,9300,NoAlley,3.0,Lvl,Inside,2.0,NAmes,Feedr,1Fam,1Story,5,5,1960,1960,Gable,MetalSd,HdBoard,BrkFace,324.0,2.0,2.0,CBlock,3.0,3.0,1.0,3.0,697.0,1.0,0.0,571.0,1268.0,2.0,Y,4.0,1264,0,0,1264,1.0,0.0,1,0,3,1,2.0,6,Typ,2,4.0,Attchd,1960.0,1.0,2.0,461.0,3.0,2.0,0,0,0,0,143,0,NoFence,0,4,2010,WD ,Normal,167500,0,1,1,0,1,3,0,0,0,0,0,0,0,0,0,0,0
40,RL,80.0,23595,NoAlley,3.0,Low,Inside,0.0,ClearCr,Norm,1Fam,1Story,7,6,1979,1979,Shed,Plywood,Plywood,None,0.0,3.0,2.0,PConc,4.0,3.0,4.0,6.0,1258.0,1.0,0.0,74.0,1332.0,2.0,Y,4.0,1332,192,0,1524,2.0,0.0,0,1,0,1,3.0,4,Typ,1,3.0,Attchd,1979.0,3.0,2.0,586.0,3.0,2.0,268,0,0,0,0,0,NoFence,0,4,2010,WD ,Normal,260000,0,1,1,0,1,3,0,0,0,0,0,0,0,0,0,0,0
120,RL,48.0,6955,NoAlley,2.0,Lvl,Inside,2.0,NridgHt,Norm,TwnhsE,1Story,7,5,2005,2006,Gable,VinylSd,VinylSd,Stone,94.0,3.0,2.0,PConc,4.0,3.0,1.0,1.0,0.0,1.0,0.0,1368.0,1368.0,4.0,Y,4.0,1368,0,0,1368,0.0,0.0,2,0,2,1,3.0,6,Typ,1,4.0,Attchd,2005.0,2.0,2.0,474.0,3.0,2.0,132,35,0,0,0,0,NoFence,0,9,2006,New,Partial,202500,0,1,1,0,1,3,0,0,0,0,0,0,0,0,0,0,0
60,RL,66.0,16226,NoAlley,0.0,Lvl,Inside,2.0,CollgCr,Norm,1Fam,2Story,8,5,1998,1999,Gable,VinylSd,VinylSd,None,0.0,3.0,2.0,PConc,4.0,3.0,1.0,6.0,281.0,1.0,0.0,747.0,1028.0,4.0,Y,4.0,1210,1242,0,2452,0.0,0.0,2,1,4,1,3.0,9,Typ,1,3.0,BuiltIn,1998.0,3.0,2.0,683.0,3.0,2.0,208,50,0,0,0,0,NoFence,0,5,2007,WD ,Normal,267000,0,1,1,0,1,3,0,0,0,0,0,0,0,0,0,0,0
30,RL,60.0,10410,Grvl,3.0,Lvl,Inside,2.0,OldTown,Norm,1Fam,1Story,3,8,1930,2001,Gable,VinylSd,VinylSd,None,0.0,2.0,3.0,PConc,3.0,3.0,1.0,1.0,0.0,1.0,0.0,713.0,713.0,4.0,Y,4.0,713,0,0,713,0.0,0.0,1,0,2,1,3.0,5,Typ,0,0.0,Detchd,1936.0,1.0,1.0,371.0,2.0,0.0,0,75,161,0,0,0,NoFence,0,10,2006,WD ,Normal,99800,0,0,1,0,1,2,0,0,0,0,0,0,0,0,0,0,0
20,RL,124.0,16158,NoAlley,2.0,Low,Inside,1.0,StoneBr,Norm,1Fam,1Story,7,5,2005,2005,Hip,VinylSd,VinylSd,Stone,16.0,3.0,2.0,PConc,5.0,3.0,3.0,5.0,1274.0,1.0,0.0,256.0,1530.0,4.0,Y,4.0,1530,0,0,1530,1.0,0.0,2,0,3,1,3.0,7,Typ,1,4.0,Attchd,2005.0,3.0,2.0,430.0,3.0,2.0,168,36,0,0,0,0,NoFence,0,6,2009,WD ,Normal,260000,0,1,1,0,1,3,0,0,0,0,0,0,0,0,0,0,0
20,RL,74.0,7450,NoAlley,2.0,Lvl,Inside,2.0,NAmes,Norm,1Fam,1Story,5,5,1956,1956,Hip,Wd Sdng,Wd Sdng,None,0.0,2.0,2.0,CBlock,3.0,3.0,1.0,3.0,438.0,2.0,206.0,250.0,894.0,3.0,Y,4.0,1074,0,0,1074,0.0,0.0,1,0,2,1,3.0,6,Min1,1,4.0,Detchd,1966.0,1.0,2.0,396.0,3.0,2.0,0,72,0,0,0,0,GdWo,0,1,2007,WD ,Normal,124000,0,1,1,1,1,4,0,0,0,0,0,0,0,0,0,0,0
60,FV,73.0,7500,NoAlley,3.0,Lvl,Inside,2.0,Somerst,Norm,1Fam,2Story,7,5,2000,2000,Gable,VinylSd,VinylSd,None,0.0,3.0,2.0,PConc,4.0,3.0,1.0,6.0,533.0,1.0,0.0,281.0,814.0,4.0,Y,4.0,814,860,0,1674,1.0,0.0,2,1,3,1,3.0,7,Typ,0,0.0,Attchd,2000.0,2.0,2.0,663.0,3.0,2.0,0,96,0,0,0,0,NoFence,0,1,2010,WD ,Normal,216000,0,0,1,0,1,2,0,0,0,0,0,0,0,0,0,0,0
70,RL,60.0,11414,NoAlley,2.0,Lvl,Corner,2.0,BrkSide,RRAn,1Fam,2Story,7,8,1910,1993,Gable,HdBoard,HdBoard,None,0.0,2.0,3.0,BrkTil,4.0,3.0,1.0,1.0,0.0,1.0,0.0,728.0,728.0,2.0,N,4.0,1136,883,0,2019,0.0,0.0,1,0,3,1,3.0,8,Typ,0,0.0,Detchd,1997.0,1.0,2.0,532.0,3.0,2.0,509,135,0,0,0,0,GdPrv,0,10,2009,WD ,Normal,167500,0,0,0,1,1,2,0,0,0,0,0,0,0,0,0,0,0
80,RL,85.0,9350,NoAlley,3.0,Lvl,Inside,2.0,NAmes,Norm,1Fam,SLvl,5,8,1965,1999,Gable,BrkFace,BrkFace,None,0.0,2.0,3.0,PConc,3.0,3.0,4.0,5.0,633.0,1.0,0.0,586.0,1219.0,3.0,Y,4.0,1265,0,0,1265,0.0,1.0,2,0,3,1,3.0,6,Typ,1,4.0,Attchd,1965.0,2.0,2.0,502.0,3.0,2.0,0,92,0,96,0,0,MnPrv,0,10,2008,WD ,Normal,179900,0,1,1,1,1,4,0,0,0,0,0,0,0,0,0,0,0
20,RL,85.0,50102,NoAlley,2.0,Low,Inside,1.0,Timber,Norm,1Fam,1Story,6,5,1958,1958,Gable,Plywood,Plywood,None,0.0,2.0,2.0,CBlock,4.0,3.0,4.0,4.0,909.0,1.0,0.0,723.0,1632.0,2.0,Y,4.0,1650,0,0,1650,1.0,0.0,1,0,2,1,2.0,6,Typ,2,4.0,Attchd,1958.0,1.0,2.0,518.0,3.0,2.0,0,0,0,0,138,0,NoFence,0,3,2006,WD ,Alloca,250764,0,1,1,0,1,3,0,0,0,0,0,0,0,0,0,0,0
50,RL,130.0,9600,NoAlley,2.0,HLS,Inside,2.0,Crawfor,Norm,1Fam,1.5Fin,5,7,1940,1950,Gable,MetalSd,MetalSd,None,0.0,3.0,3.0,BrkTil,3.0,2.0,1.0,3.0,428.0,1.0,0.0,300.0,728.0,4.0,Y,4.0,976,332,0,1308,1.0,0.0,1,1,2,1,2.0,7,Min2,2,3.0,Detchd,1940.0,1.0,1.0,256.0,3.0,2.0,0,70,0,0,0,0,NoFence,0,6,2009,WD ,Normal,160000,0,1,1,0,1,3,0,0,0,0,0,0,0,0,0,0,0
20,RL,73.0,22002,NoAlley,3.0,Lvl,Corner,2.0,NAmes,Norm,1Fam,1Story,6,7,1959,1991,Gable,MetalSd,MetalSd,BrkFace,136.0,2.0,3.0,CBlock,3.0,3.0,2.0,5.0,1386.0,1.0,0.0,206.0,1592.0,3.0,Y,4.0,1652,0,0,1652,1.0,0.0,1,1,3,1,3.0,6,Typ,1,4.0,Attchd,1959.0,2.0,2.0,510.0,3.0,2.0,0,0,0,0,201,0,NoFence,0,7,2007,WD ,Normal,200000,0,1,1,0,1,3,0,0,0,0,0,0,0,0,0,0,0
60,RL,75.0,10000,NoAlley,2.0,Lvl,Corner,2.0,Gilbert,Norm,1Fam,2Story,6,5,1993,1994,Gable,HdBoard,HdBoard,None,0.0,2.0,2.0,PConc,4.0,3.0,1.0,1.0,0.0,1.0,0.0,763.0,763.0,3.0,Y,4.0,763,892,0,1655,0.0,0.0,2,1,3,1,2.0,7,Typ,1,3.0,Attchd,1993.0,3.0,2.0,440.0,3.0,2.0,157,84,0,0,0,0,NoFence,0,4,2010,WD ,Normal,175900,0,1,1,0,1,3,0,0,0,0,0,0,0,0,0,0,0
60,RL,78.0,10140,NoAlley,3.0,Lvl,Inside,2.0,NWAmes,Norm,1Fam,2Story,7,5,1976,1976,Gable,HdBoard,HdBoard,None,0.0,2.0,2.0,PConc,4.0,3.0,1.0,6.0,194.0,1.0,0.0,638.0,832.0,2.0,Y,4.0,832,832,0,1664,0.0,0.0,2,1,4,1,2.0,8,Typ,1,3.0,Attchd,1976.0,2.0,2.0,528.0,3.0,2.0,0,28,0,0,259,0,GdWo,0,3,2006,WD ,Normal,162900,0,1,1,1,1,4,0,0,0,0,0,0,0,0,0,0,0
50,RL,110.0,7810,NoAlley,2.0,HLS,Inside,2.0,Crawfor,Norm,1Fam,1.5Fin,4,6,1930,2003,Gable,AsbShng,CmentBd,None,0.0,2.0,3.0,BrkTil,3.0,4.0,1.0,6.0,189.0,1.0,0.0,741.0,930.0,4.0,Y,4.0,1230,525,0,1755,0.0,0.0,2,0,4,1,3.0,7,Typ,1,3.0,Detchd,1930.0,1.0,1.0,231.0,2.0,2.0,0,40,0,0,0,0,NoFence,0,11,2007,WD ,Normal,188000,0,1,1,0,1,3,0,0,0,0,0,0,0,0,0,0,0
60,RL,73.0,8760,NoAlley,3.0,Lvl,Inside,2.0,CollgCr,Norm,1Fam,2Story,7,5,2006,2006,Gable,VinylSd,VinylSd,None,0.0,3.0,2.0,PConc,4.0,4.0,2.0,6.0,464.0,1.0,0.0,927.0,1391.0,4.0,Y,4.0,1391,571,0,1962,0.0,0.0,2,1,3,1,3.0,7,Typ,0,0.0,Attchd,2006.0,2.0,3.0,868.0,3.0,2.0,0,90,0,0,0,0,NoFence,0,8,2006,New,Partial,239799,0,0,1,0,1,2,0,0,0,0,0,0,0,0,0,0,0
60,RL,43.0,10667,NoAlley,1.0,Lvl,CulDSac,2.0,CollgCr,PosN,1Fam,2Story,7,6,1996,1996,Gable,VinylSd,VinylSd,None,0.0,3.0,2.0,PConc,4.0,3.0,3.0,6.0,385.0,5.0,344.0,70.0,799.0,4.0,Y,4.0,827,834,0,1661,1.0,0.0,2,1,3,1,3.0,6,Typ,1,3.0,Attchd,1996.0,2.0,2.0,550.0,3.0,2.0,158,61,0,0,0,0,NoFence,0,4,2009,ConLw,Normal,212000,0,1,1,0,1,3,0,0,0,0,0,0,0,0,0,0,0
90,RL,60.0,12900,NoAlley,3.0,Lvl,Inside,2.0,Sawyer,Feedr,Duplex,SFoyer,4,4,1969,1969,Gable,Plywood,Plywood,None,0.0,2.0,2.0,CBlock,4.0,3.0,3.0,6.0,1198.0,1.0,0.0,0.0,1198.0,2.0,Y,4.0,1258,0,0,1258,2.0,0.0,0,2,0,2,2.0,6,Typ,0,0.0,CarPort,1969.0,1.0,2.0,400.0,2.0,2.0,120,0,0,0,0,0,NoFence,0,1,2008,WD ,Alloca,108959,0,0,1,0,1,2,0,0,0,0,0,0,0,0,0,0,0
80,RL,74.0,10778,NoAlley,2.0,Lvl,Inside,2.0,SawyerW,Feedr,1Fam,SLvl,7,6,1990,1991,Gable,HdBoard,HdBoard,None,0.0,3.0,2.0,PConc,4.0,3.0,1.0,6.0,460.0,5.0,286.0,308.0,1054.0,3.0,Y,4.0,1061,0,0,1061,1.0,0.0,1,1,1,1,3.0,4,Typ,0,0.0,Attchd,1990.0,1.0,2.0,462.0,3.0,2.0,114,36,0,0,0,0,NoFence,0,7,2009,WD ,Normal,162000,0,0,1,0,1,2,0,0,0,0,0,0,0,0,0,0,0
20,RL,50.0,8000,NoAlley,3.0,Lvl,Inside,2.0,NAmes,Norm,1Fam,1Story,6,6,1948,2002,Gable,VinylSd,VinylSd,None,0.0,2.0,3.0,CBlock,3.0,3.0,1.0,5.0,680.0,1.0,0.0,292.0,972.0,4.0,Y,4.0,972,0,0,972,1.0,0.0,1,0,2,1,2.0,5,Typ,1,4.0,Detchd,1948.0,1.0,1.0,240.0,3.0,2.0,0,0,0,0,0,0,NoFence,0,5,2009,WD ,Normal,132000,0,1,1,0,1,3,0,0,0,0,0,0,0,0,0,0,0
160,FV,30.0,3215,Pave,3.0,Lvl,Inside,2.0,Somerst,Norm,TwnhsE,2Story,7,5,2004,2004,Gable,MetalSd,MetalSd,BrkFace,120.0,3.0,2.0,PConc,4.0,3.0,3.0,6.0,280.0,1.0,0.0,320.0,600.0,4.0,Y,4.0,600,600,0,1200,0.0,0.0,2,1,2,1,3.0,4,Typ,0,0.0,Detchd,2004.0,2.0,2.0,480.0,3.0,2.0,0,172,0,0,0,0,NoFence,0,4,2010,ConLD,Normal,155000,0,0,1,0,1,2,0,0,0,0,0,0,0,0,0,0,0
90,RL,70.0,9842,NoAlley,3.0,Lvl,FR2,2.0,NAmes,Norm,Duplex,1Story,4,5,1962,1962,Gable,HdBoard,HdBoard,None,0.0,2.0,2.0,Slab,0.0,0.0,0.0,0.0,0.0,0.0,0.0,0.0,0.0,2.0,Y,4.0,1224,0,0,1224,0.0,0.0,2,0,2,2,2.0,6,Typ,0,0.0,CarPort,1962.0,1.0,2.0,462.0,3.0,2.0,0,0,0,0,0,0,NoFence,0,3,2007,WD ,Normal,101800,0,0,1,0,1,2,0,0,0,0,0,0,0,0,0,0,0
85,RL,75.0,11380,NoAlley,2.0,Lvl,Inside,2.0,NAmes,Norm,1Fam,SFoyer,6,8,1966,2008,Gable,HdBoard,HdBoard,BrkFace,216.0,2.0,2.0,CBlock,3.0,3.0,4.0,6.0,944.0,1.0,0.0,136.0,1080.0,3.0,Y,4.0,1128,0,0,1128,1.0,0.0,1,0,2,1,3.0,5,Typ,1,4.0,Attchd,1966.0,1.0,1.0,315.0,3.0,2.0,238,0,0,0,0,0,NoFence,1500,1,2010,WD ,Normal,178000,0,1,1,0,1,3,0,0,0,0,0,0,0,0,0,0,0
20,FV,100.0,11824,NoAlley,2.0,Lvl,Corner,2.0,Somerst,Norm,1Fam,1Story,8,5,2006,2006,Gable,VinylSd,VinylSd,BrkFace,298.0,3.0,2.0,PConc,4.0,3.0,3.0,1.0,0.0,1.0,0.0,1685.0,1685.0,4.0,Y,4.0,1685,0,0,1685,0.0,0.0,2,0,2,1,3.0,5,Typ,1,4.0,Attchd,2006.0,3.0,3.0,658.0,3.0,2.0,112,63,0,0,0,0,NoFence,0,4,2007,WD ,Normal,253000,0,1,1,0,1,3,0,0,0,0,0,0,0,0,0,0,0
80,RL,72.0,7200,NoAlley,3.0,Lvl,Inside,2.0,Edwards,Norm,1Fam,SLvl,6,6,1976,1976,Hip,MetalSd,MetalSd,BrkFace,255.0,2.0,2.0,CBlock,3.0,3.0,3.0,5.0,631.0,1.0,0.0,410.0,1041.0,4.0,Y,4.0,1125,0,0,1125,1.0,0.0,1,0,3,1,2.0,6,Typ,1,2.0,Detchd,1977.0,1.0,1.0,352.0,3.0,2.0,296,0,0,0,0,0,GdWo,0,10,2009,WD ,Abnorml,125000,0,1,1,1,1,4,0,0,0,0,0,0,0,0,0,0,0
80,RL,60.0,8400,NoAlley,3.0,Lvl,Inside,2.0,Gilbert,Norm,1Fam,SLvl,7,5,1996,1997,Gable,HdBoard,HdBoard,BrkFace,32.0,2.0,2.0,PConc,4.0,3.0,1.0,6.0,284.0,1.0,0.0,100.0,384.0,3.0,Y,4.0,958,670,0,1628,0.0,0.0,2,1,3,1,2.0,7,Typ,1,3.0,BuiltIn,1996.0,3.0,2.0,390.0,3.0,2.0,48,72,0,0,0,0,NoFence,490,6,2009,WD ,Normal,189000,0,1,1,0,1,3,0,0,0,0,0,0,0,0,0,0,0
80,RL,75.0,9750,NoAlley,3.0,Lvl,Inside,2.0,NAmes,Norm,1Fam,SLvl,5,5,1967,1967,Gable,VinylSd,VinylSd,None,0.0,2.0,2.0,PConc,3.0,3.0,3.0,5.0,400.0,3.0,480.0,100.0,980.0,3.0,Y,4.0,980,0,0,980,0.0,0.0,2,0,3,1,2.0,6,Typ,0,0.0,Attchd,1967.0,3.0,1.0,384.0,3.0,2.0,68,0,0,0,0,0,NoFence,0,10,2006,WD ,Normal,135500,0,0,1,0,1,2,0,0,0,0,0,0,0,0,0,0,0
20,FV,60.0,7200,Pave,3.0,Lvl,Inside,2.0,Somerst,Norm,1Fam,1Story,7,5,2006,2006,Gable,VinylSd,VinylSd,None,0.0,3.0,2.0,PConc,4.0,4.0,1.0,1.0,0.0,1.0,0.0,1293.0,1293.0,4.0,Y,4.0,1301,0,0,1301,1.0,0.0,2,0,2,1,3.0,5,Typ,1,4.0,Attchd,2006.0,2.0,2.0,572.0,3.0,2.0,216,121,0,0,0,0,NoFence,0,8,2006,New,Partial,187750,0,1,1,0,1,3,0,0,0,0,0,0,0,0,0,0,0
50,RM,50.0,8635,NoAlley,3.0,Lvl,Inside,2.0,BrkSide,Norm,1Fam,1.5Fin,5,5,1948,2001,Gable,Wd Sdng,Wd Sdng,None,0.0,2.0,2.0,CBlock,3.0,3.0,1.0,4.0,336.0,6.0,41.0,295.0,672.0,2.0,Y,4.0,1072,213,0,1285,1.0,0.0,1,0,2,1,2.0,6,Min1,0,0.0,Detchd,1948.0,1.0,1.0,240.0,3.0,2.0,0,0,0,0,0,0,MnPrv,0,1,2008,WD ,Normal,127000,0,0,1,1,1,3,0,0,0,0,0,0,0,0,0,0,0
60,RL,83.0,10790,NoAlley,3.0,Lvl,Inside,2.0,NoRidge,Norm,1Fam,2Story,7,5,1998,1998,Gable,VinylSd,VinylSd,BrkFace,275.0,3.0,2.0,PConc,4.0,3.0,1.0,1.0,0.0,1.0,0.0,1066.0,1066.0,4.0,Y,4.0,1108,1277,0,2385,0.0,0.0,2,1,4,1,3.0,8,Typ,1,3.0,BuiltIn,1998.0,3.0,3.0,600.0,3.0,2.0,120,38,0,0,0,0,NoFence,0,5,2007,WD ,Normal,252000,0,1,1,0,1,3,0,0,0,0,0,0,0,0,0,0,0
160,RM,24.0,2522,NoAlley,3.0,Lvl,Inside,2.0,Edwards,Norm,Twnhs,2Story,7,5,2004,2004,Gable,VinylSd,VinylSd,Stone,50.0,3.0,2.0,PConc,4.0,3.0,1.0,1.0,0.0,1.0,0.0,970.0,970.0,4.0,Y,4.0,970,739,0,1709,0.0,0.0,2,0,3,1,3.0,7,Maj1,0,0.0,Detchd,2004.0,1.0,2.0,380.0,3.0,2.0,0,40,0,0,0,0,NoFence,0,4,2006,WD ,Normal,137500,0,0,1,0,1,2,0,0,0,0,0,0,0,0,0,0,0
120,RL,60.0,6820,NoAlley,2.0,Lvl,Corner,2.0,StoneBr,Norm,TwnhsE,1Story,8,5,1985,1985,Gable,HdBoard,HdBoard,None,0.0,3.0,2.0,PConc,4.0,3.0,3.0,6.0,368.0,4.0,1120.0,0.0,1488.0,2.0,Y,4.0,1502,0,0,1502,1.0,0.0,1,1,1,1,3.0,4,Typ,0,0.0,Attchd,1985.0,2.0,2.0,528.0,3.0,2.0,0,54,0,0,140,0,NoFence,0,6,2010,WD ,Normal,212000,0,0,1,0,1,2,0,0,0,0,0,0,0,0,0,0,0
75,RL,53.0,7128,NoAlley,3.0,Lvl,Inside,2.0,Crawfor,Norm,1Fam,2.5Unf,7,5,1941,1950,Gable,MetalSd,MetalSd,None,0.0,2.0,3.0,CBlock,3.0,3.0,1.0,3.0,364.0,1.0,0.0,554.0,918.0,3.0,Y,4.0,918,728,0,1646,0.0,0.0,2,0,4,1,2.0,7,Typ,2,4.0,Detchd,1941.0,1.0,1.0,240.0,3.0,2.0,0,0,0,0,126,0,MnPrv,0,8,2007,WD ,Normal,164000,0,1,1,1,1,4,0,0,0,0,0,0,0,0,0,0,0
120,RL,45.0,6264,NoAlley,2.0,Lvl,Corner,2.0,StoneBr,Norm,1Fam,1Story,8,5,1997,1997,Gable,CemntBd,CmentBd,None,0.0,3.0,2.0,PConc,5.0,3.0,2.0,6.0,656.0,1.0,0.0,1008.0,1664.0,4.0,Y,4.0,1682,0,0,1682,1.0,0.0,1,1,1,1,3.0,6,Min1,1,3.0,Attchd,1997.0,3.0,2.0,528.0,3.0,2.0,0,0,0,0,0,0,NoFence,0,7,2008,WD ,Normal,247900,0,1,1,0,1,3,0,0,0,0,0,0,0,0,0,0,0
30,RL,94.0,9259,NoAlley,3.0,Lvl,Corner,2.0,Sawyer,Feedr,1Fam,1Story,4,4,1927,1950,Gable,Wd Sdng,Wd Sdng,None,0.0,2.0,2.0,BrkTil,2.0,3.0,1.0,1.0,0.0,1.0,0.0,660.0,660.0,2.0,N,4.0,756,0,0,756,0.0,0.0,1,0,2,1,2.0,4,Typ,0,0.0,Detchd,1945.0,1.0,2.0,440.0,3.0,0.0,80,0,0,0,0,0,NoFence,0,6,2010,WD ,Normal,85000,0,0,0,0,1,1,0,0,0,0,0,0,0,0,0,0,0
60,RL,70.0,14364,NoAlley,2.0,Low,Inside,1.0,SawyerW,Norm,1Fam,2Story,7,5,1988,1989,Gable,Plywood,Plywood,BrkFace,128.0,3.0,2.0,CBlock,4.0,3.0,4.0,6.0,1065.0,1.0,0.0,92.0,1157.0,4.0,Y,4.0,1180,882,0,2062,1.0,0.0,2,1,3,1,2.0,7,Typ,1,4.0,Attchd,1988.0,3.0,2.0,454.0,3.0,2.0,60,55,0,0,154,0,NoFence,0,4,2007,WD ,Normal,277000,0,1,1,0,1,3,0,0,0,0,0,0,0,0,0,0,0
60,RL,64.0,14762,NoAlley,1.0,Lvl,Corner,2.0,Gilbert,Feedr,1Fam,2Story,5,6,1948,1950,Gable,Plywood,Plywood,None,0.0,2.0,2.0,Slab,0.0,0.0,0.0,0.0,0.0,0.0,0.0,0.0,0.0,3.0,Y,4.0,1547,720,53,2320,0.0,0.0,2,0,2,1,2.0,7,Typ,1,3.0,Attchd,1979.0,1.0,2.0,672.0,3.0,1.0,120,144,0,0,0,0,NoFence,0,5,2006,WD ,Normal,169000,0,1,1,0,1,3,0,0,0,0,0,0,0,0,0,0,0
20,RL,82.0,9840,NoAlley,3.0,Lvl,Inside,2.0,NAmes,Norm,1Fam,1Story,5,7,1959,1998,Gable,HdBoard,HdBoard,None,0.0,2.0,2.0,CBlock,3.0,3.0,1.0,5.0,1053.0,1.0,0.0,195.0,1248.0,2.0,Y,4.0,1440,0,0,1440,1.0,0.0,2,0,2,1,3.0,7,Typ,0,0.0,Attchd,1959.0,2.0,1.0,480.0,3.0,2.0,150,0,0,0,256,0,NoFence,0,6,2008,WD ,Normal,185000,0,0,1,0,1,2,0,0,0,0,0,0,0,0,0,0,0
20,RL,80.0,10386,NoAlley,3.0,Lvl,Inside,2.0,CollgCr,Norm,1Fam,1Story,8,5,2004,2005,Gable,CemntBd,CmentBd,Stone,246.0,3.0,2.0,PConc,4.0,3.0,1.0,6.0,1464.0,1.0,0.0,536.0,2000.0,4.0,Y,4.0,2000,0,0,2000,1.0,0.0,2,0,3,1,3.0,8,Typ,0,0.0,Attchd,2004.0,3.0,3.0,888.0,3.0,2.0,168,0,0,0,0,0,NoFence,0,7,2007,WD ,Normal,305900,0,0,1,0,1,2,0,0,0,0,0,0,0,0,0,0,0
45,RM,57.0,7449,Grvl,3.0,Bnk,Inside,2.0,IDOTRR,Norm,1Fam,1.5Unf,7,7,1930,1950,Gable,Wd Sdng,Wd Sdng,None,0.0,2.0,2.0,PConc,3.0,3.0,1.0,1.0,0.0,1.0,0.0,637.0,637.0,4.0,Y,1.0,1108,0,0,1108,0.0,0.0,1,0,3,1,3.0,6,Typ,1,4.0,Attchd,1930.0,1.0,1.0,280.0,3.0,0.0,0,0,205,0,0,0,GdPrv,0,6,2007,WD ,Normal,139400,0,1,1,1,1,4,0,0,0,0,0,0,0,0,0,0,0
70,RL,60.0,7200,NoAlley,3.0,Lvl,Inside,2.0,SWISU,Feedr,1Fam,2Story,7,9,1936,2007,Gable,Wd Sdng,Wd Sdng,None,0.0,3.0,3.0,PConc,4.0,4.0,1.0,5.0,350.0,4.0,210.0,0.0,560.0,4.0,Y,4.0,575,560,0,1135,1.0,0.0,1,0,3,1,3.0,6,Typ,0,0.0,Detchd,1971.0,2.0,2.0,576.0,3.0,2.0,256,0,0,0,0,0,MnPrv,0,4,2009,WD ,Normal,155000,0,0,1,1,1,3,0,0,0,0,0,0,0,0,0,0,0
60,RL,64.0,8063,NoAlley,3.0,Lvl,Inside,2.0,Gilbert,Norm,1Fam,2Story,6,5,2000,2000,Gable,VinylSd,VinylSd,None,0.0,2.0,2.0,PConc,4.0,3.0,1.0,1.0,0.0,1.0,0.0,924.0,924.0,4.0,Y,4.0,948,742,0,1690,0.0,0.0,2,1,3,1,2.0,7,Typ,1,3.0,Attchd,2000.0,2.0,2.0,463.0,3.0,2.0,100,48,0,0,0,0,NoFence,0,11,2007,WD ,Abnorml,181000,0,1,1,0,1,3,0,0,0,0,0,0,0,0,0,0,0
20,RL,61.0,7328,NoAlley,3.0,Lvl,Inside,2.0,SawyerW,Norm,1Fam,1Story,7,5,2008,2009,Gable,VinylSd,VinylSd,BrkFace,140.0,3.0,2.0,PConc,4.0,3.0,1.0,1.0,0.0,1.0,0.0,1450.0,1450.0,4.0,Y,4.0,1450,0,0,1450,0.0,0.0,2,0,2,1,3.0,6,Typ,0,0.0,Attchd,2008.0,2.0,3.0,788.0,3.0,2.0,0,93,0,0,0,0,NoFence,0,2,2009,New,Partial,224243,0,0,1,0,1,2,0,0,0,0,0,0,0,0,0,0,0
120,RL,61.0,8035,NoAlley,2.0,HLS,Inside,2.0,StoneBr,Norm,TwnhsE,1Story,9,5,2006,2006,Gable,MetalSd,MetalSd,BrkFace,165.0,3.0,2.0,PConc,5.0,3.0,4.0,6.0,797.0,1.0,0.0,815.0,1612.0,4.0,Y,4.0,1612,0,0,1612,1.0,0.0,2,0,2,1,4.0,6,Typ,1,4.0,Attchd,2006.0,3.0,2.0,556.0,3.0,2.0,0,164,0,0,0,0,NoFence,0,3,2007,WD ,Normal,319900,0,1,1,0,1,3,0,0,0,0,0,0,0,0,0,0,0
20,RL,73.0,9500,NoAlley,2.0,Lvl,Inside,2.0,NAmes,Norm,1Fam,1Story,6,5,1963,1963,Gable,Plywood,Plywood,BrkFace,247.0,2.0,2.0,CBlock,4.0,3.0,1.0,4.0,609.0,1.0,0.0,785.0,1394.0,3.0,Y,4.0,1394,0,0,1394,1.0,0.0,1,1,3,1,2.0,6,Typ,2,4.0,Attchd,1963.0,2.0,2.0,514.0,3.0,2.0,0,76,0,0,185,0,NoFence,0,7,2009,WD ,Normal,159000,0,1,1,0,1,3,0,0,0,0,0,0,0,0,0,0,0
70,RM,52.0,3068,Grvl,3.0,Lvl,Inside,2.0,OldTown,Norm,1Fam,2Story,6,8,1920,1993,Gable,VinylSd,VinylSd,None,0.0,2.0,3.0,BrkTil,3.0,3.0,1.0,1.0,0.0,1.0,0.0,662.0,662.0,4.0,Y,4.0,662,662,0,1324,0.0,1.0,1,0,3,1,2.0,6,Typ,0,0.0,Detchd,1920.0,1.0,1.0,180.0,3.0,2.0,0,0,112,0,0,0,GdPrv,0,2,2010,WD ,Normal,122000,0,0,1,1,1,3,0,0,0,0,0,0,0,0,0,0,0
30,RM,52.0,6120,NoAlley,3.0,Lvl,Inside,2.0,BrkSide,Norm,1Fam,1Story,5,6,1945,1995,Gable,Plywood,Plywood,None,0.0,2.0,3.0,CBlock,0.0,0.0,0.0,0.0,0.0,0.0,0.0,0.0,0.0,3.0,N,4.0,808,0,0,808,0.0,0.0,1,0,1,1,2.0,6,Min2,0,0.0,Attchd,1925.0,1.0,1.0,164.0,3.0,1.0,0,48,0,0,0,0,NoFence,0,6,2008,WD ,Normal,81300,0,0,0,0,1,1,0,0,0,0,0,0,0,0,0,0,0
30,C (all),66.0,8712,NoAlley,3.0,Lvl,Corner,2.0,IDOTRR,Norm,1Fam,1Story,4,7,1896,1950,Hip,Wd Sdng,Wd Sdng,None,0.0,1.0,1.0,CBlock,3.0,3.0,1.0,1.0,0.0,1.0,0.0,756.0,756.0,3.0,Y,4.0,952,0,0,952,0.0,0.0,1,0,3,1,2.0,5,Typ,0,0.0,Detchd,1896.0,2.0,1.0,330.0,3.0,0.0,0,0,265,0,0,0,NoFence,0,6,2010,WD ,Alloca,50138,0,0,1,0,1,2,0,0,0,0,0,0,0,0,0,0,0
60,RL,100.0,10839,NoAlley,2.0,Lvl,Corner,2.0,Gilbert,Norm,1Fam,2Story,6,5,1997,1998,Gable,VinylSd,VinylSd,None,0.0,2.0,2.0,PConc,4.0,3.0,1.0,1.0,0.0,1.0,0.0,926.0,926.0,4.0,Y,4.0,926,678,0,1604,0.0,0.0,2,1,3,1,2.0,7,Typ,1,3.0,Attchd,1997.0,3.0,2.0,470.0,3.0,2.0,0,36,0,0,0,0,NoFence,0,7,2008,WD ,Normal,181000,0,1,1,0,1,3,0,0,0,0,0,0,0,0,0,0,0
20,RL,43.0,13568,NoAlley,1.0,Lvl,CulDSac,2.0,CollgCr,Norm,1Fam,1Story,5,5,1995,1995,Gable,VinylSd,VinylSd,None,0.0,2.0,2.0,PConc,4.0,3.0,1.0,5.0,716.0,1.0,0.0,274.0,990.0,4.0,Y,4.0,990,0,0,990,0.0,1.0,1,0,3,1,2.0,5,Typ,0,0.0,Attchd,1996.0,1.0,2.0,576.0,3.0,2.0,224,0,0,0,0,0,NoFence,0,7,2006,WD ,Normal,156000,0,0,1,0,1,2,0,0,0,0,0,0,0,0,0,0,0
20,RL,80.0,8800,NoAlley,3.0,Lvl,Inside,2.0,NAmes,Norm,1Fam,1Story,6,6,1964,1964,Hip,HdBoard,HdBoard,BrkFace,425.0,2.0,2.0,CBlock,3.0,3.0,1.0,4.0,553.0,1.0,0.0,698.0,1251.0,2.0,Y,4.0,1251,0,0,1251,1.0,0.0,1,0,3,1,2.0,6,Typ,2,4.0,Attchd,1964.0,2.0,1.0,461.0,3.0,2.0,0,116,0,0,0,0,MnPrv,700,3,2006,WD ,Normal,160000,0,1,1,1,1,4,0,0,0,0,0,0,0,0,0,0,0
20,RL,120.0,9560,NoAlley,2.0,Lvl,Corner,2.0,CollgCr,Norm,1Fam,1Story,5,7,1972,1972,Hip,MetalSd,MetalSd,None,0.0,2.0,3.0,CBlock,3.0,3.0,2.0,3.0,360.0,1.0,0.0,504.0,864.0,4.0,Y,4.0,864,0,0,864,0.0,0.0,1,0,3,1,2.0,5,Typ,0,0.0,Attchd,1972.0,2.0,1.0,288.0,3.0,2.0,0,0,0,0,0,0,NoFence,0,6,2006,WD ,Normal,128500,0,0,1,0,1,2,0,0,0,0,0,0,0,0,0,0,0
160,FV,24.0,2645,Pave,3.0,Lvl,Inside,2.0,Somerst,Norm,Twnhs,2Story,8,5,1999,1999,Gable,MetalSd,MetalSd,BrkFace,466.0,3.0,2.0,PConc,4.0,3.0,1.0,6.0,612.0,1.0,0.0,348.0,960.0,4.0,Y,4.0,962,624,0,1586,1.0,0.0,2,1,3,1,3.0,7,Typ,0,0.0,Detchd,1999.0,1.0,2.0,480.0,3.0,2.0,169,0,0,0,0,0,NoFence,0,12,2008,WD ,Normal,170000,0,0,1,0,1,2,0,0,0,0,0,0,0,0,0,0,0
50,RL,60.0,8160,NoAlley,3.0,Lvl,Inside,2.0,Edwards,Norm,1Fam,1.5Fin,5,6,1940,1950,Gable,MetalSd,MetalSd,None,0.0,2.0,2.0,BrkTil,3.0,3.0,1.0,5.0,312.0,1.0,0.0,444.0,756.0,1.0,N,1.0,756,378,0,1134,1.0,0.0,1,1,3,1,2.0,7,Typ,0,0.0,Detchd,1940.0,1.0,1.0,240.0,3.0,1.0,0,0,0,0,0,0,NoFence,0,4,2007,WD ,AdjLand,126000,0,0,0,0,1,1,0,0,0,0,0,0,0,0,0,0,0
120,RL,61.0,3782,NoAlley,2.0,Lvl,CulDSac,2.0,Greens,Norm,TwnhsE,1Story,8,5,1981,1981,Gable,Wd Sdng,Plywood,None,0.0,3.0,2.0,CBlock,4.0,3.0,4.0,6.0,960.0,1.0,0.0,266.0,1226.0,2.0,Y,4.0,1226,0,0,1226,1.0,0.0,1,0,1,1,3.0,4,Typ,2,3.0,Attchd,1981.0,3.0,2.0,484.0,3.0,2.0,133,78,0,0,0,0,NoFence,0,9,2009,WD ,Normal,211500,0,1,1,0,1,3,0,0,0,0,0,0,0,0,0,0,0
50,RL,60.0,8064,NoAlley,3.0,Lvl,Inside,2.0,NAmes,Artery,1Fam,1.5Fin,6,8,1948,2004,Gable,WdShing,Wd Shng,None,0.0,2.0,2.0,CBlock,3.0,3.0,1.0,5.0,481.0,3.0,174.0,161.0,816.0,2.0,Y,4.0,816,408,0,1224,1.0,0.0,1,0,3,1,2.0,5,Typ,0,0.0,Detchd,1950.0,1.0,1.0,280.0,3.0,2.0,414,0,0,0,0,0,GdWo,0,5,2010,WD ,Normal,132000,0,0,1,1,1,3,0,0,0,0,0,0,0,0,0,0,0
20,RL,107.0,11362,NoAlley,2.0,Lvl,Inside,2.0,NridgHt,Norm,1Fam,1Story,8,5,2004,2005,Gable,MetalSd,MetalSd,Stone,42.0,3.0,2.0,PConc,5.0,3.0,2.0,6.0,1039.0,1.0,0.0,797.0,1836.0,4.0,Y,4.0,1836,0,0,1836,1.0,0.0,2,0,3,1,3.0,7,Typ,1,4.0,Attchd,2004.0,3.0,3.0,862.0,3.0,2.0,125,185,0,0,0,0,NoFence,0,3,2009,WD ,Normal,280000,0,1,1,0,1,3,0,0,0,0,0,0,0,0,0,0,0
180,RM,21.0,1596,NoAlley,3.0,Lvl,Inside,2.0,MeadowV,Norm,Twnhs,SLvl,4,5,1973,1973,Gable,CemntBd,CmentBd,None,0.0,2.0,2.0,CBlock,4.0,3.0,4.0,6.0,462.0,1.0,0.0,0.0,462.0,2.0,Y,4.0,526,462,0,988,1.0,0.0,1,0,2,1,2.0,5,Typ,0,0.0,BuiltIn,1973.0,1.0,1.0,297.0,3.0,2.0,120,101,0,0,0,0,GdWo,0,11,2009,WD ,Normal,91000,0,0,1,1,1,3,0,0,0,0,0,0,0,0,0,0,0
60,RL,70.0,8826,NoAlley,3.0,Lvl,Inside,2.0,CollgCr,Norm,1Fam,2Story,7,5,2000,2000,Gable,VinylSd,VinylSd,BrkFace,144.0,3.0,2.0,PConc,4.0,3.0,1.0,6.0,841.0,1.0,0.0,144.0,985.0,4.0,Y,4.0,985,857,0,1842,1.0,0.0,2,1,3,1,3.0,7,Typ,1,3.0,Attchd,2000.0,3.0,2.0,486.0,3.0,2.0,193,96,0,0,0,0,NoFence,0,7,2007,WD ,Normal,217500,0,1,1,0,1,3,0,0,0,0,0,0,0,0,0,0,0
60,RL,90.0,9900,NoAlley,3.0,Low,Inside,1.0,NoRidge,Norm,1Fam,2Story,7,5,1993,1993,Gable,HdBoard,HdBoard,BrkFace,256.0,3.0,2.0,PConc,4.0,3.0,4.0,6.0,987.0,1.0,0.0,360.0,1347.0,4.0,Y,4.0,1372,1274,0,2646,1.0,0.0,2,1,4,1,3.0,9,Typ,1,3.0,Attchd,1993.0,2.0,3.0,656.0,3.0,2.0,340,60,144,0,0,0,NoFence,0,4,2009,WD ,Normal,260000,0,1,1,0,1,3,0,0,0,0,0,0,0,0,0,0,0
50,RL,104.0,23920,NoAlley,3.0,Lvl,Inside,2.0,SawyerW,Feedr,1Fam,1.5Fin,6,5,1984,1984,Gable,Wd Sdng,Wd Sdng,None,0.0,2.0,2.0,CBlock,3.0,3.0,1.0,1.0,0.0,1.0,0.0,1105.0,1105.0,4.0,Y,4.0,1105,717,0,1822,0.0,0.0,2,0,4,1,3.0,7,Min2,1,1.0,Attchd,1984.0,1.0,2.0,515.0,3.0,1.0,0,195,1012,0,0,444,NoFence,0,4,2007,WD ,Normal,228500,1,1,1,0,1,4,0,0,0,0,0,0,0,0,0,0,0
20,RL,74.0,8847,NoAlley,3.0,Lvl,Inside,2.0,Somerst,Norm,1Fam,1Story,8,5,2005,2005,Gable,VinylSd,VinylSd,BrkFace,148.0,3.0,2.0,PConc,4.0,3.0,3.0,6.0,769.0,1.0,0.0,769.0,1538.0,4.0,Y,4.0,1538,0,0,1538,1.0,0.0,2,0,3,1,3.0,7,Typ,0,0.0,Attchd,2005.0,2.0,2.0,484.0,3.0,2.0,146,40,0,0,0,0,NoFence,0,12,2007,WD ,Normal,260000,0,0,1,0,1,2,0,0,0,0,0,0,0,0,0,0,0
60,RL,70.0,15295,NoAlley,0.0,Lvl,Corner,2.0,CollgCr,Norm,1Fam,2Story,7,5,1996,2002,Gable,VinylSd,VinylSd,BrkFace,254.0,3.0,2.0,PConc,4.0,3.0,2.0,6.0,762.0,1.0,0.0,98.0,860.0,4.0,Y,4.0,1212,780,0,1992,1.0,0.0,2,1,3,1,3.0,7,Min2,2,3.0,Attchd,1996.0,2.0,2.0,608.0,3.0,2.0,225,32,0,0,0,0,NoFence,0,6,2007,WD ,Normal,211000,0,1,1,0,1,3,0,0,0,0,0,0,0,0,0,0,0
20,RL,120.0,10356,NoAlley,3.0,Lvl,Corner,2.0,CollgCr,Norm,1Fam,1Story,5,6,1975,1975,Gable,HdBoard,HdBoard,None,0.0,2.0,2.0,CBlock,3.0,3.0,3.0,4.0,716.0,1.0,0.0,253.0,969.0,2.0,Y,4.0,969,0,0,969,0.0,0.0,1,1,3,1,2.0,5,Typ,0,0.0,Attchd,1975.0,1.0,2.0,440.0,3.0,2.0,0,0,0,0,0,0,MnPrv,0,1,2007,WD ,Normal,122000,0,0,1,1,1,3,0,0,0,0,0,0,0,0,0,0,0
60,RL,64.0,13869,NoAlley,1.0,Lvl,Corner,2.0,Gilbert,Norm,1Fam,2Story,6,6,1997,1997,Gable,VinylSd,VinylSd,None,0.0,2.0,2.0,PConc,4.0,3.0,3.0,6.0,182.0,1.0,0.0,612.0,794.0,3.0,Y,4.0,794,676,0,1470,0.0,1.0,2,0,3,1,2.0,6,Typ,0,0.0,Attchd,1997.0,3.0,2.0,388.0,3.0,2.0,0,75,0,0,0,0,NoFence,0,7,2007,WD ,Normal,177000,0,0,1,0,1,2,0,0,0,0,0,0,0,0,0,0,0
120,RM,44.0,3842,NoAlley,2.0,HLS,Inside,1.0,Crawfor,Norm,TwnhsE,1Story,8,5,2004,2005,Hip,CemntBd,CmentBd,Stone,174.0,3.0,2.0,PConc,5.0,3.0,4.0,6.0,1373.0,1.0,0.0,221.0,1594.0,4.0,Y,4.0,1646,0,0,1646,1.0,1.0,2,0,2,1,3.0,5,Typ,1,4.0,Attchd,2004.0,3.0,2.0,482.0,3.0,2.0,128,53,0,0,155,0,NoFence,0,1,2008,WD ,Normal,275000,0,1,1,0,1,3,0,0,0,0,0,0,0,0,0,0,0
60,RL,78.0,11700,NoAlley,3.0,Lvl,Inside,2.0,NWAmes,RRAn,1Fam,2Story,6,6,1968,1968,Gable,MetalSd,MetalSd,None,0.0,2.0,2.0,CBlock,3.0,3.0,1.0,3.0,298.0,1.0,0.0,429.0,727.0,4.0,Y,4.0,829,727,0,1556,0.0,0.0,1,1,4,1,2.0,8,Typ,0,0.0,Attchd,1968.0,1.0,2.0,441.0,3.0,2.0,0,0,0,0,0,0,NoFence,0,5,2009,WD ,Normal,154000,0,0,1,0,1,2,0,0,0,0,0,0,0,0,0,0,0
50,RL,60.0,10836,Grvl,3.0,Lvl,Inside,2.0,OldTown,Norm,1Fam,1.5Fin,5,5,1922,1950,Gable,Wd Sdng,Wd Sdng,None,0.0,2.0,2.0,BrkTil,3.0,3.0,1.0,1.0,0.0,1.0,0.0,892.0,892.0,4.0,Y,4.0,1254,182,0,1436,0.0,1.0,1,0,3,1,2.0,7,Typ,1,4.0,Detchd,1968.0,1.0,4.0,1488.0,2.0,0.0,0,0,100,0,0,0,GdWo,0,6,2008,WD ,Normal,139000,0,1,1,1,1,4,0,0,0,0,0,0,0,0,0,0,0
160,RL,24.0,2364,NoAlley,3.0,Lvl,Inside,2.0,NPkVill,Norm,TwnhsE,2Story,6,5,1978,1978,Gable,Plywood,Brk Cmn,None,0.0,2.0,2.0,CBlock,4.0,3.0,1.0,5.0,320.0,1.0,0.0,484.0,804.0,2.0,Y,4.0,804,744,0,1548,0.0,1.0,2,1,3,1,2.0,7,Typ,1,3.0,Detchd,1978.0,1.0,2.0,440.0,3.0,2.0,108,0,0,0,0,0,NoFence,0,7,2009,WD ,Normal,147000,0,1,1,0,1,3,0,0,0,0,0,0,0,0,0,0,0
90,RL,85.0,11475,NoAlley,3.0,Lvl,Corner,2.0,NAmes,Norm,Duplex,1Story,5,5,1958,1958,Gable,VinylSd,VinylSd,BrkFace,95.0,2.0,2.0,CBlock,3.0,3.0,1.0,1.0,0.0,1.0,0.0,1584.0,1584.0,2.0,Y,4.0,1776,0,0,1776,1.0,0.0,2,0,4,2,2.0,9,Typ,0,0.0,Detchd,1968.0,1.0,3.0,888.0,3.0,2.0,0,25,0,0,0,0,NoFence,0,7,2009,COD,Abnorml,110000,0,0,1,0,1,2,0,0,0,0,0,0,0,0,0,0,0
60,RL,89.0,10557,NoAlley,2.0,Lvl,Inside,2.0,NoRidge,Norm,1Fam,2Story,9,5,1998,1998,Gable,MetalSd,MetalSd,BrkFace,422.0,3.0,2.0,PConc,5.0,3.0,4.0,6.0,672.0,1.0,0.0,736.0,1408.0,4.0,Y,4.0,1671,1407,0,3078,1.0,0.0,2,1,4,1,3.0,9,Typ,1,3.0,Attchd,1998.0,3.0,3.0,806.0,3.0,2.0,108,87,0,0,0,0,NoFence,0,7,2007,WD ,Normal,410000,0,1,1,0,1,3,0,0,0,0,0,0,0,0,0,0,0
80,RL,96.0,11777,NoAlley,2.0,Lvl,Inside,2.0,Sawyer,Norm,1Fam,SLvl,5,6,1966,1966,Gable,VinylSd,VinylSd,BrkFace,97.0,2.0,2.0,CBlock,3.0,3.0,3.0,2.0,328.0,5.0,551.0,285.0,1164.0,4.0,Y,4.0,1320,0,0,1320,1.0,0.0,1,0,3,1,2.0,6,Typ,2,2.0,Attchd,1966.0,2.0,2.0,564.0,3.0,2.0,160,68,240,0,0,0,NoFence,0,5,2006,WD ,Abnorml,164500,0,1,1,0,1,3,0,0,0,0,0,0,0,0,0,0,0
20,RL,97.0,11800,NoAlley,2.0,Bnk,Inside,2.0,CollgCr,Norm,1Fam,1Story,5,5,1974,1974,Gable,HdBoard,HdBoard,None,0.0,2.0,2.0,CBlock,4.0,3.0,3.0,4.0,663.0,1.0,0.0,201.0,864.0,2.0,Y,4.0,894,0,0,894,0.0,0.0,1,0,3,1,2.0,5,Typ,0,0.0,Attchd,1974.0,1.0,2.0,440.0,3.0,2.0,0,0,0,0,0,0,NoFence,0,8,2007,WD ,Family,131000,0,0,1,0,1,2,0,0,0,0,0,0,0,0,0,0,0
20,RL,50.0,8049,NoAlley,2.0,Lvl,CulDSac,2.0,Timber,Norm,1Fam,1Story,7,5,1990,1990,Hip,HdBoard,HdBoard,BrkFace,54.0,2.0,2.0,CBlock,4.0,3.0,1.0,5.0,1053.0,1.0,0.0,256.0,1309.0,2.0,Y,4.0,1339,0,0,1339,1.0,0.0,2,0,2,1,2.0,6,Typ,1,3.0,Attchd,1990.0,3.0,2.0,484.0,4.0,2.0,0,58,0,0,90,0,NoFence,0,7,2006,WD ,Normal,180000,0,1,1,0,1,3,0,0,0,0,0,0,0,0,0,0,0
60,RL,65.0,9018,NoAlley,2.0,Lvl,Inside,2.0,Gilbert,Norm,1Fam,2Story,7,5,2007,2007,Hip,VinylSd,VinylSd,None,0.0,3.0,2.0,PConc,4.0,3.0,3.0,1.0,0.0,1.0,0.0,728.0,728.0,4.0,Y,4.0,728,728,0,1456,0.0,0.0,2,1,3,1,3.0,8,Typ,1,4.0,Attchd,2007.0,3.0,2.0,400.0,3.0,2.0,100,24,0,0,0,0,NoFence,0,7,2007,New,Partial,179540,0,1,1,0,1,3,0,0,0,0,0,0,0,0,0,0,0
60,RL,70.0,8749,NoAlley,3.0,Lvl,Inside,2.0,CollgCr,Norm,1Fam,2Story,7,5,2002,2002,Gable,VinylSd,VinylSd,None,0.0,3.0,2.0,PConc,4.0,3.0,1.0,1.0,0.0,1.0,0.0,840.0,840.0,4.0,Y,4.0,840,885,0,1725,0.0,0.0,2,1,3,1,3.0,6,Typ,0,0.0,Attchd,2002.0,2.0,2.0,550.0,3.0,2.0,0,48,0,0,0,0,NoFence,0,11,2009,WD ,Normal,198500,0,0,1,0,1,2,0,0,0,0,0,0,0,0,0,0,1
20,RL,70.0,8125,NoAlley,3.0,Lvl,Inside,2.0,CollgCr,Norm,1Fam,1Story,7,5,2002,2002,Gable,VinylSd,VinylSd,Stone,295.0,3.0,2.0,PConc,4.0,3.0,1.0,6.0,986.0,1.0,0.0,668.0,1654.0,4.0,Y,4.0,1654,0,0,1654,1.0,0.0,2,0,3,1,3.0,6,Typ,0,0.0,Attchd,2002.0,1.0,3.0,900.0,3.0,2.0,0,136,0,0,0,0,NoFence,0,2,2006,WD ,Normal,230000,0,0,1,0,1,2,0,0,0,0,0,0,0,0,0,0,0
60,RL,96.0,12539,NoAlley,3.0,Lvl,Inside,2.0,NridgHt,PosN,1Fam,2Story,10,5,2005,2006,Hip,CemntBd,CmentBd,BrkFace,468.0,4.0,2.0,PConc,5.0,3.0,4.0,6.0,1082.0,1.0,0.0,538.0,1620.0,4.0,Y,4.0,1632,1158,0,2790,1.0,0.0,2,1,4,1,4.0,10,Typ,1,5.0,BuiltIn,2005.0,3.0,4.0,1150.0,3.0,2.0,30,200,0,0,192,0,NoFence,0,6,2008,WD ,Normal,460000,0,1,1,0,1,3,0,0,0,0,0,0,0,0,0,0,0
70,RM,34.0,4571,Grvl,3.0,Lvl,Inside,2.0,OldTown,Norm,1Fam,2Story,5,5,1916,1950,Gable,AsbShng,AsbShng,None,0.0,2.0,2.0,BrkTil,3.0,3.0,1.0,1.0,0.0,1.0,0.0,624.0,624.0,1.0,N,4.0,624,720,0,1344,0.0,0.0,1,0,4,1,2.0,7,Typ,0,0.0,Detchd,1916.0,1.0,3.0,513.0,2.0,2.0,0,0,96,0,0,0,NoFence,0,5,2008,COD,Abnorml,98000,0,0,0,0,1,1,0,0,0,0,0,0,0,0,0,0,0
20,RL,60.0,8428,NoAlley,1.0,Lvl,Inside,2.0,CollgCr,Norm,1Fam,1Story,5,7,1994,1994,Gable,VinylSd,VinylSd,None,0.0,2.0,3.0,PConc,4.0,4.0,1.0,6.0,420.0,1.0,0.0,570.0,990.0,4.0,Y,4.0,990,0,0,990,1.0,0.0,1,0,3,1,2.0,5,Typ,0,0.0,Detchd,1995.0,1.0,1.0,384.0,3.0,2.0,256,0,0,0,0,0,NoFence,0,7,2007,WD ,Normal,146000,0,0,1,0,1,2,0,0,0,0,0,0,0,0,0,0,0
50,RM,60.0,10440,Grvl,3.0,Lvl,Corner,2.0,OldTown,Norm,1Fam,2Story,5,6,1910,1981,Gable,Wd Sdng,Wd Sdng,None,0.0,2.0,2.0,PConc,3.0,3.0,1.0,1.0,0.0,1.0,0.0,440.0,440.0,3.0,Y,4.0,682,548,0,1230,0.0,0.0,1,1,2,1,2.0,5,Typ,0,0.0,Detchd,1966.0,1.0,2.0,440.0,3.0,2.0,74,0,128,0,0,0,MnPrv,0,5,2009,WD ,Normal,110000,0,0,1,1,1,3,0,0,0,0,0,0,0,0,0,0,0
20,RL,70.0,13300,NoAlley,3.0,Lvl,Inside,2.0,NAmes,Norm,1Fam,1Story,5,5,1956,2001,Hip,Wd Sdng,VinylSd,None,0.0,2.0,2.0,CBlock,3.0,3.0,1.0,3.0,494.0,1.0,0.0,521.0,1015.0,3.0,Y,4.0,1384,0,0,1384,1.0,0.0,1,0,2,1,2.0,6,Min1,0,0.0,Attchd,2001.0,1.0,2.0,896.0,3.0,2.0,75,0,0,323,0,0,NoFence,400,6,2006,WD ,Normal,159000,0,0,1,0,1,2,0,0,0,0,0,0,0,0,0,0,0
20,RL,80.0,10032,NoAlley,3.0,Lvl,Inside,2.0,NAmes,Norm,1Fam,1Story,6,5,1959,1959,Gable,Wd Sdng,Wd Sdng,Stone,432.0,2.0,2.0,CBlock,3.0,3.0,1.0,3.0,734.0,1.0,0.0,510.0,1244.0,4.0,Y,4.0,1580,0,0,1580,1.0,0.0,1,1,3,1,2.0,6,Typ,2,4.0,Attchd,1956.0,1.0,2.0,440.0,3.0,2.0,0,28,0,0,160,0,GdWo,0,6,2010,WD ,Normal,159500,0,1,1,1,1,4,0,0,0,0,0,0,0,0,0,0,0
190,RL,75.0,10382,NoAlley,3.0,Lvl,Inside,2.0,NAmes,Norm,2fmCon,SLvl,6,5,1958,1958,Hip,HdBoard,HdBoard,BrkFace,105.0,2.0,1.0,CBlock,3.0,3.0,4.0,5.0,513.0,1.0,0.0,75.0,588.0,2.0,Y,4.0,1095,0,0,1095,1.0,0.0,1,0,2,1,2.0,6,Typ,0,0.0,Attchd,1958.0,2.0,1.0,264.0,3.0,2.0,0,0,0,0,0,0,NoFence,0,3,2006,ConLD,Normal,140000,0,0,1,0,1,2,0,0,0,0,0,0,0,0,0,0,0
60,RL,80.0,9200,NoAlley,3.0,Lvl,Inside,2.0,NoRidge,Norm,1Fam,2Story,8,5,1998,1998,Gable,VinylSd,VinylSd,BrkFace,473.0,3.0,2.0,PConc,4.0,3.0,1.0,6.0,986.0,1.0,0.0,484.0,1470.0,3.0,Y,4.0,1470,1160,0,2630,1.0,0.0,2,1,4,1,3.0,8,Typ,1,3.0,Attchd,1998.0,3.0,3.0,696.0,3.0,2.0,0,66,0,0,0,0,NoFence,0,6,2008,WD ,Normal,315000,0,1,1,0,1,3,0,0,0,0,0,0,0,0,0,0,0
20,RL,90.0,12878,NoAlley,2.0,Lvl,Corner,2.0,NridgHt,Norm,1Fam,1Story,7,5,2003,2004,Hip,VinylSd,VinylSd,BrkFace,418.0,3.0,2.0,PConc,4.0,3.0,1.0,5.0,1262.0,1.0,0.0,498.0,1760.0,4.0,Y,4.0,1760,0,0,1760,1.0,0.0,2,0,3,1,3.0,8,Typ,1,4.0,Attchd,2003.0,3.0,2.0,583.0,3.0,2.0,165,190,0,0,0,0,NoFence,0,6,2009,WD ,Normal,269500,0,1,1,0,1,3,0,0,0,0,0,0,0,0,0,0,0
60,RL,62.0,7917,NoAlley,3.0,Lvl,Inside,2.0,Gilbert,Norm,1Fam,2Story,6,5,1999,2000,Gable,VinylSd,VinylSd,None,0.0,2.0,2.0,PConc,4.0,3.0,1.0,1.0,0.0,1.0,0.0,953.0,953.0,4.0,Y,4.0,953,694,0,1647,0.0,0.0,2,1,3,1,2.0,7,Typ,1,3.0,Attchd,1999.0,2.0,2.0,460.0,3.0,2.0,0,40,0,0,0,0,NoFence,0,8,2007,WD ,Normal,175000,0,1,1,0,1,3,0,0,0,0,0,0,0,0,0,0,0
60,RL,70.0,11613,NoAlley,1.0,Lvl,Corner,2.0,SawyerW,Norm,1Fam,2Story,6,5,1993,1997,Gable,VinylSd,VinylSd,None,0.0,3.0,2.0,PConc,4.0,3.0,1.0,5.0,480.0,1.0,0.0,384.0,864.0,4.0,Y,4.0,920,900,0,1820,0.0,0.0,2,1,3,1,3.0,7,Typ,0,0.0,Attchd,1993.0,2.0,2.0,492.0,3.0,2.0,144,85,0,0,0,0,GdPrv,0,5,2007,WD ,Normal,191750,0,0,1,1,1,3,0,0,0,0,0,0,0,0,0,0,0
20,RL,68.0,9017,NoAlley,2.0,Lvl,Inside,2.0,CollgCr,Norm,1Fam,1Story,7,5,1999,1999,Gable,VinylSd,VinylSd,None,0.0,3.0,2.0,PConc,4.0,3.0,3.0,6.0,560.0,1.0,0.0,871.0,1431.0,4.0,Y,4.0,1431,0,0,1431,1.0,0.0,2,0,3,1,3.0,6,Typ,0,0.0,Attchd,1999.0,3.0,2.0,666.0,3.0,2.0,0,35,0,0,0,0,NoFence,0,9,2009,WD ,Normal,192000,0,0,1,0,1,2,0,0,0,0,0,0,0,0,0,0,0
20,RL,73.0,10368,NoAlley,2.0,Lvl,CulDSac,2.0,NAmes,Norm,1Fam,1Story,6,6,1964,1964,Hip,HdBoard,HdBoard,BrkFace,112.0,2.0,2.0,CBlock,3.0,3.0,1.0,5.0,260.0,2.0,748.0,0.0,1008.0,4.0,Y,4.0,1488,0,0,1488,1.0,0.0,1,1,3,1,2.0,7,Typ,1,4.0,Attchd,1964.0,3.0,2.0,430.0,3.0,2.0,154,60,0,0,0,0,NoFence,0,4,2006,WD ,Normal,167000,0,1,1,0,1,3,0,0,0,0,0,0,0,0,0,0,0
20,RL,53.0,8128,NoAlley,2.0,Lvl,CulDSac,2.0,NAmes,Norm,1Fam,1Story,6,7,1954,1954,Hip,MetalSd,MetalSd,BrkFace,80.0,2.0,2.0,CBlock,3.0,3.0,1.0,5.0,490.0,1.0,0.0,572.0,1062.0,3.0,Y,4.0,1062,0,0,1062,1.0,0.0,1,0,3,1,2.0,6,Typ,0,0.0,Attchd,1954.0,1.0,1.0,297.0,3.0,2.0,0,0,0,0,0,0,NoFence,0,2,2009,WD ,Normal,131000,0,0,1,0,1,2,0,0,0,0,0,0,0,0,0,0,0
20,RL,94.0,9239,NoAlley,3.0,Lvl,Inside,2.0,Sawyer,Feedr,1Fam,1Story,5,8,1963,2003,Gable,VinylSd,VinylSd,None,0.0,2.0,3.0,CBlock,3.0,3.0,1.0,6.0,634.0,1.0,0.0,326.0,960.0,4.0,Y,4.0,960,0,0,960,1.0,0.0,1,0,3,1,3.0,6,Typ,0,0.0,Attchd,1963.0,3.0,1.0,300.0,3.0,2.0,168,0,0,0,0,0,NoFence,0,5,2008,WD ,Normal,144900,0,0,1,0,1,2,0,0,0,0,0,0,0,0,0,0,0
20,RL,85.0,57200,NoAlley,2.0,Bnk,Inside,0.0,Timber,Norm,1Fam,1Story,5,5,1948,1950,Gable,Wd Sdng,Wd Sdng,None,0.0,2.0,2.0,CBlock,3.0,3.0,3.0,4.0,353.0,3.0,334.0,60.0,747.0,2.0,Y,4.0,1687,0,0,1687,1.0,0.0,1,0,3,1,2.0,7,Min1,2,3.0,Detchd,1966.0,1.0,2.0,572.0,3.0,0.0,0,0,50,0,0,0,NoFence,0,6,2010,WD ,Normal,160000,0,1,1,0,1,3,0,0,0,0,0,0,0,0,0,0,0
20,RL,110.0,14230,NoAlley,3.0,Lvl,Corner,2.0,NridgHt,Norm,1Fam,1Story,8,5,2007,2007,Gable,VinylSd,VinylSd,Stone,640.0,3.0,2.0,PConc,4.0,3.0,1.0,1.0,0.0,1.0,0.0,1566.0,1566.0,4.0,Y,4.0,1600,0,0,1600,0.0,0.0,2,0,3,1,3.0,7,Typ,1,4.0,Attchd,2007.0,2.0,3.0,890.0,3.0,2.0,0,56,0,0,0,0,NoFence,0,7,2009,WD ,Normal,256300,0,1,1,0,1,3,0,0,0,0,0,0,0,0,0,0,0
20,RL,39.0,15410,NoAlley,2.0,Lvl,CulDSac,2.0,Sawyer,RRNe,1Fam,1Story,6,6,1974,2002,Hip,Plywood,Plywood,BrkCmn,250.0,2.0,3.0,CBlock,3.0,3.0,4.0,4.0,126.0,6.0,859.0,223.0,1208.0,4.0,Y,4.0,1494,0,0,1494,1.0,0.0,2,0,3,1,2.0,7,Typ,2,2.0,Attchd,1974.0,3.0,2.0,461.0,3.0,2.0,296,0,186,0,0,0,GdPrv,0,4,2010,WD ,Abnorml,169000,0,1,1,1,1,4,0,0,0,0,0,0,0,0,0,0,0
60,RL,56.0,20431,NoAlley,1.0,Lvl,Inside,2.0,NridgHt,Norm,1Fam,2Story,9,5,2005,2006,Hip,CemntBd,CmentBd,BrkFace,870.0,4.0,2.0,PConc,5.0,3.0,1.0,6.0,1410.0,1.0,0.0,438.0,1848.0,4.0,Y,4.0,1848,880,0,2728,1.0,0.0,2,1,4,1,4.0,10,Typ,2,5.0,Attchd,2006.0,3.0,3.0,706.0,3.0,2.0,0,0,0,0,0,0,NoFence,0,4,2006,New,Partial,437154,0,1,1,0,1,3,0,0,0,0,0,0,0,0,0,0,0
60,RL,78.0,10530,NoAlley,3.0,Lvl,Inside,2.0,NWAmes,Norm,1Fam,2Story,7,6,1993,1993,Gable,MetalSd,MetalSd,BrkFace,194.0,3.0,2.0,PConc,4.0,3.0,1.0,6.0,819.0,1.0,0.0,329.0,1148.0,4.0,Y,4.0,1091,984,0,2075,1.0,0.0,2,1,3,1,3.0,8,Typ,1,4.0,Attchd,1993.0,1.0,2.0,473.0,3.0,2.0,235,86,0,0,0,0,NoFence,0,8,2007,WD ,Normal,255000,0,1,1,0,1,3,0,0,0,0,0,0,0,0,0,0,0
50,C (all),60.0,11040,NoAlley,3.0,Low,Inside,1.0,IDOTRR,Norm,1Fam,1.5Fin,4,6,1920,1950,Gable,MetalSd,MetalSd,None,0.0,2.0,2.0,CBlock,3.0,3.0,1.0,3.0,637.0,1.0,0.0,0.0,637.0,3.0,Y,4.0,897,439,0,1336,0.0,0.0,1,1,3,1,2.0,7,Typ,0,0.0,CarPort,1994.0,1.0,1.0,570.0,3.0,2.0,0,47,120,0,0,0,NoFence,0,9,2006,COD,Normal,108000,0,0,1,0,1,2,0,0,0,0,0,0,0,0,0,0,0
20,RL,73.0,19900,NoAlley,3.0,Lvl,Inside,2.0,NAmes,PosA,1Fam,1Story,7,5,1970,1989,Gable,Plywood,Plywood,BrkFace,287.0,2.0,2.0,CBlock,4.0,3.0,4.0,6.0,912.0,1.0,0.0,1035.0,1947.0,2.0,Y,4.0,2207,0,0,2207,1.0,0.0,2,0,3,1,2.0,7,Min1,1,4.0,Attchd,1970.0,2.0,2.0,576.0,3.0,2.0,301,0,0,0,0,0,NoFence,0,7,2010,WD ,Normal,180000,0,1,1,0,1,3,0,0,0,0,0,0,0,0,0,0,0
190,RL,59.0,4484,NoAlley,2.0,Lvl,Corner,2.0,SWISU,Norm,2fmCon,1.5Fin,5,6,1942,1979,Gable,Plywood,Plywood,None,0.0,2.0,2.0,CBlock,3.0,3.0,1.0,5.0,485.0,1.0,0.0,187.0,672.0,2.0,N,4.0,778,504,0,1282,1.0,0.0,1,0,2,1,2.0,4,Typ,0,0.0,Detchd,1942.0,1.0,1.0,240.0,3.0,2.0,0,88,0,0,0,0,MnPrv,0,7,2007,WD ,Normal,108500,0,0,0,1,1,2,0,0,0,0,0,0,0,0,0,0,0
80,RM,120.0,13200,NoAlley,3.0,Lvl,Corner,2.0,IDOTRR,Norm,1Fam,SLvl,6,6,1963,1963,Gable,HdBoard,HdBoard,BrkFace,234.0,2.0,2.0,CBlock,3.0,3.0,1.0,4.0,375.0,1.0,0.0,366.0,741.0,1.0,Y,4.0,1497,797,0,2294,0.0,0.0,3,0,5,1,2.0,9,Typ,1,4.0,Attchd,1963.0,1.0,2.0,658.0,3.0,2.0,0,110,0,0,0,0,NoFence,0,4,2007,WD ,Normal,202500,0,1,1,0,1,3,0,0,0,0,0,0,0,0,0,0,0
120,RL,50.0,7175,NoAlley,3.0,Lvl,Inside,2.0,SawyerW,Norm,TwnhsE,1Story,6,5,1984,1984,Gable,Plywood,Plywood,None,0.0,2.0,2.0,CBlock,4.0,3.0,1.0,5.0,623.0,2.0,121.0,0.0,744.0,2.0,Y,4.0,752,0,0,752,1.0,0.0,1,0,2,1,2.0,4,Typ,0,0.0,Attchd,1984.0,1.0,1.0,264.0,3.0,2.0,353,0,0,0,90,0,MnPrv,0,2,2010,WD ,Normal,125000,0,0,1,1,1,3,0,0,0,0,0,0,0,0,0,0,0
20,RL,85.0,11049,NoAlley,3.0,Lvl,Corner,2.0,CollgCr,Norm,1Fam,1Story,8,5,2007,2007,Gable,VinylSd,VinylSd,None,0.0,3.0,2.0,PConc,5.0,3.0,3.0,1.0,0.0,1.0,0.0,1234.0,1234.0,4.0,Y,4.0,1234,0,0,1234,0.0,0.0,2,0,3,1,3.0,7,Typ,0,0.0,Attchd,2007.0,2.0,2.0,484.0,3.0,2.0,0,30,0,0,0,0,NoFence,0,1,2008,WD ,Normal,179900,0,0,1,0,1,2,0,0,0,0,0,0,0,0,0,0,0
20,RL,118.0,13704,NoAlley,2.0,Lvl,Corner,2.0,CollgCr,Norm,1Fam,1Story,7,5,2001,2002,Gable,VinylSd,VinylSd,BrkFace,150.0,3.0,2.0,PConc,4.0,3.0,1.0,1.0,0.0,1.0,0.0,1541.0,1541.0,4.0,Y,4.0,1541,0,0,1541,0.0,0.0,2,0,3,1,3.0,6,Typ,1,3.0,Attchd,2001.0,2.0,3.0,843.0,3.0,2.0,468,81,0,0,0,0,NoFence,0,1,2006,WD ,Normal,205000,0,1,1,0,1,3,0,0,0,0,0,0,0,0,0,0,0
20,RL,73.0,9759,NoAlley,2.0,Lvl,Inside,2.0,NAmes,Norm,1Fam,1Story,5,5,1966,1966,Gable,Plywood,Plywood,None,0.0,2.0,2.0,CBlock,3.0,3.0,1.0,4.0,799.0,1.0,0.0,252.0,1051.0,2.0,Y,4.0,1051,0,0,1051,1.0,0.0,1,0,3,1,2.0,6,Typ,0,0.0,Attchd,1966.0,2.0,1.0,264.0,3.0,2.0,182,88,0,0,0,0,NoFence,0,3,2006,WD ,Normal,124400,0,0,1,0,1,2,0,0,0,0,0,0,0,0,0,0,0
20,RL,75.0,10425,NoAlley,3.0,Lvl,Inside,2.0,NAmes,Norm,1Fam,1Story,5,5,1956,1958,Gable,MetalSd,MetalSd,None,0.0,2.0,2.0,CBlock,3.0,3.0,1.0,3.0,774.0,1.0,0.0,330.0,1104.0,3.0,Y,4.0,1104,0,0,1104,1.0,0.0,1,0,3,1,2.0,5,Typ,0,0.0,Attchd,1956.0,2.0,1.0,384.0,3.0,2.0,0,0,0,0,0,0,NoFence,0,4,2008,WD ,Normal,133000,0,0,1,0,1,2,0,0,0,0,0,0,0,0,0,0,0
80,RL,70.0,12886,NoAlley,2.0,Lvl,Inside,2.0,Sawyer,Norm,1Fam,SLvl,5,6,1963,1999,Gable,HdBoard,HdBoard,None,0.0,2.0,2.0,CBlock,4.0,3.0,3.0,5.0,444.0,1.0,0.0,76.0,520.0,4.0,Y,4.0,1464,0,0,1464,0.0,1.0,2,0,3,1,2.0,6,Min2,1,3.0,Attchd,1997.0,2.0,2.0,480.0,3.0,2.0,302,0,0,0,100,0,NoFence,0,10,2009,WD ,Normal,175000,0,1,1,0,1,3,0,0,0,0,0,0,0,0,0,0,0
85,RL,74.0,7400,NoAlley,2.0,Lvl,CulDSac,2.0,Sawyer,Norm,1Fam,SFoyer,5,5,1984,1984,Gable,VinylSd,VinylSd,None,0.0,2.0,2.0,PConc,4.0,3.0,3.0,2.0,104.0,5.0,956.0,0.0,1060.0,2.0,Y,4.0,1126,0,0,1126,1.0,0.0,1,0,2,1,2.0,5,Typ,0,0.0,Attchd,1984.0,1.0,2.0,506.0,3.0,2.0,178,0,0,0,0,0,NoFence,0,3,2008,WD ,Normal,152000,0,0,1,0,1,2,0,0,0,0,0,0,0,0,0,0,0
80,RL,72.0,15957,NoAlley,2.0,Low,Corner,1.0,Mitchel,Norm,1Fam,SLvl,6,6,1977,1977,Gable,HdBoard,Plywood,None,0.0,2.0,2.0,PConc,4.0,3.0,4.0,6.0,1148.0,1.0,0.0,96.0,1244.0,2.0,Y,4.0,1356,0,0,1356,2.0,0.0,2,0,3,1,2.0,6,Typ,1,3.0,Attchd,1977.0,3.0,2.0,528.0,3.0,2.0,1424,0,0,0,0,0,MnPrv,0,9,2007,WD ,Normal,188000,0,1,1,1,1,4,0,0,0,0,0,0,0,0,0,0,0
20,RL,66.0,8300,NoAlley,2.0,Lvl,Inside,2.0,NAmes,Norm,1Fam,1Story,6,6,1968,1968,Gable,Wd Sdng,Wd Sdng,BrkFace,86.0,2.0,2.0,CBlock,3.0,3.0,2.0,3.0,952.0,1.0,0.0,0.0,952.0,3.0,Y,4.0,952,0,0,952,1.0,0.0,1,0,3,1,2.0,5,Typ,0,0.0,Attchd,1968.0,1.0,1.0,288.0,3.0,2.0,0,0,0,0,0,0,NoFence,0,8,2007,WD ,Normal,128500,0,0,1,0,1,2,0,0,0,0,0,0,0,0,0,0,0
70,RL,66.0,6858,NoAlley,3.0,Bnk,Corner,2.0,SWISU,Norm,1Fam,2Story,6,4,1915,1950,Gable,Wd Sdng,Wd Sdng,None,0.0,2.0,2.0,PConc,4.0,3.0,1.0,1.0,0.0,1.0,0.0,806.0,806.0,2.0,N,1.0,841,806,0,1647,1.0,0.0,1,1,4,1,1.0,6,Typ,0,0.0,Detchd,1920.0,1.0,1.0,216.0,3.0,2.0,0,66,136,0,0,0,NoFence,0,5,2010,WD ,Normal,128000,0,0,0,0,1,1,0,0,0,0,0,0,0,0,0,0,0
30,RM,46.0,3672,NoAlley,3.0,Lvl,Inside,2.0,IDOTRR,Artery,1Fam,1Story,5,7,1922,1950,Gable,Stucco,Stucco,None,0.0,2.0,2.0,BrkTil,3.0,3.0,1.0,1.0,0.0,1.0,0.0,816.0,816.0,4.0,Y,4.0,816,0,0,816,0.0,0.0,1,0,2,1,2.0,5,Typ,0,0.0,Detchd,1922.0,1.0,1.0,100.0,2.0,0.0,0,0,96,0,0,0,NoFence,0,9,2007,WD ,Normal,75200,0,0,1,0,1,2,0,0,0,0,0,0,0,0,0,0,0
120,RL,43.0,3010,NoAlley,3.0,Lvl,Inside,2.0,Blmngtn,Norm,TwnhsE,1Story,7,5,2005,2006,Gable,VinylSd,VinylSd,BrkFace,14.0,3.0,2.0,PConc,4.0,3.0,4.0,6.0,16.0,1.0,0.0,1126.0,1142.0,4.0,Y,4.0,1142,0,0,1142,0.0,0.0,2,0,2,1,3.0,6,Typ,0,0.0,Attchd,2005.0,3.0,2.0,440.0,3.0,2.0,90,0,0,0,0,0,NoFence,0,6,2006,New,Partial,156820,0,0,1,0,1,2,0,0,0,0,0,0,0,0,0,0,0
120,RM,44.0,4224,NoAlley,3.0,Lvl,Inside,2.0,MeadowV,Norm,TwnhsE,1Story,5,7,1976,1976,Gable,CemntBd,CmentBd,None,0.0,2.0,2.0,PConc,4.0,3.0,1.0,6.0,840.0,1.0,0.0,200.0,1040.0,2.0,Y,4.0,1060,0,0,1060,1.0,0.0,1,0,3,1,2.0,6,Typ,1,3.0,Attchd,1976.0,1.0,2.0,572.0,3.0,2.0,100,110,0,0,0,0,NoFence,0,6,2007,WD ,Normal,129900,0,1,1,0,1,3,0,0,0,0,0,0,0,0,0,0,0
20,RL,70.0,9135,NoAlley,3.0,Lvl,Inside,2.0,CollgCr,Norm,1Fam,1Story,6,5,2003,2003,Gable,VinylSd,VinylSd,BrkFace,120.0,3.0,2.0,PConc,4.0,3.0,3.0,6.0,340.0,1.0,0.0,1342.0,1682.0,4.0,Y,4.0,1700,0,0,1700,1.0,0.0,2,0,3,1,3.0,7,Typ,0,0.0,Attchd,2003.0,2.0,2.0,544.0,3.0,2.0,192,23,0,0,0,0,NoFence,0,5,2006,WD ,Normal,200000,0,0,1,0,1,2,0,0,0,0,0,0,0,0,0,0,0
80,RL,70.0,10970,NoAlley,2.0,Low,Inside,1.0,CollgCr,Norm,1Fam,SLvl,6,6,1978,1978,Gable,Plywood,HdBoard,None,0.0,2.0,2.0,CBlock,4.0,4.0,4.0,6.0,505.0,2.0,435.0,0.0,940.0,2.0,Y,4.0,1026,0,0,1026,1.0,0.0,1,0,3,1,2.0,5,Typ,0,0.0,Detchd,1981.0,1.0,2.0,576.0,3.0,2.0,0,0,34,0,0,0,MnPrv,0,10,2008,WD ,Normal,147000,0,0,1,1,1,3,0,0,0,0,0,0,0,0,0,0,0
50,RL,78.0,10496,NoAlley,3.0,Lvl,Inside,2.0,NAmes,Artery,1Fam,1.5Fin,6,6,1949,1950,Gable,Wd Sdng,Wd Sdng,BrkFace,320.0,2.0,2.0,CBlock,3.0,3.0,2.0,3.0,196.0,1.0,0.0,844.0,1040.0,4.0,Y,4.0,1168,678,0,1846,0.0,0.0,2,0,3,1,2.0,7,Typ,1,4.0,Attchd,1949.0,1.0,1.0,315.0,3.0,2.0,0,0,0,0,0,0,GdWo,0,1,2007,WD ,Normal,143000,0,1,1,1,1,4,0,0,0,0,0,0,0,0,0,0,0
80,RL,80.0,9600,NoAlley,3.0,Lvl,Inside,2.0,NAmes,Norm,1Fam,SLvl,5,7,1967,1967,Gable,MetalSd,MetalSd,BrkFace,140.0,2.0,2.0,PConc,3.0,3.0,3.0,5.0,602.0,3.0,402.0,137.0,1141.0,3.0,Y,4.0,1141,0,0,1141,1.0,0.0,1,0,3,1,2.0,6,Typ,0,0.0,Attchd,1967.0,1.0,1.0,568.0,3.0,2.0,0,78,0,0,0,0,NoFence,0,7,2006,WD ,Normal,158000,0,0,1,0,1,2,0,0,0,0,0,0,0,0,0,0,0
20,RL,85.0,12633,NoAlley,2.0,HLS,Inside,2.0,Timber,Norm,1Fam,1Story,9,5,2007,2007,Hip,CemntBd,CmentBd,Stone,290.0,4.0,2.0,PConc,5.0,3.0,4.0,6.0,1640.0,1.0,0.0,338.0,1978.0,4.0,Y,4.0,1978,0,0,1978,1.0,0.0,2,0,2,1,4.0,7,Typ,1,4.0,Attchd,2007.0,3.0,3.0,920.0,3.0,2.0,308,52,0,0,0,0,NoFence,0,5,2009,WD ,Normal,425000,0,1,1,0,1,3,0,0,0,0,0,0,0,0,0,0,0
60,RL,77.0,9965,NoAlley,3.0,Lvl,Inside,2.0,CollgCr,Norm,1Fam,2Story,8,5,2006,2007,Hip,VinylSd,VinylSd,Stone,340.0,3.0,2.0,PConc,5.0,3.0,4.0,6.0,1150.0,1.0,0.0,316.0,1466.0,4.0,Y,4.0,1466,1362,0,2828,1.0,0.0,3,0,4,1,3.0,11,Typ,1,3.0,BuiltIn,2006.0,2.0,3.0,1052.0,3.0,2.0,125,144,0,0,0,0,NoFence,0,4,2007,New,Partial,424870,0,1,1,0,1,3,0,0,0,0,0,0,0,0,0,0,0
20,RL,88.0,14175,NoAlley,3.0,Lvl,Inside,2.0,Sawyer,PosA,1Fam,1Story,6,8,1956,1956,Gable,HdBoard,HdBoard,None,0.0,2.0,2.0,CBlock,3.0,4.0,4.0,6.0,776.0,1.0,0.0,212.0,988.0,2.0,Y,3.0,1188,0,0,1188,1.0,0.0,1,0,1,1,2.0,4,Typ,1,3.0,Attchd,1956.0,1.0,2.0,621.0,3.0,2.0,102,89,231,0,0,0,NoFence,0,6,2008,WD ,Normal,185000,0,1,1,0,1,3,0,0,0,0,0,0,0,0,0,0,0
160,FV,24.0,2544,Pave,3.0,Lvl,Inside,2.0,Somerst,Norm,Twnhs,2Story,7,5,2005,2005,Gable,MetalSd,MetalSd,None,0.0,3.0,2.0,PConc,4.0,3.0,1.0,1.0,0.0,1.0,0.0,600.0,600.0,4.0,Y,4.0,520,623,80,1223,0.0,0.0,2,1,2,1,3.0,4,Typ,0,0.0,Detchd,2005.0,2.0,2.0,480.0,3.0,2.0,0,166,0,0,0,0,NoFence,0,7,2006,WD ,Normal,149900,0,0,1,0,1,2,0,0,0,0,0,0,0,0,0,0,0
60,RL,90.0,11250,NoAlley,3.0,Lvl,Corner,2.0,CollgCr,Norm,1Fam,2Story,7,5,1995,1996,Gable,VinylSd,VinylSd,None,0.0,3.0,3.0,PConc,4.0,4.0,3.0,6.0,685.0,1.0,0.0,245.0,930.0,4.0,Y,4.0,950,1045,0,1995,1.0,0.0,2,1,4,1,3.0,8,Typ,1,3.0,Attchd,1995.0,2.0,2.0,610.0,3.0,2.0,275,170,0,0,0,0,NoFence,0,7,2006,WD ,Normal,237000,0,1,1,0,1,3,0,0,0,0,0,0,0,0,0,0,0
20,RL,68.0,9768,NoAlley,3.0,Lvl,Inside,2.0,NAmes,Norm,1Fam,1Story,5,5,1955,1955,Gable,Wd Sdng,Wd Sdng,None,0.0,2.0,2.0,CBlock,3.0,3.0,1.0,3.0,100.0,5.0,247.0,613.0,960.0,3.0,Y,4.0,960,0,0,960,1.0,0.0,1,0,2,1,2.0,5,Typ,0,0.0,Attchd,1955.0,2.0,1.0,330.0,3.0,2.0,0,70,0,0,0,0,MnPrv,0,2,2009,WD ,Normal,122000,0,0,1,1,1,3,0,0,0,0,0,0,0,0,0,0,0
20,RL,74.0,9000,NoAlley,3.0,Lvl,Inside,2.0,Sawyer,Norm,1Fam,1Story,4,7,1945,1950,Gable,Wd Sdng,Wd Sdng,None,0.0,1.0,2.0,Slab,0.0,0.0,0.0,0.0,0.0,0.0,0.0,0.0,0.0,2.0,N,3.0,998,0,0,998,0.0,0.0,1,0,3,1,2.0,5,Min2,0,0.0,2Types,1952.0,1.0,2.0,460.0,2.0,2.0,0,0,140,0,0,0,NoFence,0,5,2007,WD ,Normal,89500,0,0,0,0,1,1,0,0,0,0,0,0,0,0,0,0,0
160,RM,21.0,1533,NoAlley,3.0,Lvl,Inside,2.0,MeadowV,Norm,Twnhs,2Story,4,5,1970,1970,Gable,CemntBd,CmentBd,None,0.0,2.0,2.0,CBlock,3.0,3.0,1.0,3.0,408.0,1.0,0.0,138.0,546.0,2.0,Y,4.0,546,546,0,1092,0.0,0.0,1,1,3,1,2.0,5,Typ,0,0.0,CarPort,1970.0,1.0,1.0,286.0,3.0,2.0,0,0,0,0,0,0,NoFence,0,12,2006,WD ,Abnorml,87550,0,0,1,0,1,2,0,0,0,0,0,0,0,0,0,0,0
20,RL,70.0,8120,NoAlley,3.0,Lvl,Inside,2.0,NAmes,Norm,1Fam,1Story,4,7,1970,1970,Gable,MetalSd,MetalSd,None,0.0,2.0,3.0,CBlock,3.0,3.0,1.0,5.0,191.0,1.0,0.0,673.0,864.0,4.0,Y,4.0,864,0,0,864,0.0,0.0,1,0,3,1,2.0,5,Typ,0,0.0,Detchd,1994.0,1.0,2.0,463.0,3.0,2.0,0,0,0,0,0,0,NoFence,0,7,2009,WD ,Normal,124500,0,0,1,0,1,2,0,0,0,0,0,0,0,0,0,0,0
60,RL,59.0,7837,NoAlley,2.0,Lvl,Inside,2.0,Gilbert,Norm,1Fam,2Story,6,7,1993,1994,Gable,VinylSd,VinylSd,None,0.0,3.0,2.0,PConc,4.0,3.0,1.0,1.0,0.0,1.0,0.0,799.0,799.0,3.0,Y,4.0,799,772,0,1571,0.0,0.0,2,1,3,1,2.0,7,Typ,1,3.0,Attchd,1993.0,2.0,2.0,380.0,3.0,2.0,0,40,0,0,0,0,NoFence,0,5,2009,WD ,Normal,178000,0,1,1,0,1,3,0,0,0,0,0,0,0,0,0,0,0
20,C (all),65.0,6565,NoAlley,3.0,Lvl,Corner,2.0,IDOTRR,Norm,1Fam,1Story,4,6,1957,1980,Gable,MetalSd,MetalSd,None,0.0,2.0,2.0,CBlock,3.0,3.0,1.0,6.0,967.0,1.0,0.0,106.0,1073.0,3.0,Y,3.0,1073,0,0,1073,1.0,0.0,1,0,3,1,2.0,6,Typ,0,0.0,Detchd,1985.0,1.0,2.0,720.0,3.0,2.0,0,444,0,0,0,0,NoFence,0,8,2007,WD ,Abnorml,140000,0,0,1,0,1,2,0,0,0,0,0,0,0,0,0,0,0
60,RL,80.0,9554,NoAlley,2.0,Lvl,Inside,2.0,SawyerW,Norm,1Fam,2Story,8,5,1993,1994,Gable,VinylSd,VinylSd,BrkFace,125.0,3.0,2.0,PConc,4.0,3.0,1.0,6.0,380.0,1.0,0.0,397.0,777.0,4.0,Y,4.0,1065,846,0,1911,0.0,0.0,2,1,3,1,3.0,8,Typ,1,3.0,Attchd,1993.0,2.0,2.0,471.0,3.0,2.0,182,81,0,0,0,0,NoFence,0,9,2006,WD ,Normal,215000,0,1,1,0,1,3,0,0,0,0,0,0,0,0,0,0,0
20,RL,98.0,11428,NoAlley,2.0,Lvl,Inside,2.0,NridgHt,Norm,1Fam,1Story,8,5,2006,2006,Gable,VinylSd,VinylSd,Stone,248.0,3.0,2.0,PConc,4.0,3.0,1.0,1.0,0.0,1.0,0.0,1626.0,1626.0,4.0,Y,4.0,1634,0,0,1634,0.0,0.0,2,0,3,1,3.0,7,Typ,1,4.0,Attchd,2006.0,2.0,3.0,866.0,3.0,2.0,0,44,0,0,0,0,NoFence,0,5,2007,WD ,Normal,250000,0,1,1,0,1,3,0,0,0,0,0,0,0,0,0,0,0
20,RL,75.0,9532,NoAlley,3.0,Lvl,Inside,2.0,NAmes,Norm,1Fam,1Story,4,6,1953,1953,Gable,VinylSd,VinylSd,None,0.0,2.0,2.0,CBlock,3.0,3.0,1.0,4.0,595.0,3.0,354.0,156.0,1105.0,3.0,Y,4.0,1647,0,0,1647,1.0,0.0,1,0,3,1,2.0,6,Min1,1,2.0,Attchd,1953.0,3.0,1.0,280.0,3.0,2.0,225,0,0,0,0,368,GdPrv,0,2,2007,WD ,Normal,153000,1,1,1,1,1,5,0,0,0,0,0,0,0,0,0,0,0
160,FV,24.0,2160,Pave,3.0,Lvl,Inside,2.0,Somerst,Norm,Twnhs,SLvl,7,5,1999,2000,Gable,VinylSd,VinylSd,BrkFace,216.0,3.0,2.0,PConc,4.0,3.0,1.0,6.0,600.0,1.0,0.0,72.0,672.0,4.0,Y,4.0,684,720,0,1404,1.0,0.0,2,1,3,1,3.0,5,Typ,0,0.0,Detchd,1999.0,1.0,2.0,462.0,3.0,2.0,20,0,0,0,0,0,NoFence,0,6,2008,WD ,Normal,170000,0,0,1,0,1,2,0,0,0,0,0,0,0,0,0,0,0
20,RL,62.0,14299,NoAlley,3.0,Lvl,Inside,2.0,Sawyer,Feedr,1Fam,1Story,4,3,1964,1964,Gable,HdBoard,HdBoard,None,0.0,2.0,2.0,CBlock,3.0,3.0,1.0,3.0,513.0,2.0,144.0,348.0,1005.0,2.0,Y,4.0,1005,0,0,1005,1.0,0.0,1,0,3,1,2.0,5,Typ,0,0.0,Detchd,1964.0,1.0,2.0,440.0,3.0,0.0,0,0,0,0,0,0,MnPrv,0,7,2007,WD ,Normal,115400,0,0,1,1,1,3,0,0,0,0,0,0,0,0,0,0,0
70,RL,60.0,7200,NoAlley,3.0,HLS,Inside,1.0,Crawfor,Norm,1Fam,2Story,7,6,1931,2000,Gable,Stucco,Wd Shng,None,0.0,2.0,1.0,BrkTil,4.0,3.0,1.0,1.0,0.0,1.0,0.0,776.0,776.0,2.0,Y,4.0,851,651,0,1502,0.0,0.0,1,1,3,1,2.0,6,Typ,1,4.0,Attchd,1931.0,2.0,1.0,270.0,3.0,1.0,0,0,112,0,0,0,MnPrv,0,2,2008,WD ,Normal,149000,0,1,1,1,1,4,0,0,0,0,0,0,0,0,0,0,0
45,RM,51.0,6120,NoAlley,3.0,Lvl,Corner,2.0,BrkSide,Norm,1Fam,1.5Unf,7,8,1929,2001,Gable,Wd Sdng,Wd Sdng,None,0.0,2.0,2.0,BrkTil,3.0,3.0,1.0,1.0,0.0,1.0,0.0,832.0,832.0,4.0,Y,3.0,854,0,0,854,0.0,0.0,1,0,2,1,2.0,5,Typ,0,0.0,Detchd,1991.0,1.0,2.0,576.0,3.0,2.0,48,112,0,0,0,0,GdPrv,0,7,2007,WD ,Normal,132000,0,0,1,1,1,3,0,0,0,0,0,0,0,0,0,0,0
20,RL,73.0,8925,NoAlley,2.0,HLS,Inside,2.0,Timber,Norm,1Fam,1Story,8,5,2007,2007,Gable,VinylSd,VinylSd,None,0.0,3.0,2.0,PConc,4.0,3.0,3.0,6.0,16.0,1.0,0.0,1450.0,1466.0,4.0,Y,4.0,1466,0,0,1466,0.0,0.0,2,0,3,1,3.0,7,Typ,0,0.0,Attchd,2007.0,3.0,3.0,610.0,3.0,2.0,100,18,0,0,0,0,NoFence,0,7,2009,WD ,Normal,201000,0,0,1,0,1,2,0,0,0,0,0,0,0,0,0,0,0
20,RL,65.0,10816,NoAlley,2.0,Lvl,Inside,2.0,CollgCr,Norm,1Fam,1Story,9,5,2008,2008,Gable,VinylSd,VinylSd,Stone,364.0,4.0,2.0,PConc,5.0,3.0,4.0,6.0,1104.0,1.0,0.0,616.0,1720.0,4.0,Y,4.0,1720,0,0,1720,1.0,0.0,2,0,3,1,4.0,8,Typ,1,4.0,Attchd,2008.0,2.0,3.0,846.0,3.0,2.0,208,104,0,0,0,0,NoFence,0,11,2009,WD ,Normal,332000,0,1,1,0,1,3,0,0,0,0,0,0,0,0,0,0,0
80,RL,70.0,8163,NoAlley,3.0,Lvl,Inside,2.0,NAmes,Norm,1Fam,SLvl,5,6,1959,1959,Gable,HdBoard,HdBoard,BrkFace,128.0,2.0,3.0,CBlock,3.0,3.0,3.0,5.0,748.0,4.0,294.0,102.0,1144.0,2.0,Y,4.0,1144,0,0,1144,1.0,0.0,1,0,3,1,2.0,6,Typ,1,3.0,Attchd,1959.0,2.0,1.0,796.0,3.0,2.0,86,0,0,0,0,0,NoFence,0,3,2006,WD ,Normal,143000,0,1,1,0,1,3,0,0,0,0,0,0,0,0,0,0,0
120,RL,61.0,7380,NoAlley,2.0,Lvl,Corner,2.0,StoneBr,Norm,1Fam,1Story,8,5,1998,1998,Gable,CemntBd,CmentBd,None,0.0,2.0,2.0,PConc,4.0,3.0,3.0,6.0,341.0,1.0,0.0,1077.0,1418.0,4.0,Y,4.0,1478,0,0,1478,1.0,0.0,2,0,2,1,2.0,5,Typ,0,0.0,Attchd,1998.0,3.0,2.0,495.0,3.0,2.0,168,43,0,0,0,0,NoFence,0,7,2009,WD ,Normal,240000,0,0,1,0,1,2,0,0,0,0,0,0,0,0,0,0,0
20,RL,85.0,10936,NoAlley,3.0,Lvl,Corner,2.0,Somerst,Feedr,1Fam,1Story,8,5,2006,2006,Gable,VinylSd,VinylSd,BrkFace,60.0,3.0,2.0,PConc,4.0,3.0,1.0,1.0,0.0,1.0,0.0,1504.0,1504.0,4.0,Y,4.0,1504,0,0,1504,0.0,0.0,2,0,3,1,3.0,7,Typ,0,0.0,Attchd,2006.0,3.0,2.0,510.0,3.0,2.0,144,0,0,0,0,0,NoFence,0,9,2006,New,Partial,199000,0,0,1,0,1,2,0,0,0,0,0,0,0,0,0,0,0
50,RL,60.0,9084,NoAlley,3.0,Lvl,Inside,2.0,Edwards,Artery,1Fam,1.5Fin,5,6,1941,1950,Gable,VinylSd,VinylSd,None,0.0,2.0,2.0,CBlock,3.0,2.0,2.0,2.0,236.0,3.0,380.0,0.0,616.0,2.0,N,4.0,616,495,0,1111,0.0,1.0,1,0,3,1,2.0,5,Typ,0,0.0,Detchd,1941.0,1.0,1.0,200.0,3.0,2.0,48,0,0,0,0,0,NoFence,0,3,2008,ConLw,Normal,95000,0,0,0,0,1,1,0,0,0,0,0,0,0,0,0,0,0
80,RL,75.0,13860,NoAlley,3.0,Lvl,Inside,2.0,NAmes,Norm,1Fam,SLvl,8,7,1972,1995,Gable,Plywood,Wd Sdng,None,0.0,3.0,2.0,CBlock,4.0,3.0,4.0,6.0,1410.0,1.0,0.0,542.0,1952.0,3.0,Y,4.0,2000,704,0,2704,1.0,0.0,2,1,4,1,4.0,9,Typ,3,3.0,Attchd,1972.0,3.0,2.0,538.0,3.0,2.0,269,111,0,0,0,0,MnPrv,0,7,2009,WD ,Normal,345000,0,1,1,1,1,4,0,0,0,0,0,0,0,0,0,0,0
60,RL,92.0,10732,NoAlley,2.0,Lvl,Corner,2.0,NridgHt,Norm,1Fam,2Story,8,5,2006,2007,Gable,VinylSd,VinylSd,None,0.0,3.0,2.0,PConc,4.0,3.0,1.0,1.0,0.0,1.0,0.0,1298.0,1298.0,4.0,Y,4.0,1298,530,0,1828,0.0,0.0,2,1,3,1,3.0,7,Typ,0,0.0,BuiltIn,2006.0,2.0,3.0,876.0,3.0,2.0,0,40,0,0,0,0,NoFence,0,2,2007,New,Partial,250000,0,0,1,0,1,2,0,0,0,0,0,0,0,0,0,0,0
60,RL,160.0,15623,NoAlley,2.0,Lvl,Corner,2.0,NoRidge,Norm,1Fam,2Story,10,5,1996,1996,Hip,Wd Sdng,ImStucc,None,0.0,3.0,2.0,PConc,5.0,3.0,3.0,6.0,2096.0,1.0,0.0,300.0,2396.0,4.0,Y,4.0,2411,2065,0,4476,1.0,0.0,3,1,4,1,4.0,10,Typ,2,3.0,Attchd,1996.0,3.0,3.0,813.0,3.0,2.0,171,78,0,0,0,555,MnPrv,0,7,2007,WD ,Abnorml,745000,1,1,1,1,1,5,0,0,0,0,0,0,0,0,0,0,0
60,RL,120.0,13975,NoAlley,2.0,Lvl,Corner,2.0,NridgHt,Norm,1Fam,2Story,9,5,2005,2006,Hip,VinylSd,VinylSd,BrkFace,525.0,3.0,2.0,PConc,4.0,3.0,3.0,1.0,0.0,1.0,0.0,1090.0,1090.0,4.0,Y,4.0,1117,1089,0,2206,0.0,0.0,2,1,4,1,4.0,10,Typ,1,4.0,BuiltIn,2005.0,3.0,3.0,670.0,3.0,2.0,148,95,0,0,0,0,NoFence,0,8,2006,New,Partial,300000,0,1,1,0,1,3,0,0,0,0,0,0,0,0,0,0,0
60,RL,63.0,8402,NoAlley,2.0,Lvl,Inside,2.0,Gilbert,Norm,1Fam,2Story,6,5,1998,1998,Gable,VinylSd,VinylSd,None,0.0,2.0,2.0,PConc,4.0,3.0,1.0,1.0,0.0,1.0,0.0,789.0,789.0,3.0,Y,4.0,789,676,0,1465,0.0,0.0,2,1,3,1,2.0,7,Typ,1,4.0,Attchd,1998.0,3.0,2.0,393.0,3.0,2.0,0,75,0,0,0,0,NoFence,0,5,2010,WD ,Normal,180400,0,1,1,0,1,3,0,0,0,0,0,0,0,0,0,0,0
20,RL,43.0,12118,NoAlley,2.0,Lvl,CulDSac,2.0,Mitchel,Norm,1Fam,1Story,7,5,2004,2005,Hip,VinylSd,VinylSd,Stone,108.0,3.0,2.0,PConc,5.0,3.0,2.0,1.0,0.0,1.0,0.0,1710.0,1710.0,4.0,Y,4.0,1710,0,0,1710,0.0,0.0,2,0,3,1,3.0,7,Typ,1,4.0,Attchd,2004.0,3.0,2.0,550.0,3.0,2.0,100,48,0,0,180,0,NoFence,0,4,2009,WD ,Normal,240000,0,1,1,0,1,3,0,0,0,0,0,0,0,0,0,0,0
45,RM,50.0,6900,NoAlley,3.0,Lvl,Corner,2.0,OldTown,Norm,1Fam,1.5Fin,6,7,1938,2000,Gable,MetalSd,MetalSd,None,0.0,2.0,2.0,PConc,4.0,3.0,1.0,1.0,0.0,1.0,0.0,827.0,827.0,3.0,Y,4.0,827,424,0,1251,0.0,0.0,1,0,3,1,1.0,6,Typ,0,0.0,Detchd,1938.0,1.0,1.0,240.0,2.0,0.0,0,0,0,0,0,0,NoFence,0,1,2010,WD ,Normal,119000,0,0,1,0,1,2,0,0,0,0,0,0,0,0,0,0,0
60,RL,92.0,9920,NoAlley,2.0,Lvl,CulDSac,2.0,NoRidge,Norm,1Fam,2Story,7,5,1996,1997,Gable,MetalSd,MetalSd,None,0.0,3.0,2.0,PConc,4.0,3.0,3.0,6.0,862.0,1.0,0.0,255.0,1117.0,4.0,Y,4.0,1127,886,0,2013,1.0,0.0,2,1,3,1,2.0,8,Typ,1,3.0,Attchd,1997.0,1.0,2.0,455.0,3.0,2.0,180,130,0,0,0,0,NoFence,0,6,2007,WD ,Normal,269790,0,1,1,0,1,3,0,0,0,0,0,0,0,0,0,0,0
20,RL,60.0,10044,NoAlley,2.0,Low,CulDSac,2.0,Edwards,Norm,1Fam,1Story,5,6,1968,1968,Gable,MetalSd,MetalSd,None,0.0,2.0,2.0,CBlock,4.0,3.0,4.0,5.0,1070.0,1.0,0.0,126.0,1196.0,2.0,Y,4.0,1196,0,0,1196,1.0,0.0,1,0,3,1,2.0,6,Typ,0,0.0,Attchd,1968.0,2.0,1.0,336.0,3.0,2.0,257,0,168,0,0,0,MnPrv,0,6,2010,WD ,Normal,144000,0,0,1,1,1,3,0,0,0,0,0,0,0,0,0,0,0
20,RL,61.0,33983,NoAlley,2.0,Lvl,Inside,2.0,Mitchel,Norm,1Fam,1Story,5,6,1977,1994,Gable,Plywood,Plywood,None,0.0,2.0,1.0,PConc,3.0,3.0,2.0,5.0,1112.0,1.0,0.0,48.0,1160.0,2.0,Y,4.0,1676,0,0,1676,1.0,0.0,1,1,3,1,3.0,6,Mod,2,3.0,Attchd,1977.0,2.0,2.0,672.0,3.0,1.0,690,90,0,0,0,0,GdPrv,0,5,2007,WD ,Normal,196000,0,1,1,1,1,4,0,0,0,0,0,0,0,0,0,0,0
50,RM,98.0,8820,NoAlley,3.0,Lvl,Corner,2.0,OldTown,Norm,1Fam,1.5Fin,5,6,1890,1996,Hip,VinylSd,VinylSd,None,0.0,2.0,2.0,BrkTil,3.0,3.0,1.0,2.0,1088.0,1.0,0.0,0.0,1088.0,2.0,Y,4.0,1188,561,120,1869,0.0,0.0,1,0,2,1,2.0,7,Typ,0,0.0,Detchd,1963.0,1.0,2.0,456.0,3.0,2.0,48,0,244,0,0,0,MnWw,0,9,2009,WD ,Normal,124900,0,0,1,1,1,3,0,0,0,0,0,0,0,0,0,0,0
90,RL,75.0,10125,NoAlley,3.0,Lvl,Inside,2.0,Mitchel,Norm,Duplex,1.5Fin,5,5,1977,1977,Gable,Plywood,Plywood,None,0.0,2.0,2.0,CBlock,0.0,0.0,0.0,0.0,0.0,0.0,0.0,0.0,0.0,2.0,Y,4.0,1302,432,0,1734,0.0,0.0,2,0,4,2,3.0,8,Typ,0,0.0,Attchd,1977.0,1.0,2.0,539.0,3.0,2.0,0,0,0,0,0,0,NoFence,0,8,2009,COD,Normal,126000,0,0,1,0,1,2,0,0,0,0,0,0,0,0,0,0,0
20,RM,49.0,5820,NoAlley,3.0,Lvl,Inside,2.0,OldTown,Norm,1Fam,1Story,3,8,1955,2005,Gable,VinylSd,VinylSd,None,0.0,2.0,3.0,CBlock,3.0,3.0,1.0,5.0,256.0,1.0,0.0,906.0,1162.0,4.0,Y,4.0,1163,0,0,1163,1.0,0.0,1,0,3,1,2.0,6,Typ,0,0.0,Attchd,1955.0,1.0,1.0,220.0,2.0,2.0,142,98,0,0,0,0,NoFence,0,7,2006,WD ,Normal,126175,0,0,1,0,1,2,0,0,0,0,0,0,0,0,0,0,0
30,RL,67.0,8777,NoAlley,3.0,Lvl,Inside,1.0,Edwards,Feedr,1Fam,1Story,3,6,1945,2007,Gable,VinylSd,VinylSd,None,0.0,2.0,3.0,CBlock,0.0,0.0,0.0,0.0,0.0,0.0,0.0,0.0,0.0,2.0,N,4.0,640,0,0,640,0.0,0.0,1,0,2,1,2.0,5,Min1,0,0.0,Detchd,1945.0,1.0,1.0,240.0,3.0,0.0,0,0,0,0,0,0,NoFence,0,4,2010,ConLD,Normal,84900,0,0,0,0,1,1,0,0,0,0,0,0,0,0,0,0,0
20,RL,86.0,13286,NoAlley,2.0,Lvl,Inside,2.0,Edwards,Norm,1Fam,1Story,9,5,2007,2008,Hip,CemntBd,CmentBd,Stone,340.0,4.0,2.0,PConc,5.0,3.0,1.0,6.0,1234.0,1.0,0.0,464.0,1698.0,4.0,Y,4.0,1698,0,0,1698,1.0,0.0,2,0,3,1,4.0,8,Typ,1,4.0,Attchd,2007.0,3.0,3.0,768.0,3.0,2.0,327,64,0,0,0,0,NoFence,0,2,2009,WD ,Normal,320000,0,1,1,0,1,3,0,0,0,0,0,0,0,0,0,0,0
70,RM,60.0,3600,Grvl,3.0,Lvl,Inside,2.0,OldTown,Norm,1Fam,2Story,5,7,1930,2005,Gambrel,VinylSd,VinylSd,None,0.0,2.0,3.0,BrkTil,3.0,2.0,1.0,3.0,316.0,1.0,0.0,371.0,687.0,3.0,Y,4.0,687,671,0,1358,0.0,0.0,1,1,3,1,3.0,6,Typ,1,4.0,Detchd,2004.0,1.0,1.0,336.0,3.0,2.0,0,32,0,0,0,0,MnPrv,0,7,2007,WD ,Partial,124500,0,1,1,1,1,4,0,0,0,0,0,0,0,0,0,0,0
30,RM,60.0,9786,NoAlley,3.0,Lvl,Inside,2.0,IDOTRR,Norm,1Fam,1Story,3,4,1922,1950,Hip,Wd Sdng,Wd Sdng,None,0.0,2.0,2.0,BrkTil,3.0,2.0,1.0,1.0,0.0,1.0,0.0,1007.0,1007.0,1.0,N,4.0,1077,0,0,1077,0.0,0.0,1,0,3,1,2.0,6,Typ,1,4.0,Detchd,1922.0,1.0,1.0,210.0,3.0,1.0,0,100,48,0,0,0,NoFence,0,5,2006,WD ,Normal,91000,0,1,0,0,1,2,0,0,0,0,0,0,0,0,0,0,0
20,RL,73.0,8760,NoAlley,3.0,Lvl,Inside,2.0,NAmes,Norm,1Fam,1Story,6,6,1959,1959,Hip,MetalSd,MetalSd,BrkFace,220.0,2.0,2.0,CBlock,3.0,3.0,1.0,1.0,0.0,1.0,0.0,1194.0,1194.0,2.0,Y,4.0,1194,0,0,1194,1.0,0.0,1,0,3,1,2.0,6,Typ,0,0.0,Attchd,1959.0,2.0,1.0,312.0,3.0,2.0,0,0,120,0,0,0,NoFence,0,4,2010,WD ,Normal,148000,0,0,1,0,1,2,0,0,0,0,0,0,0,0,0,0,0
20,RL,70.0,12198,NoAlley,2.0,Lvl,Inside,2.0,NAmes,Norm,1Fam,1Story,5,6,1955,1975,Gable,VinylSd,VinylSd,None,0.0,2.0,2.0,CBlock,3.0,3.0,3.0,3.0,780.0,1.0,0.0,424.0,1204.0,2.0,Y,4.0,1411,0,0,1411,0.0,0.0,1,0,3,1,2.0,7,Typ,1,3.0,Attchd,1955.0,2.0,1.0,310.0,3.0,2.0,278,82,0,0,0,0,NoFence,0,6,2007,COD,Normal,130000,0,1,1,0,1,3,0,0,0,0,0,0,0,0,0,0,0
20,RL,61.0,9758,NoAlley,2.0,Lvl,Inside,2.0,NAmes,Norm,1Fam,1Story,5,5,1971,1971,Gable,HdBoard,MetalSd,None,0.0,2.0,2.0,CBlock,3.0,3.0,1.0,4.0,412.0,2.0,287.0,251.0,950.0,2.0,Y,4.0,950,0,0,950,0.0,0.0,1,0,3,1,2.0,5,Typ,0,0.0,Detchd,1981.0,1.0,1.0,280.0,3.0,2.0,0,0,0,0,0,0,NoFence,0,7,2007,WD ,Normal,119500,0,0,1,0,1,2,0,0,0,0,0,0,0,0,0,0,0
20,RL,85.0,10200,NoAlley,3.0,Lvl,Inside,2.0,NAmes,Norm,1Fam,1Story,6,5,1974,1974,Hip,Plywood,Plywood,BrkFace,440.0,2.0,2.0,CBlock,3.0,3.0,1.0,2.0,844.0,1.0,0.0,590.0,1434.0,2.0,Y,4.0,1434,0,0,1434,1.0,0.0,2,0,4,1,2.0,7,Typ,1,4.0,Attchd,1974.0,2.0,2.0,528.0,3.0,2.0,80,21,0,0,0,0,NoFence,0,6,2009,WD ,Normal,157000,0,1,1,0,1,3,0,0,0,0,0,0,0,0,0,0,0
20,RL,70.0,7560,NoAlley,3.0,Lvl,Inside,2.0,NAmes,Norm,1Fam,1Story,5,6,1958,1965,Hip,BrkFace,Plywood,None,0.0,2.0,2.0,CBlock,3.0,3.0,1.0,2.0,504.0,1.0,0.0,525.0,1029.0,2.0,Y,4.0,1339,0,0,1339,0.0,0.0,1,0,3,1,2.0,6,Min1,0,0.0,Attchd,1958.0,1.0,1.0,294.0,3.0,2.0,0,0,0,0,0,0,MnPrv,0,5,2009,COD,Abnorml,139000,0,0,1,1,1,3,0,0,0,0,0,0,0,0,0,0,0
60,RL,64.0,13031,NoAlley,1.0,Lvl,Corner,2.0,Gilbert,Norm,1Fam,2Story,6,5,1995,1996,Gable,HdBoard,HdBoard,None,0.0,2.0,2.0,PConc,4.0,3.0,1.0,5.0,592.0,1.0,0.0,99.0,691.0,3.0,Y,4.0,691,807,0,1498,0.0,0.0,2,1,3,1,2.0,6,Typ,1,3.0,Attchd,1995.0,3.0,2.0,409.0,3.0,2.0,315,44,0,0,0,0,NoFence,0,7,2006,WD ,Normal,187500,0,1,1,0,1,3,0,0,0,0,0,0,0,0,0,0,0
20,RL,141.0,31770,NoAlley,2.0,Lvl,Corner,2.0,NAmes,Norm,1Fam,1Story,6,5,1960,1960,Hip,BrkFace,Plywood,Stone,112.0,2.0,2.0,CBlock,3.0,4.0,4.0,4.0,639.0,1.0,0.0,441.0,1080.0,1.0,Y,4.0,1656,0,0,1656,1.0,0.0,1,0,3,1,2.0,7,Typ,2,4.0,Attchd,1960.0,3.0,2.0,528.0,3.0,1.0,210,62,0,0,0,0,NoFence,0,5,2010,WD ,Normal,215000,0,1,1,0,1,3,0,0,0,0,0,0,0,0,0,0,0
60,RL,80.0,12936,NoAlley,2.0,Lvl,CulDSac,2.0,NWAmes,Norm,1Fam,2Story,6,6,1972,1972,Gable,HdBoard,Plywood,None,0.0,2.0,2.0,CBlock,3.0,4.0,1.0,4.0,593.0,1.0,0.0,130.0,723.0,2.0,Y,4.0,735,660,0,1395,0.0,1.0,1,1,3,1,2.0,6,Typ,1,3.0,Attchd,1972.0,1.0,2.0,497.0,3.0,2.0,294,116,0,0,0,0,NoFence,0,12,2009,WD ,Normal,162000,0,1,1,0,1,3,0,0,0,0,0,0,0,0,0,0,0
20,RL,73.0,12160,NoAlley,2.0,Lvl,Inside,2.0,NAmes,Norm,1Fam,1Story,5,5,1959,1959,Hip,Plywood,Plywood,BrkFace,180.0,2.0,2.0,CBlock,3.0,3.0,1.0,3.0,1000.0,1.0,0.0,188.0,1188.0,1.0,Y,4.0,1188,0,0,1188,1.0,0.0,1,0,3,1,2.0,6,Typ,0,0.0,Attchd,1959.0,2.0,2.0,531.0,3.0,2.0,0,0,0,0,0,0,MnPrv,0,5,2010,COD,Abnorml,142000,0,0,1,1,1,3,0,0,0,0,0,0,0,0,0,0,0
50,RL,80.0,18837,NoAlley,2.0,Lvl,Inside,2.0,NWAmes,Norm,1Fam,1.5Fin,6,5,1978,1978,Gable,MetalSd,MetalSd,None,0.0,2.0,2.0,PConc,4.0,3.0,2.0,5.0,687.0,2.0,46.0,491.0,1224.0,2.0,Y,4.0,1287,604,0,1891,0.0,1.0,3,0,3,1,2.0,7,Typ,1,3.0,Attchd,1978.0,2.0,2.0,678.0,3.0,2.0,0,69,0,0,0,0,NoFence,0,4,2010,WD ,Normal,212500,0,1,1,0,1,3,0,0,0,0,0,0,0,0,0,0,0
20,RL,74.0,9079,NoAlley,2.0,Lvl,Inside,2.0,Sawyer,Norm,1Fam,1Story,5,5,1961,1961,Gable,Wd Sdng,Plywood,None,0.0,2.0,2.0,CBlock,3.0,3.0,1.0,4.0,864.0,1.0,0.0,0.0,864.0,2.0,Y,4.0,864,0,0,864,0.0,0.0,1,0,2,1,2.0,5,Typ,0,0.0,Attchd,1961.0,1.0,1.0,440.0,3.0,2.0,158,0,0,0,0,0,NoFence,0,7,2009,WD ,Normal,122000,0,0,1,0,1,2,0,0,0,0,0,0,0,0,0,0,0
20,RL,75.0,9525,NoAlley,3.0,Lvl,Inside,2.0,Edwards,Norm,1Fam,1Story,5,7,1954,1998,Gable,WdShing,Wd Shng,None,0.0,2.0,2.0,CBlock,3.0,3.0,3.0,4.0,954.0,1.0,0.0,218.0,1172.0,2.0,Y,4.0,1172,0,0,1172,1.0,0.0,1,0,3,1,2.0,5,Typ,0,0.0,Attchd,1954.0,3.0,1.0,366.0,3.0,2.0,240,0,0,0,0,0,NoFence,0,6,2010,WD ,Normal,128000,0,0,1,0,1,2,0,0,0,0,0,0,0,0,0,0,0
50,RL,60.0,9780,NoAlley,3.0,Lvl,Inside,2.0,Edwards,Norm,1Fam,1.5Fin,5,3,1934,1950,Gable,MetalSd,MetalSd,None,0.0,2.0,2.0,PConc,3.0,3.0,1.0,1.0,0.0,1.0,0.0,585.0,585.0,2.0,N,3.0,687,425,0,1112,1.0,0.0,2,0,4,1,2.0,6,Typ,0,0.0,Detchd,1934.0,1.0,1.0,226.0,1.0,0.0,0,0,0,0,0,0,NoFence,0,3,2009,WD ,Normal,63000,0,0,0,0,1,1,0,0,0,0,0,0,0,0,0,0,0
20,FV,62.0,7500,Pave,3.0,Lvl,Inside,2.0,Somerst,Norm,1Fam,1Story,7,5,2005,2005,Gable,VinylSd,VinylSd,None,0.0,3.0,2.0,PConc,4.0,3.0,1.0,1.0,0.0,1.0,0.0,1257.0,1257.0,4.0,Y,4.0,1266,0,0,1266,0.0,0.0,2,0,3,1,3.0,6,Typ,1,3.0,Attchd,2005.0,1.0,2.0,453.0,3.0,2.0,38,144,0,0,0,0,NoFence,0,4,2006,WD ,Normal,176000,0,1,1,0,1,3,0,0,0,0,0,0,0,0,0,0,0
80,RL,74.0,7176,NoAlley,2.0,Lvl,CulDSac,2.0,Sawyer,Norm,1Fam,SLvl,6,6,1978,1978,Gable,HdBoard,HdBoard,BrkFace,200.0,2.0,2.0,CBlock,3.0,4.0,4.0,6.0,794.0,1.0,0.0,166.0,960.0,1.0,Y,4.0,1040,0,0,1040,1.0,0.0,1,0,3,1,2.0,6,Typ,1,2.0,Detchd,1979.0,1.0,2.0,616.0,3.0,2.0,131,0,0,0,180,0,GdPrv,0,7,2006,WD ,Normal,160500,0,1,1,1,1,4,0,0,0,0,0,0,0,0,0,0,0
160,FV,30.0,3180,Pave,3.0,Lvl,Inside,2.0,Somerst,Norm,TwnhsE,2Story,7,5,2005,2005,Gable,MetalSd,MetalSd,None,0.0,2.0,2.0,PConc,4.0,3.0,1.0,1.0,0.0,1.0,0.0,600.0,600.0,4.0,Y,4.0,520,600,80,1200,0.0,0.0,2,1,2,1,3.0,4,Typ,0,0.0,Detchd,2005.0,2.0,2.0,480.0,3.0,2.0,0,166,0,0,0,0,NoFence,0,6,2006,WD ,Normal,151000,0,0,1,0,1,2,0,0,0,0,0,0,0,0,0,0,0
90,RL,64.0,7804,NoAlley,3.0,Lvl,Inside,2.0,SWISU,Norm,Duplex,2.5Unf,6,7,1930,1950,Gable,Stucco,Stucco,None,0.0,2.0,2.0,BrkTil,3.0,3.0,1.0,5.0,281.0,3.0,679.0,0.0,960.0,4.0,Y,4.0,960,960,0,1920,2.0,0.0,2,2,4,2,2.0,10,Typ,2,4.0,Detchd,1930.0,1.0,2.0,480.0,3.0,2.0,248,0,121,0,0,0,NoFence,0,7,2008,WD ,Abnorml,161900,0,1,1,0,1,3,0,0,0,0,0,0,0,0,0,0,0
80,RL,64.0,8530,NoAlley,2.0,Lvl,Inside,2.0,Gilbert,Norm,1Fam,SLvl,7,5,1995,1996,Gable,HdBoard,HdBoard,BrkFace,22.0,2.0,2.0,PConc,4.0,3.0,1.0,1.0,0.0,1.0,0.0,384.0,384.0,3.0,Y,4.0,804,670,0,1474,0.0,0.0,2,1,3,1,2.0,7,Typ,1,3.0,BuiltIn,1995.0,3.0,2.0,400.0,3.0,2.0,120,72,0,0,0,0,NoFence,700,5,2009,WD ,Normal,168500,0,1,1,0,1,3,0,0,0,0,0,0,0,0,0,0,0
20,RL,80.0,11305,NoAlley,3.0,Lvl,Inside,2.0,Timber,Norm,1Fam,1Story,8,5,2002,2002,Hip,VinylSd,VinylSd,BrkFace,886.0,3.0,2.0,PConc,4.0,3.0,3.0,6.0,1329.0,1.0,0.0,593.0,1922.0,4.0,Y,4.0,1922,0,0,1922,1.0,0.0,2,0,2,1,3.0,6,Typ,1,5.0,Attchd,2002.0,3.0,3.0,692.0,3.0,2.0,201,64,0,0,0,0,NoFence,0,4,2007,WD ,Normal,282000,0,1,1,0,1,3,0,0,0,0,0,0,0,0,0,0,0
30,RL,60.0,10200,NoAlley,3.0,Lvl,Inside,2.0,Sawyer,Norm,1Fam,1Story,5,8,1940,1997,Gable,Wd Sdng,Wd Sdng,None,0.0,2.0,2.0,PConc,3.0,3.0,1.0,1.0,0.0,1.0,0.0,672.0,672.0,4.0,Y,4.0,672,0,0,672,0.0,0.0,1,0,2,1,2.0,4,Typ,0,0.0,Detchd,1940.0,1.0,1.0,240.0,3.0,0.0,168,0,0,0,0,0,GdPrv,0,8,2008,WD ,Normal,108000,0,0,1,1,1,3,0,0,0,0,0,0,0,0,0,0,0
20,RL,60.0,7200,NoAlley,3.0,Lvl,Inside,2.0,NAmes,Norm,1Fam,1Story,4,4,1971,1971,Gable,HdBoard,HdBoard,None,0.0,2.0,2.0,CBlock,3.0,3.0,1.0,3.0,20.0,2.0,620.0,224.0,864.0,2.0,Y,4.0,874,0,0,874,0.0,1.0,1,0,3,1,2.0,5,Typ,0,0.0,Detchd,1995.0,1.0,2.0,576.0,3.0,2.0,63,0,0,0,0,0,NoFence,0,3,2006,WD ,Normal,97500,0,0,1,0,1,2,0,0,0,0,0,0,0,0,0,0,0
30,RM,71.0,6900,NoAlley,3.0,Lvl,Inside,2.0,IDOTRR,Norm,1Fam,1Story,5,6,1940,1955,Gable,VinylSd,VinylSd,None,0.0,2.0,2.0,CBlock,3.0,3.0,1.0,5.0,403.0,3.0,125.0,212.0,740.0,4.0,Y,4.0,778,0,0,778,0.0,0.0,1,0,2,1,2.0,4,Typ,1,4.0,Detchd,1966.0,3.0,1.0,924.0,5.0,2.0,0,25,0,0,0,0,NoFence,0,2,2008,WD ,Normal,120500,0,1,1,0,1,3,0,0,0,0,0,0,0,0,0,0,0
20,RL,65.0,7917,NoAlley,2.0,Lvl,Corner,2.0,Edwards,Norm,1Fam,1Story,6,7,1976,1976,Hip,HdBoard,HdBoard,BrkFace,174.0,2.0,3.0,CBlock,3.0,4.0,1.0,4.0,751.0,1.0,0.0,392.0,1143.0,2.0,Y,4.0,1113,0,0,1113,1.0,0.0,1,1,3,1,2.0,6,Typ,1,2.0,Attchd,1987.0,2.0,1.0,504.0,3.0,2.0,370,30,0,0,0,0,GdPrv,0,5,2007,WD ,Normal,148000,0,1,1,1,1,4,0,0,0,0,0,0,0,0,0,0,0
60,RL,69.0,7590,NoAlley,3.0,Lvl,Inside,2.0,NAmes,PosN,1Fam,2Story,6,5,1966,1966,Gable,VinylSd,VinylSd,BrkFace,266.0,2.0,2.0,CBlock,3.0,3.0,1.0,4.0,512.0,1.0,0.0,148.0,660.0,2.0,Y,4.0,660,688,0,1348,0.0,0.0,1,1,3,1,2.0,6,Typ,1,2.0,Attchd,1966.0,2.0,2.0,453.0,3.0,2.0,188,108,0,0,0,0,NoFence,0,7,2006,WD ,Normal,155000,0,1,1,0,1,3,0,0,0,0,0,0,0,0,0,0,0
70,RM,68.0,9928,Grvl,3.0,Lvl,Inside,2.0,OldTown,Norm,1Fam,2Story,7,8,1915,1994,Gable,Wd Sdng,Wd Sdng,None,0.0,2.0,3.0,BrkTil,3.0,3.0,1.0,1.0,0.0,1.0,0.0,672.0,672.0,1.0,Y,4.0,1272,672,0,1944,0.0,0.0,2,0,3,1,2.0,8,Min2,0,0.0,Detchd,1915.0,1.0,1.0,216.0,3.0,0.0,24,28,0,0,0,0,NoFence,400,6,2009,WD ,Normal,179900,0,0,1,0,1,2,0,0,0,0,0,0,0,0,0,0,0
20,RL,64.0,6410,NoAlley,3.0,HLS,Inside,1.0,Edwards,Norm,1Fam,1Story,4,5,1959,1959,Gable,AsbShng,AsbShng,None,0.0,2.0,2.0,CBlock,3.0,3.0,1.0,2.0,332.0,3.0,243.0,301.0,876.0,2.0,Y,3.0,876,0,0,876,0.0,0.0,1,0,3,1,2.0,5,Typ,0,0.0,Detchd,1959.0,1.0,1.0,320.0,3.0,2.0,0,0,0,0,0,0,MnPrv,0,3,2009,WD ,Normal,85000,0,0,1,1,1,3,0,0,0,0,0,0,0,0,0,0,0
70,RM,50.0,10300,NoAlley,2.0,Bnk,Inside,2.0,OldTown,RRAn,1Fam,2Story,7,6,1921,1950,Gable,Stucco,Stucco,None,0.0,2.0,2.0,BrkTil,3.0,3.0,1.0,1.0,0.0,1.0,0.0,576.0,576.0,3.0,Y,4.0,902,808,0,1710,0.0,0.0,2,0,3,1,2.0,9,Typ,0,0.0,Detchd,1990.0,1.0,2.0,480.0,3.0,2.0,12,11,64,0,0,0,GdPrv,0,4,2010,WD ,Normal,140000,0,0,1,1,1,3,0,0,0,0,0,0,0,0,0,0,0
70,C (all),50.0,8500,Pave,3.0,Lvl,Inside,2.0,IDOTRR,Feedr,1Fam,2Story,4,4,1920,1950,Gambrel,BrkFace,BrkFace,None,0.0,2.0,1.0,BrkTil,3.0,3.0,1.0,1.0,0.0,1.0,0.0,649.0,649.0,2.0,N,4.0,649,668,0,1317,0.0,0.0,1,0,3,1,2.0,6,Typ,0,0.0,Detchd,1920.0,1.0,1.0,250.0,3.0,0.0,0,54,172,0,0,0,MnPrv,0,7,2008,WD ,Normal,40000,0,0,0,1,1,2,0,0,0,0,0,0,0,0,0,0,0
20,RL,60.0,7436,NoAlley,3.0,Lvl,Inside,2.0,NAmes,Norm,1Fam,1Story,4,7,1960,1960,Gable,VinylSd,VinylSd,None,0.0,2.0,2.0,CBlock,3.0,3.0,1.0,5.0,734.0,1.0,0.0,160.0,894.0,3.0,Y,4.0,894,0,0,894,1.0,0.0,1,0,2,1,2.0,5,Typ,1,1.0,Detchd,1988.0,1.0,2.0,396.0,3.0,2.0,0,0,0,360,0,0,GdWo,0,8,2009,WD ,Normal,141500,0,1,1,1,1,4,0,0,0,0,0,0,0,0,0,0,0
120,RL,41.0,4923,NoAlley,3.0,Lvl,Inside,2.0,StoneBr,Norm,TwnhsE,1Story,8,5,2001,2002,Gable,CemntBd,CmentBd,None,0.0,3.0,2.0,PConc,5.0,3.0,3.0,6.0,1153.0,1.0,0.0,440.0,1593.0,4.0,Y,4.0,1593,0,0,1593,1.0,0.0,1,1,0,1,4.0,5,Typ,1,4.0,Attchd,2001.0,3.0,2.0,682.0,3.0,2.0,0,120,0,0,224,0,NoFence,0,8,2008,WD ,Normal,286000,0,1,1,0,1,3,0,0,0,0,0,0,0,0,0,0,0
20,FV,65.0,8125,NoAlley,3.0,Lvl,Corner,2.0,Somerst,Norm,1Fam,1Story,8,5,2008,2009,Hip,VinylSd,VinylSd,BrkFace,288.0,3.0,2.0,PConc,4.0,3.0,1.0,1.0,0.0,1.0,0.0,1836.0,1836.0,4.0,Y,4.0,1836,0,0,1836,0.0,0.0,2,0,3,1,3.0,8,Typ,1,4.0,Attchd,2009.0,3.0,2.0,517.0,3.0,2.0,0,175,0,0,0,0,NoFence,0,10,2009,New,Partial,264500,0,1,1,0,1,3,0,0,0,0,0,0,0,0,0,0,0
120,RL,68.0,7820,NoAlley,2.0,Lvl,Inside,2.0,NridgHt,Norm,TwnhsE,1Story,9,5,2007,2007,Hip,MetalSd,MetalSd,BrkFace,362.0,4.0,2.0,PConc,5.0,3.0,1.0,1.0,0.0,1.0,0.0,1869.0,1869.0,4.0,Y,4.0,1869,0,0,1869,0.0,0.0,2,0,2,1,4.0,6,Typ,1,4.0,Attchd,2007.0,2.0,2.0,617.0,3.0,2.0,210,54,0,0,0,0,NoFence,0,12,2007,New,Partial,318061,0,1,1,0,1,3,0,0,0,0,0,0,0,0,0,0,0
120,RL,46.0,4054,NoAlley,2.0,Lvl,Inside,2.0,Timber,Norm,TwnhsE,1Story,7,6,1987,1987,Gable,VinylSd,VinylSd,BrkFace,352.0,3.0,2.0,BrkTil,4.0,3.0,3.0,6.0,949.0,1.0,0.0,552.0,1501.0,4.0,Y,4.0,1501,0,0,1501,1.0,0.0,2,0,2,1,3.0,5,Typ,2,3.0,Attchd,1987.0,3.0,2.0,512.0,3.0,2.0,240,0,0,0,0,0,NoFence,0,10,2007,WD ,Normal,244000,0,1,1,0,1,3,0,0,0,0,0,0,0,0,0,0,0
20,RL,80.0,9790,NoAlley,3.0,Lvl,Inside,2.0,NWAmes,Feedr,1Fam,1Story,6,5,1963,1963,Hip,HdBoard,HdBoard,BrkFace,451.0,2.0,2.0,CBlock,3.0,3.0,1.0,5.0,569.0,3.0,81.0,678.0,1328.0,2.0,Y,4.0,1328,0,0,1328,1.0,0.0,1,1,3,1,2.0,6,Typ,2,4.0,Attchd,1963.0,1.0,2.0,528.0,3.0,2.0,0,26,0,0,0,0,NoFence,0,6,2010,WD ,Normal,143000,0,1,1,0,1,3,0,0,0,0,0,0,0,0,0,0,0
20,RL,73.0,17600,NoAlley,2.0,Lvl,Inside,2.0,NAmes,Norm,1Fam,1Story,6,5,1960,1960,Gable,Wd Sdng,Wd Sdng,BrkFace,30.0,2.0,2.0,CBlock,3.0,3.0,1.0,4.0,1270.0,1.0,0.0,208.0,1478.0,4.0,Y,3.0,1478,0,0,1478,1.0,0.0,2,0,3,1,2.0,6,Typ,2,4.0,Attchd,1960.0,1.0,2.0,498.0,3.0,2.0,0,40,0,0,0,0,NoFence,0,12,2009,WD ,Normal,157500,0,1,1,0,1,3,0,0,0,0,0,0,0,0,0,0,0
70,RM,60.0,9600,Grvl,3.0,Lvl,Inside,2.0,OldTown,Norm,1Fam,2Story,5,7,1910,2002,Gable,Wd Sdng,Wd Shng,None,0.0,2.0,3.0,BrkTil,2.0,2.0,1.0,1.0,0.0,1.0,0.0,264.0,264.0,4.0,Y,4.0,768,664,0,1432,0.0,0.0,2,0,2,1,2.0,7,Typ,0,0.0,Detchd,1910.0,1.0,2.0,360.0,3.0,2.0,270,0,112,0,0,0,GdPrv,0,5,2007,WD ,Abnorml,132000,0,0,1,1,1,3,0,0,0,0,0,0,0,0,0,0,0
20,RL,93.0,11160,NoAlley,3.0,Lvl,Corner,2.0,NAmes,Norm,1Fam,1Story,7,5,1968,1968,Hip,BrkFace,BrkFace,None,0.0,3.0,2.0,CBlock,3.0,3.0,1.0,5.0,1065.0,1.0,0.0,1045.0,2110.0,4.0,Y,4.0,2110,0,0,2110,1.0,0.0,2,1,3,1,4.0,8,Typ,2,3.0,Attchd,1968.0,3.0,2.0,522.0,3.0,2.0,0,0,0,0,0,0,NoFence,0,4,2010,WD ,Normal,244000,0,1,1,0,1,3,0,0,0,0,0,0,0,0,0,0,0
120,RL,50.0,8012,NoAlley,3.0,Lvl,Inside,2.0,SawyerW,Norm,TwnhsE,1Story,6,5,1980,1980,Gable,Plywood,Plywood,None,0.0,2.0,2.0,CBlock,4.0,3.0,1.0,4.0,543.0,4.0,119.0,261.0,923.0,2.0,Y,4.0,923,0,0,923,0.0,0.0,2,0,2,1,2.0,5,Typ,1,3.0,Attchd,1980.0,2.0,1.0,264.0,3.0,2.0,80,0,0,0,0,0,NoFence,0,5,2010,WD ,Normal,143000,0,1,1,0,1,3,0,0,0,0,0,0,0,0,0,0,0
60,FV,106.0,8413,NoAlley,2.0,Lvl,Inside,2.0,Somerst,Norm,1Fam,2Story,8,5,1998,1998,Gable,VinylSd,VinylSd,None,0.0,3.0,3.0,PConc,5.0,3.0,2.0,6.0,901.0,1.0,0.0,319.0,1220.0,4.0,Y,4.0,1220,1142,0,2362,1.0,0.0,2,1,3,1,3.0,8,Typ,2,3.0,Attchd,1998.0,2.0,2.0,1105.0,4.0,2.0,147,0,36,0,144,0,NoFence,0,6,2007,WD ,Normal,312500,0,1,1,0,1,3,0,0,0,0,0,0,0,0,0,0,0
60,RL,64.0,24682,NoAlley,0.0,Lvl,CulDSac,2.0,Gilbert,RRAn,1Fam,2Story,6,5,1999,1999,Gable,VinylSd,VinylSd,None,0.0,2.0,2.0,PConc,4.0,3.0,1.0,1.0,0.0,1.0,0.0,841.0,841.0,4.0,Y,4.0,892,783,0,1675,0.0,0.0,2,1,3,1,2.0,7,Typ,1,3.0,BuiltIn,1999.0,3.0,2.0,502.0,3.0,2.0,0,103,0,0,0,0,NoFence,0,6,2009,WD ,Normal,181000,0,1,1,0,1,3,0,0,0,0,0,0,0,0,0,0,0
20,RL,80.0,9938,NoAlley,3.0,Lvl,Inside,2.0,SawyerW,Norm,1Fam,1Story,7,5,1994,1994,Gable,HdBoard,HdBoard,BrkFace,251.0,3.0,2.0,PConc,4.0,3.0,1.0,6.0,1271.0,1.0,0.0,331.0,1602.0,4.0,Y,4.0,1626,0,0,1626,1.0,0.0,2,1,3,1,3.0,7,Typ,1,3.0,Attchd,1994.0,2.0,2.0,534.0,3.0,2.0,424,40,0,0,0,0,NoFence,0,4,2008,WD ,Normal,226500,0,1,1,0,1,3,0,0,0,0,0,0,0,0,0,0,0
60,RL,78.0,9978,NoAlley,2.0,Lvl,Inside,2.0,Gilbert,Norm,1Fam,2Story,6,6,1998,1998,Gable,VinylSd,VinylSd,BrkFace,20.0,2.0,2.0,PConc,3.0,3.0,1.0,6.0,602.0,1.0,0.0,324.0,926.0,4.0,Y,4.0,926,678,0,1604,0.0,0.0,2,1,3,1,3.0,7,Typ,1,4.0,Attchd,1998.0,3.0,2.0,470.0,3.0,2.0,360,36,0,0,0,0,NoFence,0,6,2010,WD ,Normal,195500,0,1,1,0,1,3,0,0,0,0,0,0,0,0,0,0,0
50,RM,100.0,12665,Grvl,2.0,Lvl,Inside,2.0,OldTown,Artery,1Fam,1.5Fin,5,8,1915,1950,Gable,Wd Sdng,Wd Sdng,None,0.0,2.0,2.0,BrkTil,3.0,3.0,2.0,1.0,0.0,1.0,0.0,876.0,876.0,3.0,Y,4.0,876,540,0,1416,0.0,0.0,1,1,4,1,2.0,7,Typ,1,4.0,Detchd,1949.0,1.0,3.0,720.0,3.0,2.0,418,0,194,0,0,0,NoFence,0,6,2008,WD ,Normal,153900,0,1,1,0,1,3,0,0,0,0,0,0,0,0,0,0,0
20,RL,100.0,21750,NoAlley,3.0,Lvl,Inside,2.0,Mitchel,Norm,1Fam,1Story,5,4,1960,2006,Hip,HdBoard,HdBoard,BrkFace,75.0,2.0,1.0,Slab,0.0,0.0,0.0,0.0,0.0,0.0,0.0,0.0,0.0,2.0,Y,4.0,1771,0,0,1771,0.0,0.0,1,0,3,1,2.0,9,Min1,1,3.0,Attchd,1960.0,1.0,2.0,336.0,3.0,2.0,0,0,0,0,0,0,GdPrv,0,11,2009,WD ,Normal,115000,0,1,1,1,1,4,0,0,0,0,0,0,0,0,0,0,0
160,FV,24.0,2645,Pave,3.0,Lvl,Inside,2.0,Somerst,Norm,Twnhs,2Story,8,5,1999,2000,Gable,MetalSd,MetalSd,BrkFace,456.0,3.0,2.0,PConc,4.0,3.0,1.0,6.0,649.0,1.0,0.0,321.0,970.0,4.0,Y,4.0,983,756,0,1739,1.0,0.0,2,1,3,1,3.0,7,Typ,0,0.0,Attchd,1999.0,3.0,2.0,480.0,3.0,2.0,115,0,0,0,0,0,NoFence,0,8,2009,WD ,Abnorml,172500,0,0,1,0,1,2,0,0,0,0,0,0,0,0,0,0,0
20,RL,60.0,11100,NoAlley,3.0,Low,Inside,2.0,Edwards,Norm,1Fam,1Story,4,7,1946,2006,Gable,MetalSd,MetalSd,None,0.0,2.0,2.0,CBlock,0.0,0.0,0.0,0.0,0.0,0.0,0.0,0.0,0.0,4.0,Y,4.0,930,0,0,930,0.0,0.0,1,0,2,1,3.0,6,Typ,0,0.0,Detchd,1946.0,1.0,1.0,308.0,3.0,2.0,0,0,0,0,0,0,NoFence,0,4,2010,WD ,Abnorml,84900,0,0,1,0,1,2,0,0,0,0,0,0,0,0,0,0,0
20,RL,91.0,12274,NoAlley,2.0,Lvl,FR2,2.0,Somerst,Norm,1Fam,1Story,7,5,2008,2008,Gable,VinylSd,VinylSd,Stone,256.0,3.0,2.0,PConc,4.0,3.0,1.0,1.0,0.0,1.0,0.0,1417.0,1417.0,4.0,Y,4.0,1428,0,0,1428,0.0,0.0,2,0,3,1,4.0,6,Typ,0,0.0,Attchd,2008.0,2.0,2.0,554.0,3.0,2.0,0,60,0,0,0,0,NoFence,0,7,2008,New,Partial,227680,0,0,1,0,1,2,0,0,0,0,0,0,0,0,0,0,0
120,FV,73.0,3830,Pave,2.0,Lvl,Inside,2.0,Somerst,Norm,TwnhsE,1Story,6,5,2008,2008,Gable,VinylSd,VinylSd,Stone,280.0,3.0,2.0,PConc,4.0,3.0,1.0,1.0,0.0,1.0,0.0,1726.0,1726.0,4.0,Y,4.0,1726,0,0,1726,0.0,0.0,2,1,2,1,3.0,6,Typ,1,4.0,Attchd,2008.0,3.0,2.0,561.0,3.0,2.0,0,254,0,0,0,0,NoFence,0,1,2009,New,Partial,222000,0,1,1,0,1,3,0,0,0,0,0,0,0,0,0,0,0
60,RL,70.0,9337,NoAlley,2.0,Lvl,Inside,2.0,CollgCr,Norm,1Fam,2Story,7,5,1997,1998,Gable,VinylSd,VinylSd,None,0.0,2.0,2.0,PConc,4.0,3.0,1.0,5.0,353.0,1.0,0.0,525.0,878.0,4.0,Y,4.0,892,800,0,1692,0.0,0.0,2,1,3,1,2.0,8,Typ,1,3.0,Attchd,1997.0,2.0,2.0,513.0,3.0,2.0,0,39,0,0,0,0,NoFence,0,4,2010,WD ,Normal,191000,0,1,1,0,1,3,0,0,0,0,0,0,0,0,0,0,0
60,RL,71.0,12209,NoAlley,2.0,Lvl,CulDSac,2.0,Mitchel,Norm,1Fam,2Story,6,5,2001,2002,Gable,VinylSd,VinylSd,None,0.0,2.0,2.0,PConc,5.0,3.0,1.0,5.0,690.0,1.0,0.0,114.0,804.0,4.0,Y,4.0,804,1157,0,1961,1.0,0.0,2,1,3,1,3.0,7,Typ,1,3.0,BuiltIn,2001.0,3.0,2.0,560.0,3.0,2.0,125,192,0,0,0,0,NoFence,0,6,2009,WD ,Normal,215000,0,1,1,0,1,3,0,0,0,0,0,0,0,0,0,0,0
30,RM,48.0,5747,NoAlley,3.0,Lvl,Inside,2.0,OldTown,Norm,1Fam,1Story,3,4,1920,1950,Gable,Wd Sdng,Wd Sdng,None,0.0,2.0,2.0,PConc,3.0,3.0,1.0,1.0,0.0,1.0,0.0,798.0,798.0,3.0,Y,4.0,840,0,0,840,0.0,0.0,1,0,2,1,1.0,5,Typ,0,0.0,Detchd,1938.0,1.0,1.0,250.0,3.0,0.0,112,0,0,0,0,0,NoFence,0,6,2006,WD ,Normal,64000,0,0,1,0,1,2,0,0,0,0,0,0,0,0,0,0,0
20,RL,72.0,10007,NoAlley,2.0,Lvl,Inside,2.0,NAmes,Norm,1Fam,1Story,5,7,1959,2006,Gable,HdBoard,HdBoard,BrkFace,54.0,3.0,2.0,CBlock,3.0,3.0,1.0,5.0,806.0,1.0,0.0,247.0,1053.0,4.0,Y,4.0,1053,0,0,1053,1.0,0.0,1,1,3,1,3.0,5,Typ,0,0.0,Attchd,1959.0,2.0,1.0,312.0,3.0,2.0,0,0,0,0,0,0,MnPrv,0,8,2008,WD ,Normal,145500,0,0,1,1,1,3,0,0,0,0,0,0,0,0,0,0,0
20,RL,90.0,15750,NoAlley,3.0,Lvl,FR3,2.0,CollgCr,Feedr,1Fam,1Story,8,5,1999,2000,Gable,VinylSd,VinylSd,BrkFace,260.0,3.0,2.0,PConc,4.0,3.0,4.0,6.0,1246.0,1.0,0.0,216.0,1462.0,4.0,Y,4.0,1513,0,0,1513,1.0,0.0,2,0,2,1,3.0,5,Typ,1,3.0,Attchd,1999.0,3.0,2.0,521.0,3.0,2.0,135,34,0,0,0,0,NoFence,0,6,2009,WD ,Normal,220000,0,1,1,0,1,3,0,0,0,0,0,0,0,0,0,0,0
60,RL,60.0,21930,NoAlley,0.0,Lvl,Inside,2.0,Gilbert,RRAn,1Fam,2Story,5,5,2005,2005,Gable,VinylSd,VinylSd,None,0.0,3.0,2.0,PConc,4.0,4.0,3.0,1.0,0.0,1.0,0.0,732.0,732.0,4.0,Y,4.0,734,1104,0,1838,0.0,0.0,2,1,4,1,2.0,7,Typ,1,4.0,BuiltIn,2005.0,3.0,2.0,372.0,3.0,2.0,100,40,0,0,0,0,NoFence,0,7,2006,WD ,Normal,192140,0,1,1,0,1,3,0,0,0,0,0,0,0,0,0,0,0
60,RL,92.0,10120,NoAlley,3.0,Lvl,Inside,2.0,NoRidge,Norm,1Fam,2Story,8,5,1994,1994,Hip,VinylSd,VinylSd,BrkFace,391.0,3.0,2.0,PConc,4.0,3.0,1.0,6.0,740.0,1.0,0.0,425.0,1165.0,4.0,Y,4.0,1203,1323,0,2526,1.0,0.0,2,1,4,1,3.0,8,Typ,1,3.0,Attchd,1994.0,2.0,3.0,844.0,3.0,2.0,309,78,0,0,0,0,NoFence,0,12,2006,WD ,Normal,290000,0,1,1,0,1,3,0,0,0,0,0,0,0,0,0,0,0
20,RL,85.0,11900,NoAlley,3.0,Lvl,Inside,2.0,NWAmes,Norm,1Fam,1Story,7,5,1977,1977,Hip,Plywood,Plywood,BrkFace,209.0,2.0,3.0,CBlock,3.0,3.0,1.0,5.0,822.0,1.0,0.0,564.0,1386.0,2.0,Y,4.0,1411,0,0,1411,0.0,0.0,2,0,3,1,2.0,6,Typ,1,3.0,Attchd,1977.0,3.0,2.0,544.0,3.0,2.0,192,0,0,0,0,0,NoFence,0,4,2009,WD ,Family,82500,0,1,1,0,1,3,0,0,0,0,0,0,0,0,0,0,0
20,FV,60.0,7180,Pave,2.0,Lvl,Inside,2.0,Somerst,Norm,1Fam,1Story,8,5,2001,2002,Gable,CemntBd,CmentBd,None,0.0,3.0,2.0,PConc,4.0,3.0,1.0,1.0,0.0,1.0,0.0,1568.0,1568.0,4.0,Y,4.0,1568,0,0,1568,0.0,0.0,2,0,3,1,3.0,6,Typ,1,3.0,Attchd,2001.0,2.0,2.0,564.0,3.0,2.0,0,266,0,0,0,0,NoFence,0,9,2006,WD ,Normal,221000,0,1,1,0,1,3,0,0,0,0,0,0,0,0,0,0,0
20,RL,115.0,16905,NoAlley,3.0,Lvl,Inside,2.0,Timber,Norm,1Fam,1Story,5,6,1959,1959,Gable,VinylSd,VinylSd,None,0.0,2.0,3.0,CBlock,3.0,3.0,4.0,4.0,967.0,1.0,0.0,383.0,1350.0,3.0,Y,4.0,1328,0,0,1328,0.0,1.0,1,1,2,1,2.0,5,Typ,2,4.0,Attchd,1959.0,2.0,1.0,308.0,3.0,1.0,0,104,0,0,0,0,NoFence,0,7,2007,WD ,Normal,170000,0,1,1,0,1,3,0,0,0,0,0,0,0,0,0,0,0
20,RL,80.0,10682,NoAlley,3.0,Lvl,Inside,2.0,Edwards,Norm,1Fam,1Story,4,6,1960,1971,Gable,HdBoard,HdBoard,None,0.0,2.0,2.0,CBlock,3.0,3.0,1.0,6.0,399.0,1.0,0.0,615.0,1014.0,2.0,Y,4.0,1149,0,0,1149,1.0,0.0,1,0,3,1,2.0,7,Min1,0,0.0,2Types,1968.0,3.0,1.0,544.0,3.0,2.0,0,240,0,0,0,0,MnPrv,0,7,2009,WD ,Normal,127000,0,0,1,1,1,3,0,0,0,0,0,0,0,0,0,0,0
20,RL,70.0,9216,NoAlley,2.0,Lvl,Inside,2.0,CollgCr,Norm,1Fam,1Story,5,6,1975,1975,Gable,HdBoard,HdBoard,BrkFace,176.0,2.0,2.0,CBlock,3.0,3.0,3.0,5.0,294.0,1.0,0.0,782.0,1076.0,2.0,Y,4.0,1076,0,0,1076,0.0,0.0,1,1,3,1,2.0,5,Typ,1,2.0,Detchd,1985.0,1.0,2.0,576.0,3.0,2.0,0,0,0,0,0,0,MnPrv,0,9,2008,WD ,Abnorml,143195,0,1,1,1,1,4,0,0,0,0,0,0,0,0,0,0,0
20,RL,63.0,13072,NoAlley,3.0,Lvl,Inside,2.0,SawyerW,RRAe,1Fam,1Story,6,5,2005,2005,Gable,VinylSd,VinylSd,None,0.0,3.0,2.0,PConc,4.0,3.0,1.0,1.0,0.0,1.0,0.0,1141.0,1141.0,4.0,Y,4.0,1141,0,0,1141,0.0,0.0,1,1,3,1,2.0,6,Typ,0,0.0,Detchd,2005.0,1.0,2.0,484.0,3.0,2.0,0,0,0,0,0,0,NoFence,0,3,2006,WD ,Abnorml,142500,0,0,1,0,1,2,0,0,0,0,0,0,0,0,0,0,0
30,RM,59.0,8263,NoAlley,3.0,Bnk,Inside,1.0,IDOTRR,Norm,1Fam,1Story,6,5,1920,1950,Gable,BrkFace,BrkFace,None,0.0,2.0,2.0,BrkTil,3.0,3.0,1.0,1.0,0.0,1.0,0.0,1012.0,1012.0,2.0,Y,3.0,1012,0,0,1012,0.0,0.0,1,0,2,1,2.0,6,Typ,1,4.0,Detchd,1920.0,1.0,1.0,308.0,3.0,2.0,0,22,112,0,0,0,MnPrv,0,5,2007,WD ,Normal,118400,0,1,1,1,1,4,0,0,0,0,0,0,0,0,0,0,0
120,RL,41.0,5330,NoAlley,3.0,Lvl,Inside,2.0,StoneBr,Norm,TwnhsE,1Story,8,5,2000,2000,Gable,CemntBd,CmentBd,None,0.0,3.0,2.0,PConc,4.0,3.0,3.0,6.0,1196.0,1.0,0.0,298.0,1494.0,4.0,Y,4.0,1652,0,0,1652,1.0,0.0,2,0,2,1,4.0,6,Typ,0,0.0,Attchd,2000.0,2.0,2.0,499.0,3.0,2.0,96,48,0,0,0,0,NoFence,0,8,2007,WD ,Normal,251000,0,0,1,0,1,2,0,0,0,0,0,0,0,0,0,0,0
20,RL,110.0,14977,NoAlley,2.0,Lvl,Inside,2.0,NridgHt,Norm,1Fam,1Story,8,5,2006,2007,Gable,VinylSd,VinylSd,BrkFace,304.0,3.0,2.0,PConc,5.0,3.0,4.0,6.0,1350.0,1.0,0.0,626.0,1976.0,4.0,Y,4.0,1976,0,0,1976,1.0,0.0,2,0,2,1,3.0,7,Typ,1,5.0,Attchd,2006.0,2.0,3.0,908.0,3.0,2.0,250,63,0,0,0,0,NoFence,0,7,2007,New,Partial,440000,0,1,1,0,1,3,0,0,0,0,0,0,0,0,0,0,0
50,RL,74.0,13650,NoAlley,3.0,Lvl,Inside,2.0,Sawyer,Norm,1Fam,1.5Fin,5,5,1958,1958,Gable,MetalSd,MetalSd,None,0.0,3.0,3.0,CBlock,3.0,3.0,1.0,5.0,57.0,4.0,441.0,554.0,1052.0,4.0,Y,4.0,1252,668,0,1920,1.0,0.0,2,0,4,1,3.0,8,Typ,1,4.0,Attchd,1958.0,1.0,2.0,451.0,3.0,2.0,0,0,0,0,0,0,NoFence,0,7,2006,WD ,Normal,172500,0,1,1,0,1,3,0,0,0,0,0,0,0,0,0,0,0
70,RL,66.0,9042,NoAlley,3.0,Lvl,Inside,2.0,Crawfor,Norm,1Fam,2Story,7,9,1941,2006,Gable,CemntBd,CmentBd,None,0.0,4.0,3.0,Stone,3.0,4.0,1.0,6.0,275.0,1.0,0.0,877.0,1152.0,4.0,Y,4.0,1188,1152,0,2340,0.0,0.0,2,0,4,1,3.0,9,Typ,2,4.0,Attchd,1941.0,2.0,1.0,252.0,3.0,2.0,0,60,0,0,0,0,GdPrv,2500,5,2010,WD ,Normal,266500,0,1,1,1,1,4,0,0,0,0,0,0,0,0,0,0,0
20,RL,80.0,7936,NoAlley,3.0,Lvl,Inside,2.0,NAmes,Norm,1Fam,1Story,6,6,1963,1963,Hip,HdBoard,HdBoard,None,0.0,2.0,2.0,CBlock,3.0,3.0,1.0,4.0,826.0,1.0,0.0,219.0,1045.0,2.0,Y,4.0,1045,0,0,1045,1.0,0.0,1,0,3,1,2.0,6,Typ,1,2.0,Attchd,1963.0,2.0,1.0,264.0,3.0,2.0,0,0,0,0,0,0,NoFence,0,4,2009,WD ,Normal,127000,0,1,1,0,1,3,0,0,0,0,0,0,0,0,0,0,0
20,RL,80.0,13600,NoAlley,3.0,Bnk,Inside,2.0,NAmes,Norm,1Fam,1Story,5,6,1955,1955,Gable,HdBoard,HdBoard,None,0.0,2.0,2.0,CBlock,3.0,3.0,1.0,3.0,144.0,4.0,912.0,0.0,1056.0,3.0,Y,4.0,1056,0,0,1056,1.0,0.0,1,1,3,1,2.0,6,Typ,0,0.0,Attchd,1955.0,3.0,1.0,300.0,3.0,2.0,0,0,0,0,0,0,MnPrv,650,11,2006,WD ,Normal,125000,0,0,1,1,1,3,0,0,0,0,0,0,0,0,0,0,0
60,RL,70.0,9019,NoAlley,2.0,Lvl,Inside,2.0,SawyerW,RRAe,1Fam,2Story,6,5,1994,1994,Gable,VinylSd,VinylSd,None,0.0,2.0,2.0,PConc,4.0,3.0,1.0,5.0,274.0,1.0,0.0,362.0,636.0,4.0,Y,4.0,636,684,0,1320,0.0,0.0,2,1,3,1,3.0,6,Typ,0,0.0,Attchd,1994.0,3.0,2.0,472.0,3.0,2.0,0,40,0,0,0,0,NoFence,0,7,2006,WD ,Normal,150000,0,0,1,0,1,2,0,0,0,0,0,0,0,0,0,0,0
20,RL,90.0,13377,NoAlley,3.0,Lvl,Corner,2.0,CollgCr,Norm,1Fam,1Story,6,5,2006,2006,Hip,VinylSd,VinylSd,None,0.0,3.0,2.0,PConc,4.0,3.0,1.0,6.0,1576.0,1.0,0.0,260.0,1836.0,3.0,Y,4.0,1846,0,0,1846,1.0,0.0,2,0,3,1,3.0,7,Typ,1,4.0,Attchd,2006.0,2.0,2.0,495.0,3.0,2.0,0,32,0,0,0,0,NoFence,0,7,2006,New,Partial,233555,0,1,1,0,1,3,0,0,0,0,0,0,0,0,0,0,0
90,RL,74.0,18890,NoAlley,2.0,Lvl,Inside,2.0,Sawyer,Feedr,Duplex,1.5Fin,5,5,1977,1977,Shed,Plywood,Plywood,BrkFace,1.0,2.0,2.0,CBlock,4.0,3.0,1.0,6.0,498.0,3.0,211.0,652.0,1361.0,4.0,Y,4.0,1361,1259,0,2620,0.0,0.0,2,2,4,2,2.0,12,Typ,1,3.0,BuiltIn,1977.0,2.0,2.0,600.0,3.0,0.0,155,24,145,0,0,0,NoFence,8300,8,2007,WD ,Normal,190000,0,1,1,0,1,3,0,0,0,0,0,0,0,0,0,0,0
85,RL,72.0,9129,NoAlley,3.0,Lvl,Inside,2.0,Mitchel,Norm,1Fam,SFoyer,5,5,1977,1977,Gable,Plywood,Plywood,BrkFace,144.0,2.0,2.0,PConc,4.0,3.0,3.0,6.0,923.0,1.0,0.0,0.0,923.0,2.0,Y,4.0,1008,0,0,1008,1.0,0.0,1,0,1,1,3.0,4,Typ,1,2.0,Attchd,1977.0,3.0,2.0,678.0,3.0,2.0,201,66,0,0,0,0,MnPrv,0,7,2007,WD ,Normal,153500,0,1,1,1,1,4,0,0,0,0,0,0,0,0,0,0,0
60,RL,63.0,10475,NoAlley,3.0,Lvl,Inside,2.0,Mitchel,Norm,1Fam,2Story,5,5,1991,1991,Gable,HdBoard,HdBoard,None,0.0,2.0,2.0,PConc,4.0,3.0,1.0,3.0,458.0,1.0,0.0,166.0,624.0,3.0,Y,4.0,624,650,0,1274,0.0,0.0,1,1,3,1,2.0,6,Typ,0,0.0,Detchd,1993.0,1.0,2.0,576.0,3.0,2.0,22,0,0,0,0,0,GdWo,0,3,2010,WD ,Normal,136000,0,0,1,1,1,3,0,0,0,0,0,0,0,0,0,0,0
20,RL,58.0,9280,NoAlley,3.0,Lvl,Inside,2.0,Edwards,Norm,1Fam,1Story,5,6,1951,1951,Gable,Wd Sdng,Wd Sdng,None,0.0,2.0,2.0,CBlock,2.0,3.0,1.0,5.0,557.0,1.0,0.0,785.0,1342.0,4.0,Y,4.0,1342,0,0,1342,1.0,0.0,1,0,4,1,2.0,7,Typ,0,0.0,Detchd,1951.0,1.0,1.0,256.0,3.0,2.0,0,0,0,0,0,0,NoFence,0,4,2007,WD ,Normal,125000,0,0,1,0,1,2,0,0,0,0,0,0,0,0,0,0,0
30,C (all),120.0,18000,NoAlley,3.0,Low,Inside,2.0,IDOTRR,Norm,1Fam,1Story,3,4,1935,1950,Gable,MetalSd,MetalSd,None,0.0,1.0,2.0,CBlock,3.0,3.0,1.0,1.0,0.0,1.0,0.0,894.0,894.0,2.0,Y,4.0,894,0,0,894,0.0,0.0,1,0,2,1,2.0,6,Typ,0,0.0,Detchd,1994.0,2.0,3.0,1248.0,3.0,2.0,0,20,0,0,0,0,NoFence,560,8,2008,ConLD,Normal,81000,0,0,1,0,1,2,0,0,0,0,0,0,0,0,0,0,0
80,RL,80.0,9600,NoAlley,3.0,Lvl,FR2,2.0,Veenker,Feedr,1Fam,SLvl,6,7,1976,1994,Hip,Plywood,Plywood,BrkFace,360.0,3.0,3.0,CBlock,3.0,3.0,1.0,1.0,0.0,1.0,0.0,528.0,528.0,4.0,Y,4.0,1094,761,0,1855,0.0,0.0,2,1,3,1,2.0,7,Typ,1,3.0,Attchd,1976.0,2.0,2.0,512.0,3.0,2.0,113,100,0,0,0,0,NoFence,0,8,2007,WD ,Normal,187000,0,1,1,0,1,3,0,0,0,0,0,0,0,0,0,0,0
60,RL,86.0,11839,NoAlley,3.0,Lvl,Inside,2.0,SawyerW,Norm,1Fam,2Story,7,5,1990,1990,Hip,HdBoard,HdBoard,BrkFace,99.0,2.0,2.0,PConc,4.0,3.0,1.0,6.0,1085.0,1.0,0.0,390.0,1475.0,4.0,Y,4.0,1532,797,0,2329,1.0,0.0,2,1,4,1,3.0,10,Typ,1,5.0,Attchd,1990.0,1.0,2.0,514.0,3.0,2.0,192,121,0,0,0,0,NoFence,0,5,2008,WD ,Normal,262280,0,1,1,0,1,3,0,0,0,0,0,0,0,0,0,0,0
50,RL,80.0,17120,NoAlley,3.0,Lvl,Inside,2.0,ClearCr,Feedr,1Fam,1.5Fin,4,4,1959,1959,Gable,WdShing,Plywood,None,0.0,2.0,2.0,CBlock,0.0,0.0,0.0,0.0,0.0,0.0,0.0,0.0,0.0,2.0,Y,4.0,1120,468,0,1588,0.0,0.0,2,0,4,1,2.0,7,Min2,1,4.0,Detchd,1991.0,3.0,2.0,680.0,3.0,0.0,0,59,0,0,0,0,NoFence,0,7,2008,WD ,Normal,134432,0,1,1,0,1,3,0,0,0,0,0,0,0,0,0,0,0
70,RM,60.0,9720,Grvl,3.0,Lvl,Inside,2.0,OldTown,Norm,1Fam,2Story,6,7,1910,2002,Gable,MetalSd,MetalSd,None,0.0,2.0,2.0,PConc,3.0,3.0,1.0,1.0,0.0,1.0,0.0,741.0,741.0,4.0,Y,4.0,780,741,0,1521,0.0,0.0,1,0,4,1,3.0,8,Typ,0,0.0,Detchd,1950.0,1.0,3.0,640.0,3.0,2.0,0,0,238,0,0,0,MnPrv,0,9,2009,WD ,Normal,146500,0,0,1,1,1,3,0,0,0,0,0,0,0,0,0,0,0
20,RL,86.0,14157,NoAlley,2.0,HLS,Corner,2.0,StoneBr,Norm,1Fam,1Story,9,5,2005,2006,Hip,VinylSd,VinylSd,Stone,200.0,3.0,2.0,PConc,5.0,3.0,4.0,6.0,1249.0,1.0,0.0,673.0,1922.0,4.0,Y,4.0,1922,0,0,1922,1.0,0.0,2,0,3,1,3.0,8,Typ,1,4.0,Attchd,2005.0,3.0,3.0,676.0,3.0,2.0,178,51,0,0,0,0,NoFence,0,7,2007,WD ,Normal,377426,0,1,1,0,1,3,0,0,0,0,0,0,0,0,0,0,0
80,RL,120.0,19296,NoAlley,3.0,Lvl,Corner,2.0,NAmes,Artery,1Fam,SLvl,6,5,1962,1962,Gable,Wd Sdng,Wd Sdng,BrkFace,399.0,2.0,2.0,CBlock,3.0,3.0,4.0,3.0,672.0,5.0,690.0,0.0,1362.0,2.0,Y,4.0,1382,0,0,1382,1.0,0.0,1,0,3,1,2.0,6,Typ,1,3.0,Attchd,1991.0,1.0,2.0,884.0,3.0,2.0,0,0,252,0,0,0,GdWo,0,5,2009,WD ,Normal,176000,0,1,1,1,1,4,0,0,0,0,0,0,0,0,0,0,0
20,RL,110.0,15274,NoAlley,2.0,Lvl,Corner,2.0,NridgHt,Norm,1Fam,1Story,9,5,2003,2003,Hip,VinylSd,VinylSd,BrkFace,724.0,3.0,2.0,PConc,5.0,3.0,1.0,6.0,1972.0,1.0,0.0,480.0,2452.0,4.0,Y,4.0,2452,0,0,2452,2.0,0.0,2,0,3,1,4.0,10,Typ,1,4.0,Attchd,2003.0,3.0,3.0,886.0,3.0,2.0,0,116,0,0,0,0,MnPrv,0,7,2009,WD ,Normal,445000,0,1,1,1,1,4,0,0,0,0,0,0,0,0,0,0,0
20,RL,60.0,9000,NoAlley,3.0,Lvl,FR2,2.0,NAmes,Norm,1Fam,1Story,4,6,1971,1971,Gable,HdBoard,HdBoard,None,0.0,2.0,2.0,PConc,3.0,3.0,1.0,5.0,616.0,1.0,0.0,248.0,864.0,2.0,Y,4.0,864,0,0,864,0.0,0.0,1,0,3,1,2.0,5,Typ,0,0.0,Detchd,1974.0,1.0,2.0,528.0,3.0,2.0,0,0,0,0,0,0,GdWo,0,5,2007,WD ,Normal,120500,0,0,1,1,1,3,0,0,0,0,0,0,0,0,0,0,0
20,RL,80.0,9600,NoAlley,3.0,Lvl,Inside,2.0,NAmes,Norm,1Fam,1Story,5,7,1950,2007,Gable,MetalSd,MetalSd,None,0.0,3.0,2.0,CBlock,3.0,3.0,1.0,5.0,607.0,1.0,0.0,506.0,1113.0,3.0,Y,4.0,1113,0,0,1113,0.0,0.0,1,0,3,1,3.0,5,Typ,1,4.0,Attchd,1950.0,1.0,1.0,264.0,3.0,2.0,0,80,120,0,0,0,NoFence,0,7,2009,WD ,Normal,147000,0,1,1,0,1,3,0,0,0,0,0,0,0,0,0,0,0
20,RL,85.0,14331,NoAlley,3.0,Lvl,Inside,2.0,Timber,Norm,1Fam,1Story,8,5,2002,2002,Hip,VinylSd,VinylSd,BrkFace,630.0,3.0,2.0,PConc,5.0,3.0,4.0,6.0,1274.0,1.0,0.0,526.0,1800.0,4.0,Y,4.0,1800,0,0,1800,1.0,0.0,2,0,3,1,3.0,7,Typ,1,4.0,Attchd,2002.0,3.0,3.0,765.0,3.0,2.0,270,78,0,0,0,0,NoFence,0,5,2006,WD ,Normal,312500,0,1,1,0,1,3,0,0,0,0,0,0,0,0,0,0,0
60,RL,70.0,8750,NoAlley,3.0,Lvl,Inside,2.0,CollgCr,Norm,1Fam,2Story,7,5,1994,1995,Gable,VinylSd,VinylSd,None,0.0,3.0,3.0,PConc,4.0,3.0,1.0,6.0,642.0,1.0,0.0,273.0,915.0,4.0,Y,4.0,933,975,0,1908,1.0,0.0,2,1,4,1,3.0,8,Typ,1,3.0,Attchd,1994.0,1.0,2.0,493.0,3.0,2.0,144,133,0,0,0,0,NoFence,0,7,2008,WD ,Normal,210000,0,1,1,0,1,3,0,0,0,0,0,0,0,0,0,0,0
50,RM,59.0,5310,NoAlley,3.0,Lvl,Corner,2.0,OldTown,Feedr,1Fam,1.5Fin,6,8,1910,2003,Hip,VinylSd,VinylSd,None,0.0,2.0,3.0,CBlock,3.0,2.0,1.0,1.0,0.0,1.0,0.0,485.0,485.0,3.0,Y,4.0,1001,634,0,1635,0.0,0.0,1,0,2,1,3.0,5,Typ,0,0.0,Attchd,1950.0,1.0,1.0,255.0,2.0,2.0,394,0,0,0,0,0,NoFence,0,6,2006,WD ,Normal,117000,0,0,1,0,1,2,0,0,0,0,0,0,0,0,0,0,0
20,RL,80.0,10800,NoAlley,3.0,Lvl,Inside,2.0,NAmes,PosA,1Fam,1Story,6,6,1961,1992,Gable,HdBoard,HdBoard,BrkFace,104.0,2.0,2.0,CBlock,3.0,3.0,1.0,3.0,913.0,1.0,0.0,400.0,1313.0,2.0,Y,4.0,1773,0,0,1773,1.0,0.0,2,0,3,1,2.0,6,Min2,2,3.0,Attchd,1961.0,2.0,2.0,418.0,3.0,2.0,355,98,0,0,144,0,NoFence,0,8,2006,WD ,Normal,183000,0,1,1,0,1,3,0,0,0,0,0,0,0,0,0,0,0
20,RL,75.0,9533,NoAlley,3.0,Lvl,Inside,2.0,NAmes,Norm,1Fam,1Story,5,5,1953,1953,Hip,Wd Sdng,Wd Sdng,BrkFace,140.0,2.0,2.0,Slab,0.0,0.0,0.0,0.0,0.0,0.0,0.0,0.0,0.0,2.0,Y,3.0,1210,0,0,1210,0.0,0.0,1,1,2,1,2.0,7,Typ,0,0.0,Attchd,1953.0,3.0,1.0,616.0,3.0,2.0,208,0,100,0,0,0,MnPrv,0,8,2009,ConLD,Normal,102900,0,0,1,1,1,3,0,0,0,0,0,0,0,0,0,0,0
120,RL,24.0,2280,NoAlley,3.0,Lvl,FR2,2.0,NPkVill,Norm,Twnhs,1Story,7,6,1975,1975,Gable,Plywood,Brk Cmn,None,0.0,2.0,2.0,CBlock,4.0,3.0,1.0,1.0,0.0,1.0,0.0,836.0,836.0,4.0,Y,4.0,836,0,0,836,0.0,0.0,1,0,2,1,2.0,4,Typ,0,0.0,Attchd,1975.0,1.0,1.0,308.0,3.0,2.0,0,30,0,0,0,0,NoFence,0,6,2010,WD ,Normal,120000,0,0,1,0,1,2,0,0,0,0,0,0,0,0,0,0,0
20,RL,85.0,7915,NoAlley,2.0,Lvl,Inside,2.0,Timber,Norm,1Fam,1Story,6,5,1999,2000,Hip,VinylSd,VinylSd,None,0.0,3.0,2.0,PConc,5.0,3.0,2.0,6.0,1223.0,1.0,0.0,443.0,1666.0,4.0,Y,4.0,1675,0,0,1675,1.0,0.0,2,0,3,1,3.0,6,Typ,0,0.0,Attchd,1999.0,2.0,2.0,435.0,3.0,2.0,165,52,0,0,0,0,NoFence,0,12,2008,WD ,Normal,195000,0,0,1,0,1,2,0,0,0,0,0,0,0,0,0,0,0
60,RL,70.0,8883,NoAlley,2.0,Lvl,Inside,2.0,SawyerW,Norm,1Fam,2Story,7,5,1988,1988,Gable,HdBoard,HdBoard,BrkFace,360.0,3.0,2.0,PConc,4.0,3.0,1.0,6.0,608.0,2.0,321.0,0.0,929.0,4.0,Y,4.0,946,927,0,1873,1.0,0.0,2,1,3,1,3.0,7,Typ,1,3.0,Attchd,1988.0,2.0,2.0,619.0,3.0,2.0,108,48,0,0,144,0,GdPrv,0,5,2007,WD ,Normal,207000,0,1,1,1,1,4,0,0,0,0,0,0,0,0,0,0,0
20,RL,65.0,11200,NoAlley,2.0,Lvl,CulDSac,2.0,Edwards,Norm,1Fam,1Story,5,3,1964,1964,Gable,Wd Sdng,Wd Sdng,None,0.0,2.0,1.0,CBlock,3.0,3.0,2.0,1.0,0.0,1.0,0.0,1250.0,1250.0,4.0,Y,4.0,1298,0,0,1298,0.0,0.0,2,0,3,1,2.0,5,Typ,0,0.0,Detchd,1964.0,1.0,2.0,504.0,3.0,0.0,0,144,0,0,0,0,NoFence,0,6,2010,COD,Normal,114000,0,0,1,0,1,2,0,0,0,0,0,0,0,0,0,0,0
60,RL,80.0,10791,NoAlley,3.0,Lvl,Inside,2.0,NWAmes,Norm,1Fam,2Story,6,5,1993,1993,Gable,MetalSd,MetalSd,None,0.0,2.0,2.0,PConc,4.0,3.0,2.0,6.0,1137.0,1.0,0.0,143.0,1280.0,4.0,Y,4.0,1280,1215,0,2495,1.0,0.0,2,1,4,1,3.0,9,Typ,1,3.0,Attchd,1993.0,1.0,2.0,660.0,3.0,2.0,224,32,0,0,0,0,NoFence,0,3,2010,WD ,Normal,243500,0,1,1,0,1,3,0,0,0,0,0,0,0,0,0,0,0
20,RL,80.0,9600,NoAlley,3.0,Lvl,Inside,2.0,NAmes,Norm,1Fam,1Story,5,8,1950,2006,Gable,HdBoard,HdBoard,None,0.0,2.0,3.0,CBlock,3.0,3.0,1.0,4.0,32.0,3.0,308.0,232.0,572.0,3.0,Y,4.0,1337,0,0,1337,1.0,0.0,1,0,3,1,3.0,7,Typ,1,4.0,Attchd,1950.0,2.0,1.0,264.0,3.0,2.0,0,192,0,0,0,0,NoFence,0,9,2008,WD ,Normal,141500,0,1,1,0,1,3,0,0,0,0,0,0,0,0,0,0,0
20,FV,80.0,8000,NoAlley,3.0,Lvl,Inside,2.0,Somerst,Norm,1Fam,1Story,7,5,2002,2002,Gable,VinylSd,VinylSd,None,0.0,3.0,2.0,PConc,4.0,3.0,1.0,6.0,833.0,1.0,0.0,659.0,1492.0,4.0,Y,4.0,1492,0,0,1492,1.0,0.0,2,0,3,1,3.0,6,Typ,1,4.0,Attchd,2002.0,2.0,2.0,596.0,3.0,2.0,277,137,0,0,0,0,NoFence,0,4,2010,WD ,Normal,230000,0,1,1,0,1,3,0,0,0,0,0,0,0,0,0,0,0
60,RL,80.0,9938,NoAlley,3.0,Lvl,Inside,2.0,SawyerW,Norm,1Fam,2Story,7,5,1993,1994,Gable,MetalSd,MetalSd,BrkFace,246.0,3.0,2.0,PConc,4.0,3.0,1.0,6.0,750.0,1.0,0.0,300.0,1050.0,4.0,Y,4.0,1062,887,0,1949,1.0,0.0,2,1,3,1,3.0,8,Typ,1,3.0,Attchd,1993.0,3.0,2.0,574.0,3.0,2.0,156,90,0,0,0,0,GdPrv,0,6,2010,WD ,Normal,236000,0,1,1,1,1,4,0,0,0,0,0,0,0,0,0,0,0
20,FV,92.0,9215,NoAlley,3.0,Lvl,Inside,2.0,Somerst,Norm,1Fam,1Story,7,5,2009,2010,Hip,VinylSd,VinylSd,None,0.0,3.0,2.0,PConc,4.0,3.0,1.0,1.0,0.0,1.0,0.0,1218.0,1218.0,4.0,Y,4.0,1218,0,0,1218,0.0,0.0,2,0,2,1,3.0,4,Typ,0,0.0,Attchd,2009.0,2.0,2.0,676.0,3.0,2.0,0,136,0,0,0,0,NoFence,0,4,2010,New,Partial,204500,0,0,1,0,1,2,0,0,0,0,0,0,0,0,0,0,0
60,RL,72.0,7200,NoAlley,3.0,Lvl,Inside,2.0,Edwards,Norm,1Fam,2Story,6,7,1976,2001,Hip,Plywood,Plywood,None,0.0,2.0,2.0,CBlock,3.0,3.0,3.0,5.0,288.0,1.0,0.0,396.0,684.0,2.0,Y,4.0,684,714,0,1398,0.0,0.0,1,1,3,1,2.0,6,Typ,1,3.0,Attchd,1976.0,3.0,2.0,440.0,3.0,2.0,0,0,0,0,0,0,MnPrv,0,2,2008,WD ,Normal,160500,0,1,1,1,1,4,0,0,0,0,0,0,0,0,0,0,0
50,RM,60.0,9600,Grvl,3.0,Lvl,Inside,2.0,OldTown,Norm,1Fam,1.5Fin,5,6,1948,1950,Gable,MetalSd,MetalSd,Stone,264.0,2.0,2.0,CBlock,3.0,3.0,1.0,3.0,276.0,1.0,0.0,936.0,1212.0,3.0,Y,3.0,1226,442,0,1668,1.0,0.0,1,0,3,1,2.0,6,Typ,0,0.0,Detchd,1948.0,1.0,1.0,240.0,3.0,2.0,0,0,140,0,0,0,NoFence,0,5,2006,WD ,Normal,135000,0,0,1,0,1,2,0,0,0,0,0,0,0,0,0,0,0
20,RL,73.0,12537,NoAlley,2.0,Lvl,CulDSac,2.0,NAmes,Norm,1Fam,1Story,5,6,1971,2008,Gable,VinylSd,VinylSd,None,0.0,2.0,2.0,CBlock,3.0,3.0,1.0,6.0,734.0,1.0,0.0,344.0,1078.0,4.0,Y,4.0,1078,0,0,1078,1.0,0.0,1,1,3,1,2.0,6,Typ,1,2.0,Attchd,1971.0,3.0,2.0,500.0,3.0,2.0,0,0,0,0,0,0,NoFence,0,4,2010,WD ,Normal,149900,0,1,1,0,1,3,0,0,0,0,0,0,0,0,0,0,0
50,RM,81.0,7308,NoAlley,3.0,Lvl,Corner,2.0,OldTown,Artery,1Fam,1.5Fin,5,5,1920,1950,Gable,WdShing,Wd Shng,None,0.0,1.0,1.0,BrkTil,3.0,3.0,1.0,3.0,360.0,1.0,0.0,576.0,936.0,3.0,N,3.0,960,780,0,1740,0.0,0.0,1,0,2,1,4.0,6,Typ,1,4.0,Detchd,1920.0,1.0,1.0,225.0,2.0,0.0,0,0,236,0,0,0,NoFence,0,6,2008,WD ,Normal,122250,0,1,0,0,1,2,0,0,0,0,0,0,0,0,0,0,0
120,RL,53.0,3982,NoAlley,3.0,Lvl,Inside,2.0,Blmngtn,Norm,TwnhsE,1Story,8,5,2006,2006,Hip,VinylSd,VinylSd,None,0.0,3.0,2.0,PConc,4.0,4.0,3.0,6.0,1154.0,1.0,0.0,366.0,1520.0,4.0,Y,4.0,1567,0,0,1567,1.0,0.0,2,0,1,1,4.0,7,Typ,1,4.0,Attchd,2006.0,3.0,3.0,648.0,3.0,2.0,312,0,0,0,0,0,NoFence,0,10,2006,New,Partial,264561,0,1,1,0,1,3,0,0,0,0,0,0,0,0,0,0,0
20,RL,60.0,10950,NoAlley,3.0,Lvl,Inside,2.0,NAmes,Norm,1Fam,1Story,5,7,1952,1952,Gable,WdShing,Wd Shng,None,0.0,2.0,2.0,CBlock,3.0,3.0,1.0,4.0,339.0,1.0,0.0,525.0,864.0,2.0,Y,4.0,1064,0,0,1064,0.0,1.0,1,0,2,1,1.0,4,Typ,0,0.0,Detchd,1952.0,1.0,1.0,318.0,3.0,2.0,0,0,0,0,0,0,NoFence,0,5,2010,WD ,Normal,135000,0,0,1,0,1,2,0,0,0,0,0,0,0,0,0,0,0
20,RL,65.0,7150,NoAlley,3.0,Lvl,Inside,2.0,Sawyer,Feedr,1Fam,1Story,5,6,1962,1962,Gable,VinylSd,VinylSd,BrkFace,60.0,2.0,2.0,CBlock,3.0,3.0,1.0,2.0,140.0,4.0,590.0,182.0,912.0,3.0,Y,4.0,912,0,0,912,0.0,1.0,1,0,3,1,2.0,6,Typ,0,0.0,Attchd,1962.0,1.0,1.0,252.0,3.0,2.0,0,0,0,0,0,0,NoFence,0,10,2009,WD ,Normal,123000,0,0,1,0,1,2,0,0,0,0,0,0,0,0,0,0,0
20,RL,36.0,15523,NoAlley,2.0,Lvl,CulDSac,2.0,CollgCr,Norm,1Fam,1Story,5,6,1972,1972,Gable,HdBoard,Plywood,None,0.0,2.0,2.0,CBlock,3.0,3.0,3.0,4.0,460.0,1.0,0.0,404.0,864.0,4.0,Y,4.0,864,0,0,864,1.0,0.0,1,0,3,1,2.0,5,Typ,1,2.0,Attchd,1972.0,1.0,1.0,338.0,3.0,2.0,0,0,0,0,0,0,NoFence,0,8,2009,WD ,Normal,133500,0,1,1,0,1,3,0,0,0,0,0,0,0,0,0,0,0
50,RL,120.0,17360,NoAlley,3.0,Lvl,Corner,2.0,NAmes,Artery,1Fam,1.5Fin,6,6,1949,1950,Gable,MetalSd,MetalSd,Stone,340.0,2.0,3.0,CBlock,3.0,3.0,1.0,3.0,300.0,1.0,0.0,482.0,782.0,2.0,Y,4.0,1019,537,0,1556,0.0,0.0,2,0,3,1,2.0,6,Typ,1,4.0,Attchd,1949.0,1.0,2.0,470.0,3.0,2.0,0,0,150,0,0,0,NoFence,0,1,2010,WD ,Normal,172500,0,1,1,0,1,3,0,0,0,0,0,0,0,0,0,0,0
90,RM,97.0,8940,NoAlley,2.0,Lvl,Corner,2.0,Mitchel,Norm,Duplex,SFoyer,7,5,1997,1998,Gable,VinylSd,VinylSd,BrkFace,200.0,2.0,3.0,PConc,4.0,4.0,4.0,6.0,1309.0,1.0,0.0,35.0,1344.0,4.0,Y,4.0,1344,0,0,1344,2.0,0.0,2,0,2,2,2.0,8,Typ,0,0.0,Attchd,1997.0,3.0,4.0,784.0,3.0,2.0,0,0,0,0,0,0,NoFence,0,11,2008,WD ,Alloca,209200,0,0,1,0,1,2,0,0,0,0,0,0,0,0,0,0,0
20,RL,74.0,9819,NoAlley,2.0,Lvl,Inside,2.0,Sawyer,Norm,1Fam,1Story,5,5,1967,1967,Gable,MetalSd,MetalSd,BrkFace,31.0,2.0,3.0,CBlock,3.0,3.0,1.0,4.0,450.0,1.0,0.0,432.0,882.0,2.0,Y,4.0,900,0,0,900,0.0,0.0,1,0,3,1,2.0,5,Typ,0,0.0,Detchd,1970.0,1.0,1.0,280.0,3.0,2.0,0,0,0,0,0,0,MnPrv,0,2,2010,WD ,Normal,122000,0,0,1,1,1,3,0,0,0,0,0,0,0,0,0,0,0
50,RM,60.0,5700,NoAlley,3.0,Lvl,Inside,2.0,OldTown,Norm,1Fam,1.5Fin,7,7,1926,1950,Gable,Wd Sdng,Wd Sdng,None,0.0,2.0,2.0,PConc,3.0,3.0,1.0,1.0,0.0,1.0,0.0,572.0,572.0,2.0,Y,4.0,572,539,0,1111,0.0,0.0,1,0,2,1,2.0,5,Typ,1,4.0,Detchd,1982.0,1.0,1.0,288.0,3.0,2.0,0,0,176,0,0,0,NoFence,0,8,2008,WD ,Normal,116900,0,1,1,0,1,3,0,0,0,0,0,0,0,0,0,0,0
120,RM,43.0,3072,NoAlley,3.0,Lvl,Inside,2.0,Blmngtn,Norm,TwnhsE,1Story,7,5,2004,2004,Hip,VinylSd,VinylSd,BrkFace,18.0,3.0,2.0,PConc,4.0,3.0,1.0,6.0,1059.0,1.0,0.0,306.0,1365.0,4.0,Y,4.0,1548,0,0,1548,1.0,0.0,2,0,2,1,3.0,7,Typ,1,3.0,Attchd,2004.0,3.0,2.0,388.0,3.0,2.0,143,20,0,0,0,0,NoFence,0,9,2006,WD ,Normal,225000,0,1,1,0,1,3,0,0,0,0,0,0,0,0,0,0,0
50,RL,60.0,11100,NoAlley,3.0,Lvl,Inside,2.0,Edwards,Norm,1Fam,1.5Fin,5,6,1951,1994,Gable,Wd Sdng,Wd Sdng,None,0.0,2.0,2.0,PConc,3.0,3.0,2.0,2.0,1080.0,1.0,0.0,0.0,1080.0,2.0,N,4.0,1080,400,0,1480,1.0,0.0,1,0,4,1,2.0,7,Typ,1,4.0,Attchd,1951.0,1.0,1.0,253.0,3.0,2.0,0,0,68,0,0,0,NoFence,0,7,2007,WD ,Normal,136500,0,1,0,0,1,2,0,0,0,0,0,0,0,0,0,0,0
60,RL,89.5,13215,NoAlley,2.0,Lvl,Corner,2.0,NridgHt,Norm,1Fam,2Story,8,5,2004,2004,Gable,VinylSd,VinylSd,BrkFace,112.0,3.0,2.0,PConc,4.0,3.0,1.0,6.0,994.0,1.0,0.0,426.0,1420.0,4.0,Y,4.0,1426,488,0,1914,1.0,0.0,2,1,3,1,3.0,9,Typ,1,3.0,BuiltIn,2004.0,2.0,3.0,746.0,3.0,2.0,168,127,0,0,0,0,NoFence,0,2,2006,WD ,Normal,279000,0,1,1,0,1,3,0,0,0,0,0,0,0,0,0,0,0
60,RL,85.0,9303,NoAlley,2.0,Lvl,Corner,2.0,Timber,Norm,1Fam,2Story,6,5,1996,1997,Hip,VinylSd,VinylSd,BrkFace,42.0,3.0,2.0,PConc,5.0,3.0,1.0,5.0,742.0,1.0,0.0,130.0,872.0,4.0,Y,4.0,888,868,0,1756,1.0,0.0,2,1,3,1,2.0,7,Typ,0,0.0,Attchd,1996.0,3.0,2.0,422.0,3.0,2.0,144,122,0,0,0,0,NoFence,0,7,2007,WD ,Normal,204000,0,0,1,0,1,2,0,0,0,0,0,0,0,0,0,0,0
60,RL,79.0,9245,NoAlley,2.0,Lvl,Inside,2.0,CollgCr,Norm,1Fam,2Story,7,5,2006,2006,Gable,VinylSd,VinylSd,None,0.0,3.0,2.0,PConc,4.0,3.0,3.0,1.0,0.0,1.0,0.0,939.0,939.0,4.0,Y,4.0,939,858,0,1797,0.0,0.0,2,1,3,1,3.0,8,Typ,0,0.0,Attchd,2006.0,2.0,2.0,639.0,3.0,2.0,144,53,0,0,0,0,NoFence,0,4,2007,WD ,Normal,213500,0,0,1,0,1,2,0,0,0,0,0,0,0,0,0,0,0
20,RL,78.0,10206,NoAlley,3.0,Lvl,Inside,2.0,Somerst,PosN,1Fam,1Story,8,5,2008,2008,Gable,VinylSd,VinylSd,BrkFace,294.0,3.0,2.0,PConc,4.0,3.0,1.0,1.0,0.0,1.0,0.0,1614.0,1614.0,4.0,Y,4.0,1658,0,0,1658,0.0,0.0,2,1,3,1,3.0,7,Typ,1,4.0,Attchd,2008.0,3.0,3.0,726.0,3.0,2.0,144,44,0,0,0,0,NoFence,0,9,2009,WD ,Normal,257500,0,1,1,0,1,3,0,0,0,0,0,0,0,0,0,0,0
20,RL,59.0,10936,NoAlley,2.0,Lvl,Inside,2.0,Gilbert,Norm,1Fam,1Story,7,5,2006,2006,Gable,VinylSd,VinylSd,None,0.0,3.0,2.0,PConc,4.0,3.0,3.0,1.0,0.0,1.0,0.0,1510.0,1510.0,4.0,Y,4.0,1525,0,0,1525,0.0,0.0,2,1,3,1,3.0,6,Typ,1,4.0,Attchd,2006.0,2.0,2.0,534.0,3.0,2.0,100,18,0,0,0,0,NoFence,0,4,2007,New,Partial,206580,0,1,1,0,1,3,0,0,0,0,0,0,0,0,0,0,0
20,RL,155.0,20064,NoAlley,2.0,Low,Inside,0.0,ClearCr,Norm,1Fam,1Story,8,6,1976,1976,Shed,Wd Sdng,Wd Sdng,None,0.0,3.0,2.0,CBlock,4.0,4.0,4.0,2.0,51.0,6.0,915.0,0.0,966.0,4.0,Y,4.0,1743,0,0,1743,2.0,0.0,0,1,0,1,3.0,5,Typ,2,2.0,Attchd,1976.0,3.0,2.0,529.0,3.0,2.0,646,0,0,0,0,0,NoFence,0,5,2007,WD ,Normal,279000,0,1,1,0,1,3,0,0,0,0,0,0,0,0,0,0,0
190,RL,60.0,10800,NoAlley,3.0,Lvl,Corner,2.0,OldTown,Norm,2fmCon,1.5Fin,5,4,1900,1970,Gable,Wd Sdng,Wd Sdng,None,0.0,2.0,1.0,CBlock,3.0,2.0,1.0,4.0,664.0,1.0,0.0,290.0,954.0,2.0,N,3.0,1766,648,0,2414,0.0,0.0,2,0,3,2,2.0,10,Mod,1,4.0,Attchd,1970.0,1.0,2.0,520.0,3.0,0.0,142,0,0,0,0,0,NoFence,0,5,2006,ConLD,Normal,160000,0,1,0,0,1,2,0,0,0,0,0,0,0,0,0,0,0
60,RL,70.0,9930,NoAlley,2.0,Lvl,Inside,2.0,CollgCr,Norm,1Fam,2Story,7,5,2002,2002,Gable,VinylSd,VinylSd,BrkFace,199.0,3.0,2.0,PConc,4.0,3.0,1.0,6.0,456.0,1.0,0.0,370.0,826.0,4.0,Y,4.0,878,884,0,1762,0.0,0.0,2,1,3,1,3.0,6,Typ,0,0.0,Attchd,2002.0,3.0,2.0,591.0,3.0,2.0,320,54,0,0,0,0,NoFence,0,7,2006,WD ,Normal,222000,0,0,1,0,1,2,0,0,0,0,0,0,0,0,0,0,0
70,RL,60.0,7230,NoAlley,3.0,Lvl,Inside,2.0,Crawfor,Norm,1Fam,2.5Unf,7,7,1927,1992,Gable,VinylSd,VinylSd,None,0.0,2.0,2.0,BrkTil,3.0,3.0,1.0,1.0,0.0,1.0,0.0,851.0,851.0,3.0,Y,4.0,867,851,0,1718,0.0,0.0,2,1,4,1,3.0,8,Typ,1,3.0,Detchd,1927.0,1.0,2.0,264.0,3.0,2.0,291,0,60,0,153,0,GdPrv,0,10,2007,WD ,Normal,238000,0,1,1,1,1,4,0,0,0,0,0,0,0,0,0,0,0
20,RL,65.0,17140,NoAlley,3.0,Lvl,Inside,2.0,Edwards,Norm,1Fam,1Story,4,6,1956,1956,Gable,VinylSd,VinylSd,None,0.0,2.0,2.0,CBlock,3.0,3.0,1.0,5.0,1059.0,1.0,0.0,75.0,1134.0,4.0,Y,3.0,1229,0,0,1229,0.0,0.0,1,0,3,1,2.0,6,Typ,0,0.0,Attchd,1956.0,2.0,1.0,284.0,3.0,2.0,0,0,0,0,0,0,NoFence,0,4,2009,WD ,Normal,135000,0,0,1,0,1,2,0,0,0,0,0,0,0,0,0,0,0
20,RL,75.0,11166,NoAlley,3.0,Lvl,Inside,2.0,CollgCr,Norm,1Fam,1Story,7,5,2001,2001,Gable,VinylSd,VinylSd,BrkFace,180.0,3.0,2.0,PConc,4.0,3.0,2.0,6.0,24.0,1.0,0.0,1468.0,1492.0,4.0,Y,4.0,1492,0,0,1492,0.0,0.0,2,0,3,1,3.0,6,Typ,1,3.0,Attchd,2001.0,2.0,2.0,608.0,3.0,2.0,0,114,0,0,168,0,NoFence,0,7,2009,WD ,Family,201000,0,1,1,0,1,3,0,0,0,0,0,0,0,0,0,0,0
20,RL,82.0,9888,NoAlley,3.0,Lvl,Inside,2.0,NAmes,Norm,1Fam,1Story,5,6,1954,1975,Gable,MetalSd,MetalSd,None,0.0,2.0,3.0,CBlock,3.0,3.0,1.0,4.0,486.0,1.0,0.0,450.0,936.0,2.0,Y,3.0,936,0,0,936,0.0,0.0,1,0,2,1,2.0,5,Typ,0,0.0,Attchd,1954.0,1.0,1.0,240.0,3.0,2.0,0,0,160,0,0,0,MnPrv,0,3,2006,WD ,Normal,121000,0,0,1,1,1,3,0,0,0,0,0,0,0,0,0,0,0
120,RM,41.0,5748,NoAlley,2.0,HLS,Inside,1.0,Crawfor,Norm,TwnhsE,1Story,8,5,2005,2006,Hip,CemntBd,CmentBd,Stone,473.0,3.0,2.0,PConc,5.0,3.0,4.0,6.0,1573.0,1.0,0.0,0.0,1573.0,4.0,Y,4.0,1778,0,0,1778,2.0,0.0,2,0,2,1,4.0,5,Typ,1,4.0,Attchd,2005.0,3.0,2.0,495.0,3.0,2.0,123,53,0,0,153,0,NoFence,0,2,2006,New,Partial,375000,0,1,1,0,1,3,0,0,0,0,0,0,0,0,0,0,0
20,RL,75.0,9675,NoAlley,3.0,Lvl,Corner,2.0,CollgCr,Norm,1Fam,1Story,5,6,1975,1975,Hip,HdBoard,HdBoard,None,0.0,2.0,2.0,CBlock,3.0,3.0,1.0,4.0,330.0,3.0,432.0,102.0,864.0,2.0,Y,4.0,879,0,0,879,0.0,0.0,1,0,3,1,2.0,5,Typ,0,0.0,Attchd,1975.0,1.0,2.0,440.0,3.0,2.0,0,80,0,0,0,0,NoFence,0,9,2007,Con,Normal,120000,0,0,1,0,1,2,0,0,0,0,0,0,0,0,0,0,0
60,RL,108.0,13418,NoAlley,3.0,Lvl,Inside,2.0,NridgHt,Norm,1Fam,2Story,8,5,2004,2005,Gable,VinylSd,VinylSd,Stone,132.0,3.0,2.0,PConc,5.0,3.0,3.0,1.0,0.0,1.0,0.0,1117.0,1117.0,4.0,Y,4.0,1132,1320,0,2452,0.0,0.0,3,1,4,1,3.0,9,Typ,1,4.0,BuiltIn,2004.0,3.0,3.0,691.0,3.0,2.0,113,32,0,0,0,0,NoFence,0,9,2006,WD ,Normal,309000,0,1,1,0,1,3,0,0,0,0,0,0,0,0,0,0,0
20,RL,88.0,10738,NoAlley,2.0,Lvl,Corner,2.0,NWAmes,Norm,1Fam,1Story,6,7,1966,1966,Hip,HdBoard,HdBoard,None,0.0,2.0,2.0,CBlock,3.0,3.0,1.0,5.0,792.0,1.0,0.0,301.0,1093.0,3.0,Y,4.0,1093,0,0,1093,1.0,0.0,2,0,3,1,2.0,6,Typ,1,2.0,Attchd,1966.0,2.0,2.0,484.0,3.0,2.0,224,0,0,0,0,0,MnPrv,400,11,2007,WD ,Normal,158500,0,1,1,1,1,4,0,0,0,0,0,0,0,0,0,0,0
60,FV,73.0,7500,NoAlley,3.0,Lvl,Inside,2.0,Somerst,RRNn,1Fam,2Story,8,5,2000,2001,Gable,VinylSd,VinylSd,None,0.0,3.0,2.0,PConc,4.0,3.0,1.0,1.0,0.0,1.0,0.0,1058.0,1058.0,4.0,Y,4.0,1058,816,0,1874,0.0,0.0,2,1,3,1,3.0,7,Typ,1,3.0,Attchd,2000.0,3.0,2.0,588.0,3.0,2.0,0,134,0,0,0,0,NoFence,0,3,2009,WD ,Normal,220000,0,1,1,0,1,3,0,0,0,0,0,0,0,0,0,0,0
20,RL,65.0,11500,NoAlley,2.0,Lvl,CulDSac,2.0,Edwards,Norm,1Fam,1Story,4,3,1957,1957,Gable,Wd Sdng,Wd Sdng,None,0.0,2.0,3.0,Slab,0.0,0.0,0.0,0.0,0.0,0.0,0.0,0.0,0.0,4.0,N,4.0,845,0,0,845,0.0,0.0,1,0,3,1,2.0,5,Typ,0,0.0,Detchd,1957.0,1.0,1.0,290.0,3.0,0.0,186,0,0,0,0,0,NoFence,0,1,2009,WD ,Normal,84000,0,0,0,0,1,1,0,0,0,0,0,0,0,0,0,0,0
20,RL,75.0,12518,NoAlley,2.0,Lvl,Inside,2.0,Mitchel,Norm,1Fam,1Story,5,7,1968,1968,Gable,HdBoard,HdBoard,BrkFace,182.0,2.0,2.0,CBlock,3.0,3.0,1.0,5.0,532.0,1.0,0.0,476.0,1008.0,3.0,Y,4.0,1008,0,0,1008,0.0,0.0,1,0,3,1,3.0,6,Typ,0,0.0,Attchd,1968.0,1.0,1.0,384.0,3.0,2.0,144,0,0,0,0,0,MnPrv,0,4,2009,WD ,Normal,139500,0,0,1,1,1,3,0,0,0,0,0,0,0,0,0,0,0
120,RL,53.0,3922,NoAlley,3.0,Lvl,Inside,2.0,Blmngtn,Norm,TwnhsE,1Story,7,5,2006,2007,Gable,WdShing,Wd Shng,BrkFace,72.0,3.0,2.0,PConc,5.0,3.0,3.0,1.0,0.0,1.0,0.0,1258.0,1258.0,4.0,Y,4.0,1258,0,0,1258,0.0,0.0,2,0,2,1,3.0,6,Typ,1,4.0,Attchd,2007.0,3.0,3.0,648.0,3.0,2.0,144,16,0,0,0,0,NoFence,0,6,2007,New,Partial,172500,0,1,1,0,1,3,0,0,0,0,0,0,0,0,0,0,0
120,RM,59.0,8198,NoAlley,3.0,Lvl,FR3,2.0,NridgHt,Norm,TwnhsE,1Story,7,5,2004,2004,Gable,VinylSd,VinylSd,Stone,146.0,3.0,2.0,PConc,4.0,3.0,3.0,6.0,720.0,1.0,0.0,638.0,1358.0,4.0,Y,4.0,1358,0,0,1358,1.0,0.0,2,0,2,1,3.0,6,Typ,1,4.0,Attchd,2004.0,2.0,2.0,484.0,3.0,2.0,192,30,0,0,0,0,NoFence,0,7,2008,WD ,Normal,207000,0,1,1,0,1,3,0,0,0,0,0,0,0,0,0,0,0
20,RL,43.0,3182,NoAlley,3.0,Lvl,Inside,2.0,Blmngtn,Norm,1Fam,1Story,7,5,2007,2007,Gable,VinylSd,VinylSd,BrkFace,16.0,3.0,2.0,PConc,4.0,3.0,3.0,1.0,0.0,1.0,0.0,1266.0,1266.0,4.0,Y,4.0,1266,0,0,1266,0.0,0.0,2,0,2,1,3.0,6,Typ,1,4.0,Attchd,2007.0,3.0,2.0,388.0,3.0,2.0,100,16,0,0,0,0,NoFence,0,3,2008,WD ,Normal,159895,0,1,1,0,1,3,0,0,0,0,0,0,0,0,0,0,0
160,RM,24.0,1733,NoAlley,3.0,Lvl,Inside,2.0,Blueste,Norm,Twnhs,2Story,6,6,1980,1980,Gable,MetalSd,MetalSd,None,0.0,2.0,2.0,CBlock,3.0,3.0,1.0,1.0,0.0,1.0,0.0,516.0,516.0,2.0,Y,4.0,516,516,0,1032,0.0,0.0,1,0,2,1,2.0,5,Typ,1,3.0,Detchd,1980.0,1.0,2.0,452.0,3.0,2.0,279,0,0,0,0,0,GdPrv,0,5,2009,WD ,Normal,115000,0,1,1,1,1,4,0,0,0,0,0,0,0,0,0,0,0
50,RL,75.0,45600,NoAlley,1.0,Bnk,Inside,2.0,ClearCr,Norm,1Fam,1.5Fin,6,8,1908,1997,Gable,Wd Sdng,Wd Sdng,None,0.0,2.0,2.0,BrkTil,3.0,3.0,1.0,1.0,0.0,1.0,0.0,907.0,907.0,2.0,Y,4.0,1307,1051,0,2358,0.0,0.0,3,0,5,1,2.0,10,Typ,1,4.0,Detchd,1908.0,1.0,2.0,360.0,2.0,2.0,486,40,0,0,175,0,NoFence,0,9,2008,WD ,Normal,240000,0,1,1,0,1,3,0,0,0,0,0,0,0,0,0,0,0
60,RL,96.0,11631,NoAlley,2.0,Lvl,Corner,2.0,Gilbert,Norm,1Fam,2Story,8,5,2004,2005,Gable,VinylSd,VinylSd,BrkFace,236.0,3.0,2.0,PConc,4.0,3.0,3.0,1.0,0.0,1.0,0.0,1052.0,1052.0,4.0,Y,4.0,1052,1321,0,2373,0.0,0.0,2,1,4,1,3.0,9,Typ,1,4.0,BuiltIn,2004.0,3.0,3.0,632.0,3.0,2.0,120,46,0,0,0,0,NoFence,0,6,2006,New,Partial,258000,0,1,1,0,1,3,0,0,0,0,0,0,0,0,0,0,0
20,RL,65.0,8769,NoAlley,3.0,Lvl,FR2,2.0,CollgCr,Norm,1Fam,1Story,7,5,2005,2005,Gable,VinylSd,VinylSd,None,0.0,3.0,2.0,PConc,4.0,3.0,3.0,6.0,709.0,1.0,0.0,460.0,1169.0,4.0,Y,4.0,1190,0,0,1190,1.0,0.0,2,0,2,1,3.0,5,Typ,0,0.0,Attchd,2005.0,2.0,2.0,578.0,3.0,2.0,100,41,0,0,0,0,NoFence,0,10,2007,WD ,Normal,173500,0,0,1,0,1,2,0,0,0,0,0,0,0,0,0,0,0
20,RL,80.0,9373,NoAlley,2.0,Lvl,CulDSac,2.0,NWAmes,PosN,1Fam,1Story,5,7,1975,1975,Gable,HdBoard,HdBoard,BrkFace,161.0,2.0,2.0,CBlock,4.0,3.0,3.0,5.0,1333.0,2.0,168.0,120.0,1621.0,2.0,Y,4.0,1621,0,0,1621,1.0,0.0,2,0,3,1,2.0,7,Typ,2,2.0,Attchd,1975.0,2.0,2.0,478.0,3.0,2.0,0,0,0,0,490,0,NoFence,0,6,2009,WD ,Normal,213000,0,1,1,0,1,3,0,0,0,0,0,0,0,0,0,0,0
120,RH,26.0,5858,NoAlley,2.0,Lvl,FR2,2.0,NAmes,Norm,TwnhsE,1Story,7,5,1999,1999,Gable,MetalSd,MetalSd,None,0.0,3.0,2.0,PConc,4.0,3.0,1.0,6.0,1051.0,4.0,0.0,354.0,1405.0,4.0,Y,4.0,1337,0,0,1337,1.0,0.0,2,0,2,1,3.0,5,Typ,1,2.0,Attchd,1999.0,3.0,2.0,511.0,3.0,2.0,203,68,0,0,0,0,NoFence,0,6,2010,WD ,Normal,184000,0,1,1,0,1,3,0,0,0,0,0,0,0,0,0,0,0
60,RL,91.0,16545,NoAlley,2.0,Lvl,Inside,2.0,NoRidge,Norm,1Fam,2Story,8,5,1998,1998,Gable,VinylSd,VinylSd,BrkFace,731.0,3.0,2.0,PConc,4.0,3.0,2.0,6.0,781.0,1.0,0.0,503.0,1284.0,4.0,Y,4.0,1310,1140,0,2450,1.0,0.0,2,1,3,1,3.0,7,Typ,1,3.0,Attchd,1998.0,3.0,3.0,1069.0,3.0,2.0,0,126,0,0,0,0,NoFence,0,5,2009,WD ,Normal,340000,0,1,1,0,1,3,0,0,0,0,0,0,0,0,0,0,0
90,RL,75.0,8250,NoAlley,3.0,Lvl,Inside,2.0,SawyerW,Norm,Duplex,2Story,6,7,1981,1981,Gable,Wd Sdng,Wd Shng,None,0.0,2.0,2.0,Slab,0.0,0.0,0.0,0.0,0.0,0.0,0.0,0.0,0.0,2.0,Y,4.0,964,918,0,1882,0.0,0.0,2,0,4,2,2.0,8,Typ,2,3.0,Attchd,1981.0,1.0,2.0,612.0,3.0,2.0,0,0,0,0,0,0,NoFence,0,5,2009,WD ,Normal,160000,0,1,1,0,1,3,0,0,0,0,0,0,0,0,0,0,0
20,RL,80.0,8816,NoAlley,3.0,Lvl,Corner,2.0,Sawyer,Feedr,1Fam,1Story,5,6,1963,1963,Gable,VinylSd,VinylSd,None,0.0,2.0,2.0,PConc,3.0,3.0,1.0,3.0,651.0,1.0,0.0,470.0,1121.0,2.0,Y,4.0,1121,0,0,1121,1.0,0.0,1,0,3,1,2.0,5,Typ,0,0.0,Detchd,1963.0,1.0,2.0,480.0,3.0,2.0,0,80,0,0,0,0,MnPrv,0,6,2009,WD ,Normal,139000,0,0,1,1,1,3,0,0,0,0,0,0,0,0,0,0,0
60,RL,63.0,8577,NoAlley,2.0,Lvl,Inside,2.0,Gilbert,Norm,1Fam,2Story,7,5,2004,2004,Gable,VinylSd,VinylSd,None,0.0,3.0,2.0,PConc,4.0,3.0,1.0,1.0,0.0,1.0,0.0,847.0,847.0,4.0,Y,4.0,847,886,0,1733,0.0,0.0,2,1,3,1,3.0,7,Typ,1,4.0,BuiltIn,2004.0,3.0,2.0,433.0,3.0,2.0,144,48,0,0,0,0,NoFence,0,4,2010,WD ,Normal,185088,0,1,1,0,1,3,0,0,0,0,0,0,0,0,0,0,0
90,RL,81.0,9671,NoAlley,3.0,Lvl,Corner,2.0,NAmes,Artery,Duplex,2Story,6,5,1969,1969,Gable,MetalSd,MetalSd,Stone,480.0,2.0,2.0,CBlock,3.0,3.0,1.0,1.0,0.0,1.0,0.0,1248.0,1248.0,2.0,Y,4.0,1248,1296,0,2544,0.0,0.0,2,2,6,2,2.0,12,Typ,0,0.0,Attchd,1969.0,2.0,3.0,907.0,3.0,2.0,0,0,0,0,0,0,NoFence,0,8,2009,WD ,Normal,190000,0,0,1,0,1,2,0,0,0,0,0,0,0,0,0,0,0
20,RL,89.0,13214,NoAlley,2.0,HLS,Inside,2.0,Timber,Norm,1Fam,1Story,9,5,2008,2009,Hip,Stucco,CmentBd,None,0.0,4.0,2.0,PConc,5.0,3.0,4.0,1.0,0.0,1.0,0.0,2002.0,2002.0,4.0,Y,4.0,2018,0,0,2018,0.0,0.0,2,0,3,1,4.0,10,Typ,1,4.0,Attchd,2009.0,3.0,3.0,746.0,3.0,2.0,144,76,0,0,0,0,NoFence,0,5,2010,WD ,Normal,378500,0,1,1,0,1,3,0,0,0,0,0,0,0,0,0,0,0
90,RL,70.0,8393,NoAlley,3.0,Lvl,Corner,2.0,NAmes,Norm,Duplex,1Story,5,5,1959,2005,Gable,MetalSd,MetalSd,BrkFace,122.0,2.0,2.0,CBlock,3.0,3.0,1.0,2.0,528.0,1.0,0.0,1098.0,1626.0,4.0,Y,4.0,1712,0,0,1712,0.0,0.0,2,0,4,2,2.0,8,Typ,0,0.0,Attchd,2005.0,3.0,2.0,588.0,3.0,2.0,272,54,0,0,0,0,NoFence,0,6,2006,WD ,Family,145000,0,0,1,0,1,2,0,0,0,0,0,0,0,0,0,0,0
50,RM,52.0,6240,NoAlley,3.0,Lvl,Inside,2.0,BrkSide,Norm,1Fam,1.5Fin,4,7,1929,1950,Gable,MetalSd,MetalSd,None,0.0,2.0,2.0,PConc,3.0,3.0,1.0,4.0,80.0,1.0,0.0,624.0,704.0,4.0,Y,4.0,624,512,0,1136,0.0,1.0,1,0,2,1,2.0,6,Typ,0,0.0,Detchd,1990.0,1.0,1.0,336.0,3.0,2.0,0,365,80,0,0,0,NoFence,0,8,2008,WD ,Normal,123000,0,0,1,0,1,2,0,0,0,0,0,0,0,0,0,0,0
160,RM,41.0,2665,NoAlley,3.0,Lvl,Inside,2.0,MeadowV,Norm,TwnhsE,2Story,5,6,1977,1977,Gable,CemntBd,CmentBd,None,0.0,2.0,2.0,PConc,4.0,3.0,2.0,1.0,0.0,1.0,0.0,264.0,264.0,2.0,Y,4.0,616,688,0,1304,0.0,0.0,1,1,3,1,2.0,5,Typ,1,3.0,BuiltIn,1977.0,2.0,1.0,336.0,3.0,2.0,141,0,0,0,0,0,NoFence,0,5,2006,WD ,Normal,104500,0,1,1,0,1,3,0,0,0,0,0,0,0,0,0,0,0
60,RL,78.0,11419,NoAlley,3.0,Lvl,Corner,2.0,NAmes,Artery,1Fam,2Story,7,7,1948,1999,Gable,WdShing,Wd Shng,None,0.0,2.0,2.0,CBlock,3.0,3.0,2.0,5.0,699.0,1.0,0.0,0.0,699.0,4.0,Y,3.0,801,726,0,1527,1.0,0.0,1,1,3,1,2.0,6,Typ,1,4.0,Attchd,1948.0,1.0,2.0,410.0,3.0,2.0,0,0,134,0,0,0,GdWo,0,12,2009,WD ,Normal,152500,0,1,1,1,1,4,0,0,0,0,0,0,0,0,0,0,0
60,RL,64.0,9045,NoAlley,2.0,Lvl,Inside,2.0,CollgCr,Norm,1Fam,2Story,5,5,2005,2005,Gable,VinylSd,VinylSd,None,0.0,3.0,2.0,PConc,4.0,3.0,2.0,1.0,0.0,1.0,0.0,768.0,768.0,4.0,Y,4.0,768,768,0,1536,0.0,0.0,2,1,3,1,3.0,6,Typ,0,0.0,Attchd,2005.0,3.0,2.0,400.0,3.0,2.0,0,40,0,0,0,0,NoFence,0,6,2007,WD ,Normal,167000,0,0,1,0,1,2,0,0,0,0,0,0,0,0,0,0,0
70,RM,51.0,6120,NoAlley,3.0,Lvl,Inside,2.0,OldTown,Artery,1Fam,2Story,5,5,1923,1950,Gambrel,Wd Sdng,Wd Sdng,None,0.0,2.0,2.0,BrkTil,3.0,3.0,1.0,2.0,203.0,1.0,0.0,897.0,1100.0,2.0,Y,4.0,1226,676,0,1902,0.0,0.0,2,0,4,1,2.0,7,Typ,0,0.0,Detchd,1960.0,1.0,2.0,576.0,3.0,2.0,0,139,55,0,0,0,NoFence,0,10,2008,WD ,Normal,123500,0,0,1,0,1,2,0,0,0,0,0,0,0,0,0,0,0
20,RL,136.0,11675,NoAlley,2.0,Lvl,Inside,2.0,NoRidge,Norm,1Fam,1Story,8,5,1998,1998,Gable,VinylSd,VinylSd,BrkFace,495.0,3.0,2.0,PConc,4.0,3.0,3.0,6.0,1660.0,1.0,0.0,322.0,1982.0,4.0,Y,4.0,2006,0,0,2006,1.0,0.0,2,0,2,1,3.0,5,Typ,1,3.0,Attchd,1998.0,3.0,3.0,938.0,3.0,2.0,144,33,0,0,0,0,NoFence,0,7,2008,WD ,Normal,350000,0,1,1,0,1,3,0,0,0,0,0,0,0,0,0,0,0
20,RL,58.0,7250,NoAlley,3.0,Lvl,Inside,2.0,Gilbert,Norm,1Fam,1Story,6,5,1993,1993,Gable,HdBoard,HdBoard,BrkFace,45.0,2.0,2.0,PConc,4.0,3.0,1.0,1.0,0.0,1.0,0.0,1181.0,1181.0,4.0,Y,4.0,1190,0,0,1190,0.0,0.0,2,0,3,1,3.0,6,Typ,1,3.0,Attchd,1993.0,1.0,2.0,430.0,3.0,2.0,0,21,0,0,0,0,NoFence,0,11,2009,WD ,Normal,166000,0,1,1,0,1,3,0,0,0,0,0,0,0,0,0,0,0
120,RL,61.0,7658,NoAlley,3.0,Lvl,Inside,2.0,NridgHt,Norm,TwnhsE,1Story,9,5,2005,2005,Hip,MetalSd,MetalSd,BrkFace,412.0,4.0,2.0,PConc,5.0,3.0,1.0,6.0,456.0,1.0,0.0,1296.0,1752.0,4.0,Y,4.0,1752,0,0,1752,1.0,0.0,2,0,2,1,4.0,6,Typ,1,4.0,Attchd,2005.0,2.0,2.0,576.0,3.0,2.0,196,82,0,0,0,0,NoFence,0,2,2010,WD ,Normal,319900,0,1,1,0,1,3,0,0,0,0,0,0,0,0,0,0,0
120,RL,40.0,3880,NoAlley,2.0,Lvl,Inside,2.0,Greens,Norm,Twnhs,1Story,8,6,1978,1978,Gable,Wd Sdng,Plywood,None,0.0,3.0,2.0,CBlock,4.0,3.0,4.0,6.0,1052.0,1.0,0.0,174.0,1226.0,2.0,Y,4.0,1226,0,0,1226,1.0,0.0,1,0,1,1,3.0,4,Typ,1,3.0,Attchd,1978.0,3.0,2.0,484.0,3.0,2.0,223,78,0,0,0,0,NoFence,0,1,2010,WD ,Normal,206000,0,1,1,0,1,3,0,0,0,0,0,0,0,0,0,0,0
60,RL,67.0,12774,NoAlley,3.0,Lvl,FR2,2.0,SawyerW,Norm,1Fam,2Story,7,5,2003,2004,Gable,VinylSd,VinylSd,BrkFace,95.0,3.0,2.0,PConc,4.0,3.0,3.0,1.0,0.0,1.0,0.0,835.0,835.0,4.0,Y,4.0,835,828,0,1663,0.0,0.0,2,1,3,1,3.0,8,Typ,0,0.0,Attchd,2003.0,2.0,2.0,478.0,3.0,2.0,168,68,0,0,0,0,NoFence,0,7,2008,WD ,Normal,192500,0,0,1,0,1,2,0,0,0,0,0,0,0,0,0,0,0
60,RL,80.0,8963,NoAlley,2.0,Lvl,Inside,2.0,NWAmes,Norm,1Fam,2Story,8,9,1976,1996,Hip,VinylSd,VinylSd,BrkFace,289.0,4.0,3.0,CBlock,3.0,4.0,1.0,6.0,575.0,5.0,80.0,487.0,1142.0,4.0,Y,4.0,1175,1540,0,2715,0.0,1.0,3,1,4,1,3.0,11,Typ,2,3.0,BuiltIn,1994.0,3.0,2.0,831.0,3.0,2.0,0,204,0,0,0,0,NoFence,0,7,2008,WD ,Normal,299800,0,1,1,0,1,3,0,0,0,0,0,0,0,0,0,0,0
80,RL,60.0,7134,NoAlley,3.0,Bnk,Inside,1.0,NAmes,Norm,1Fam,SLvl,5,5,1955,1955,Gable,MetalSd,MetalSd,None,0.0,2.0,2.0,CBlock,3.0,3.0,1.0,5.0,384.0,1.0,0.0,0.0,384.0,2.0,Y,4.0,1360,0,0,1360,0.0,0.0,1,0,3,1,2.0,6,Min1,1,3.0,Detchd,1962.0,1.0,2.0,572.0,3.0,2.0,0,50,0,0,0,0,MnPrv,0,2,2007,WD ,Normal,130000,0,1,1,1,1,4,0,0,0,0,0,0,0,0,0,0,0
20,FV,73.0,7321,Pave,2.0,Lvl,Inside,2.0,Somerst,Norm,1Fam,1Story,7,5,1999,2000,Gable,CemntBd,CmentBd,None,0.0,3.0,2.0,PConc,4.0,3.0,1.0,1.0,0.0,1.0,0.0,1339.0,1339.0,4.0,Y,4.0,1358,0,0,1358,0.0,0.0,2,0,3,1,3.0,5,Typ,0,0.0,Detchd,1999.0,1.0,2.0,625.0,3.0,2.0,176,174,0,0,0,0,NoFence,0,12,2007,COD,Normal,204000,0,0,1,0,1,2,0,0,0,0,0,0,0,0,0,0,0
50,RL,70.0,10759,NoAlley,3.0,Lvl,Corner,2.0,Sawyer,Feedr,1Fam,1.5Fin,5,4,1972,1972,Gable,HdBoard,HdBoard,None,0.0,2.0,3.0,CBlock,4.0,3.0,1.0,2.0,190.0,5.0,811.0,0.0,1001.0,2.0,Y,4.0,1001,640,0,1641,0.0,0.0,2,0,4,1,2.0,5,Typ,1,4.0,Detchd,1972.0,1.0,2.0,490.0,3.0,2.0,0,0,92,0,0,0,GdPrv,0,7,2008,WD ,Normal,140000,0,1,1,1,1,4,0,0,0,0,0,0,0,0,0,0,0
20,RL,84.0,17808,NoAlley,3.0,Lvl,Inside,2.0,Edwards,Feedr,1Fam,1Story,4,5,1946,1950,Gable,Wd Sdng,Wd Sdng,None,0.0,2.0,2.0,CBlock,3.0,3.0,1.0,1.0,0.0,1.0,0.0,484.0,484.0,2.0,N,4.0,1242,0,0,1242,0.0,0.0,1,0,2,1,2.0,4,Mod,0,0.0,Attchd,1946.0,1.0,1.0,336.0,3.0,0.0,0,0,0,0,0,0,NoFence,0,7,2007,WD ,Normal,109900,0,0,0,0,1,1,0,0,0,0,0,0,0,0,0,0,0
60,RL,70.0,9109,NoAlley,3.0,Lvl,Inside,2.0,SawyerW,RRAe,1Fam,2Story,7,5,1994,1994,Gable,VinylSd,VinylSd,None,0.0,3.0,2.0,PConc,4.0,3.0,1.0,2.0,36.0,6.0,596.0,122.0,754.0,4.0,Y,4.0,754,786,0,1540,1.0,0.0,2,1,3,1,3.0,6,Typ,0,0.0,Attchd,1994.0,2.0,2.0,495.0,3.0,2.0,140,32,0,0,0,0,NoFence,0,10,2009,WD ,Normal,184000,0,0,1,0,1,2,0,0,0,0,0,0,0,0,0,0,0
70,RH,60.0,12155,NoAlley,2.0,Lvl,Inside,2.0,SWISU,Norm,1Fam,2Story,6,8,1925,1950,Gable,Wd Sdng,Wd Sdng,None,0.0,2.0,2.0,BrkTil,3.0,3.0,1.0,4.0,156.0,1.0,0.0,516.0,672.0,2.0,N,4.0,810,672,0,1482,0.0,0.0,2,0,4,1,1.0,7,Typ,0,0.0,Detchd,1934.0,1.0,1.0,400.0,3.0,1.0,0,0,254,0,0,0,NoFence,0,3,2008,WD ,Normal,140000,0,0,0,0,1,1,0,0,0,0,0,0,0,0,0,0,0
20,RL,70.0,9100,NoAlley,3.0,Lvl,Corner,2.0,NAmes,Feedr,1Fam,1Story,5,5,1958,1958,Gable,VinylSd,VinylSd,None,0.0,2.0,2.0,CBlock,3.0,3.0,1.0,4.0,521.0,2.0,174.0,169.0,864.0,2.0,Y,4.0,864,0,0,864,1.0,0.0,1,0,3,1,2.0,5,Typ,0,0.0,Detchd,1964.0,1.0,2.0,624.0,3.0,2.0,0,0,0,0,0,0,NoFence,0,7,2006,WD ,Normal,129900,0,0,1,0,1,2,0,0,0,0,0,0,0,0,0,0,0
20,RL,73.0,8760,NoAlley,3.0,Lvl,Inside,2.0,NAmes,Norm,1Fam,1Story,5,7,1956,1956,Gable,Wd Sdng,Wd Sdng,BrkFace,164.0,3.0,2.0,CBlock,3.0,3.0,1.0,5.0,856.0,1.0,0.0,313.0,1169.0,2.0,Y,4.0,1144,0,0,1144,1.0,0.0,1,0,3,1,2.0,6,Typ,0,0.0,Attchd,1956.0,2.0,1.0,286.0,3.0,2.0,257,0,0,0,0,0,NoFence,0,6,2009,WD ,Normal,150000,0,0,1,0,1,2,0,0,0,0,0,0,0,0,0,0,0
20,RL,47.0,12416,NoAlley,2.0,Lvl,Inside,2.0,Timber,Norm,1Fam,1Story,6,5,1986,1986,Gable,VinylSd,Plywood,Stone,132.0,2.0,2.0,CBlock,4.0,2.0,1.0,5.0,1398.0,2.0,208.0,0.0,1606.0,2.0,Y,4.0,1651,0,0,1651,1.0,0.0,2,0,3,1,2.0,7,Min2,1,3.0,Attchd,1986.0,3.0,2.0,616.0,3.0,2.0,192,0,0,0,0,0,NoFence,0,11,2008,WD ,Normal,184000,0,1,1,0,1,3,0,0,0,0,0,0,0,0,0,0,0
80,RL,72.0,11333,NoAlley,2.0,Lvl,Corner,2.0,Mitchel,Norm,1Fam,SLvl,6,5,1976,1976,Gable,HdBoard,HdBoard,None,0.0,2.0,2.0,PConc,4.0,3.0,3.0,5.0,539.0,1.0,0.0,490.0,1029.0,2.0,Y,4.0,1062,0,0,1062,1.0,0.0,1,0,3,1,2.0,5,Typ,2,3.0,Attchd,1976.0,2.0,2.0,539.0,3.0,2.0,120,0,0,0,0,0,NoFence,0,5,2007,WD ,Normal,146800,0,1,1,0,1,3,0,0,0,0,0,0,0,0,0,0,0
20,RL,59.0,10593,NoAlley,2.0,Lvl,Inside,2.0,NoRidge,Norm,1Fam,1Story,7,5,1996,1996,Hip,VinylSd,VinylSd,BrkFace,338.0,3.0,2.0,PConc,4.0,3.0,1.0,6.0,919.0,1.0,0.0,801.0,1720.0,4.0,Y,4.0,1720,0,0,1720,1.0,0.0,2,0,3,1,3.0,7,Typ,1,3.0,Attchd,1996.0,3.0,2.0,527.0,3.0,2.0,240,56,154,0,0,0,NoFence,0,3,2010,WD ,Normal,260400,0,1,1,0,1,3,0,0,0,0,0,0,0,0,0,0,0
30,RM,50.0,6000,NoAlley,3.0,Lvl,Inside,2.0,OldTown,Artery,1Fam,1Story,6,6,1925,1980,Gable,MetalSd,MetalSd,None,0.0,2.0,3.0,BrkTil,3.0,3.0,1.0,4.0,397.0,1.0,0.0,706.0,1103.0,3.0,Y,4.0,1103,0,0,1103,0.0,0.0,1,0,2,1,3.0,5,Typ,1,4.0,Detchd,1976.0,1.0,2.0,440.0,3.0,2.0,166,120,0,0,0,0,MnPrv,0,7,2006,WD ,Normal,110500,0,1,1,1,1,4,0,0,0,0,0,0,0,0,0,0,0
90,RM,60.0,7596,Grvl,3.0,Lvl,Inside,2.0,OldTown,Artery,Duplex,2Story,5,5,1952,1952,Hip,Wd Sdng,Wd Sdng,BrkFace,360.0,2.0,2.0,CBlock,3.0,3.0,1.0,1.0,0.0,1.0,0.0,960.0,960.0,3.0,Y,4.0,960,1000,0,1960,0.0,0.0,2,0,4,2,2.0,10,Typ,0,0.0,Detchd,1952.0,1.0,2.0,400.0,3.0,0.0,0,0,0,0,0,0,NoFence,0,7,2009,COD,Normal,124500,0,0,1,0,1,2,0,0,0,0,0,0,0,0,0,0,0
120,FV,25.0,4835,NoAlley,2.0,Lvl,CulDSac,2.0,Somerst,Norm,TwnhsE,1Story,7,5,2004,2005,Gable,MetalSd,MetalSd,None,0.0,3.0,2.0,PConc,5.0,3.0,3.0,6.0,1298.0,1.0,0.0,190.0,1488.0,4.0,Y,4.0,1488,0,0,1488,1.0,0.0,2,0,2,1,3.0,6,Typ,1,4.0,Attchd,2004.0,3.0,2.0,506.0,3.0,2.0,168,50,0,0,0,0,NoFence,0,3,2010,WD ,Normal,260000,0,1,1,0,1,3,0,0,0,0,0,0,0,0,0,0,0
90,RM,57.0,10307,Grvl,3.0,Lvl,Inside,2.0,OldTown,Norm,Duplex,2Story,6,5,1910,1950,Gable,Wd Sdng,Wd Sdng,None,0.0,2.0,2.0,CBlock,3.0,3.0,2.0,2.0,633.0,1.0,0.0,339.0,972.0,3.0,N,3.0,972,972,0,1944,1.0,0.0,2,0,4,2,2.0,12,Typ,0,0.0,Detchd,1920.0,1.0,2.0,324.0,2.0,0.0,0,28,169,0,0,0,NoFence,0,6,2009,WD ,Normal,103500,0,0,0,0,1,1,0,0,0,0,0,0,0,0,0,0,0
70,RM,35.0,4571,Grvl,3.0,Lvl,Inside,2.0,OldTown,Norm,1Fam,2Story,5,7,1910,1950,Gable,MetalSd,MetalSd,None,0.0,2.0,2.0,BrkTil,3.0,3.0,1.0,4.0,168.0,1.0,0.0,448.0,616.0,4.0,Y,4.0,616,616,0,1232,0.0,0.0,1,0,3,1,2.0,6,Typ,0,0.0,Detchd,1920.0,1.0,2.0,480.0,2.0,2.0,280,0,143,0,0,0,NoFence,0,6,2007,WD ,Normal,114000,0,0,1,0,1,2,0,0,0,0,0,0,0,0,0,0,0
120,RM,35.0,3907,NoAlley,2.0,HLS,Inside,1.0,Blueste,Norm,TwnhsE,1Story,8,5,1989,1989,Gable,HdBoard,HdBoard,None,0.0,3.0,2.0,CBlock,4.0,3.0,3.0,6.0,76.0,1.0,0.0,1115.0,1191.0,3.0,Y,4.0,1191,0,0,1191,0.0,0.0,2,0,2,1,3.0,5,Typ,1,3.0,Attchd,1989.0,1.0,2.0,531.0,3.0,2.0,112,81,0,0,0,0,NoFence,0,3,2010,WD ,Normal,162500,0,1,1,0,1,3,0,0,0,0,0,0,0,0,0,0,0
85,RL,70.0,9180,NoAlley,2.0,Lvl,CulDSac,2.0,SawyerW,Norm,1Fam,SFoyer,5,7,1983,1983,Gable,HdBoard,HdBoard,None,0.0,2.0,2.0,CBlock,4.0,3.0,3.0,5.0,747.0,2.0,93.0,0.0,840.0,3.0,Y,4.0,884,0,0,884,1.0,0.0,1,0,2,1,3.0,5,Typ,0,0.0,Attchd,1983.0,2.0,2.0,504.0,3.0,2.0,240,0,0,0,0,0,MnPrv,0,12,2007,WD ,Normal,144000,0,0,1,1,1,3,0,0,0,0,0,0,0,0,0,0,0
60,RL,80.0,10304,NoAlley,2.0,Lvl,CulDSac,2.0,NWAmes,PosN,1Fam,2Story,5,7,1976,1976,Gable,Plywood,Plywood,BrkFace,44.0,2.0,3.0,CBlock,3.0,3.0,1.0,5.0,381.0,1.0,0.0,399.0,780.0,4.0,Y,4.0,1088,780,0,1868,1.0,0.0,2,1,4,1,3.0,9,Typ,1,3.0,Attchd,1976.0,1.0,2.0,484.0,3.0,2.0,448,96,0,0,0,0,NoFence,0,10,2009,WD ,Normal,197500,0,1,1,0,1,3,0,0,0,0,0,0,0,0,0,0,0
85,RL,75.0,9750,NoAlley,3.0,Lvl,Inside,2.0,Mitchel,Norm,1Fam,SFoyer,6,6,1977,1977,Gable,Plywood,Plywood,None,0.0,2.0,2.0,CBlock,3.0,3.0,3.0,5.0,767.0,1.0,0.0,135.0,902.0,4.0,Y,4.0,926,0,0,926,1.0,0.0,1,0,2,1,2.0,5,Typ,1,3.0,Attchd,1977.0,1.0,1.0,351.0,3.0,2.0,319,0,0,0,0,0,MnPrv,0,4,2009,WD ,Normal,156450,0,1,1,1,1,4,0,0,0,0,0,0,0,0,0,0,0
190,RM,60.0,10120,NoAlley,2.0,Bnk,Inside,2.0,OldTown,Feedr,2fmCon,2.5Unf,7,4,1910,1950,Hip,Wd Sdng,Wd Sdng,None,0.0,1.0,2.0,CBlock,3.0,3.0,1.0,1.0,0.0,1.0,0.0,925.0,925.0,2.0,N,1.0,964,925,0,1889,0.0,0.0,1,1,4,2,2.0,9,Typ,1,4.0,Detchd,1960.0,1.0,1.0,308.0,3.0,0.0,0,0,264,0,0,0,MnPrv,0,1,2007,WD ,Normal,122000,0,1,0,1,1,3,0,0,0,0,0,0,0,0,0,0,0
20,RL,68.0,8814,NoAlley,3.0,Lvl,Inside,2.0,CollgCr,Norm,1Fam,1Story,7,5,2005,2007,Gable,VinylSd,VinylSd,BrkFace,80.0,3.0,2.0,PConc,4.0,3.0,1.0,6.0,925.0,1.0,0.0,349.0,1274.0,4.0,Y,4.0,1274,0,0,1274,1.0,0.0,2,0,3,1,3.0,6,Typ,0,0.0,Attchd,2005.0,2.0,2.0,508.0,3.0,2.0,264,98,0,0,0,0,NoFence,0,1,2007,New,Partial,203000,0,0,1,0,1,2,0,0,0,0,0,0,0,0,0,0,0
60,RL,80.0,9828,NoAlley,2.0,Lvl,Inside,2.0,SawyerW,Norm,1Fam,2Story,8,5,1995,1995,Gable,VinylSd,VinylSd,None,0.0,3.0,2.0,PConc,4.0,3.0,1.0,6.0,584.0,1.0,0.0,544.0,1128.0,4.0,Y,4.0,1142,878,0,2020,0.0,0.0,2,1,3,1,3.0,8,Typ,1,3.0,Attchd,1995.0,2.0,2.0,466.0,3.0,2.0,0,155,0,0,0,0,NoFence,0,6,2009,WD ,Normal,239500,0,1,1,0,1,3,0,0,0,0,0,0,0,0,0,0,0
50,RL,92.0,7438,NoAlley,2.0,Lvl,Inside,2.0,BrkSide,RRAn,1Fam,1.5Fin,5,8,1908,1991,Gable,AsbShng,Plywood,None,0.0,2.0,2.0,PConc,2.0,3.0,1.0,1.0,0.0,1.0,0.0,504.0,504.0,3.0,Y,4.0,936,316,0,1252,0.0,0.0,1,0,3,1,2.0,5,Typ,0,0.0,Attchd,1986.0,1.0,2.0,576.0,3.0,2.0,104,0,0,0,0,0,MnPrv,0,6,2006,WD ,Normal,127000,0,0,1,1,1,3,0,0,0,0,0,0,0,0,0,0,0
20,RL,70.0,10171,NoAlley,2.0,Lvl,Inside,2.0,NridgHt,Norm,1Fam,1Story,7,5,2004,2004,Gable,VinylSd,VinylSd,BrkFace,168.0,3.0,2.0,PConc,4.0,3.0,1.0,6.0,2.0,1.0,0.0,1515.0,1517.0,4.0,Y,4.0,1535,0,0,1535,0.0,0.0,2,0,3,1,3.0,7,Typ,0,0.0,Attchd,2004.0,2.0,2.0,532.0,3.0,2.0,0,0,0,0,0,0,NoFence,0,3,2010,WD ,Normal,214000,0,0,1,0,1,2,0,0,0,0,0,0,0,0,0,0,0
20,RL,74.0,11341,NoAlley,2.0,Lvl,Inside,2.0,Sawyer,Norm,1Fam,1Story,5,6,1957,1996,Hip,Wd Sdng,Wd Sdng,BrkFace,180.0,2.0,2.0,CBlock,4.0,3.0,1.0,5.0,1302.0,1.0,0.0,90.0,1392.0,2.0,Y,4.0,1392,0,0,1392,1.0,0.0,1,1,3,1,2.0,5,Mod,1,4.0,Detchd,1957.0,1.0,2.0,528.0,3.0,2.0,0,0,0,0,95,0,NoFence,0,5,2010,WD ,Normal,121500,0,1,1,0,1,3,0,0,0,0,0,0,0,0,0,0,0
20,RL,72.0,13265,NoAlley,2.0,Lvl,CulDSac,2.0,Mitchel,Norm,1Fam,1Story,8,5,2002,2002,Hip,CemntBd,CmentBd,BrkFace,148.0,3.0,2.0,PConc,4.0,3.0,1.0,6.0,1218.0,1.0,0.0,350.0,1568.0,4.0,Y,4.0,1689,0,0,1689,1.0,0.0,2,0,3,1,3.0,7,Typ,2,4.0,Attchd,2002.0,2.0,3.0,857.0,3.0,2.0,150,59,0,0,0,0,NoFence,0,7,2008,WD ,Normal,271000,0,1,1,0,1,3,0,0,0,0,0,0,0,0,0,0,0
20,FV,75.0,9000,NoAlley,3.0,Lvl,Inside,2.0,Somerst,Norm,1Fam,1Story,8,5,2008,2008,Gable,VinylSd,VinylSd,Stone,36.0,3.0,2.0,PConc,4.0,3.0,3.0,6.0,1078.0,1.0,0.0,488.0,1566.0,4.0,Y,4.0,1566,0,0,1566,1.0,0.0,2,0,3,1,3.0,7,Typ,0,0.0,Attchd,2008.0,2.0,2.0,750.0,3.0,2.0,144,168,0,0,0,0,NoFence,0,4,2010,WD ,Normal,262500,0,0,1,0,1,2,0,0,0,0,0,0,0,0,0,0,0
30,RM,60.0,10800,Grvl,3.0,Lvl,Inside,2.0,OldTown,Norm,1Fam,1Story,4,7,1885,1995,Mansard,VinylSd,VinylSd,None,0.0,2.0,2.0,BrkTil,2.0,3.0,1.0,1.0,0.0,1.0,0.0,641.0,641.0,3.0,Y,4.0,1047,0,0,1047,0.0,0.0,1,0,2,1,2.0,6,Typ,0,0.0,Detchd,1954.0,1.0,1.0,273.0,2.0,0.0,0,0,0,0,0,0,NoFence,450,8,2007,WD ,Normal,100000,0,0,1,0,1,2,0,0,0,0,0,0,0,0,0,0,0
60,RL,168.0,23257,NoAlley,0.0,HLS,CulDSac,2.0,Gilbert,Norm,1Fam,2Story,7,5,2006,2006,Gable,VinylSd,VinylSd,None,0.0,3.0,2.0,PConc,5.0,4.0,1.0,1.0,0.0,1.0,0.0,868.0,868.0,4.0,Y,4.0,887,1134,0,2021,0.0,0.0,2,1,3,1,3.0,9,Typ,1,4.0,BuiltIn,2006.0,2.0,2.0,422.0,3.0,2.0,0,100,0,0,0,0,NoFence,0,9,2006,New,Partial,274725,0,1,1,0,1,3,0,0,0,0,0,0,0,0,0,0,0
20,RL,70.0,8400,NoAlley,3.0,Lvl,Inside,2.0,NAmes,Norm,1Fam,1Story,5,6,1957,1957,Gable,MetalSd,MetalSd,None,0.0,2.0,3.0,CBlock,3.0,3.0,1.0,3.0,922.0,1.0,0.0,392.0,1314.0,2.0,Y,4.0,1314,0,0,1314,1.0,0.0,1,0,3,1,2.0,5,Typ,0,0.0,Attchd,1957.0,2.0,1.0,294.0,3.0,2.0,250,0,0,0,0,0,NoFence,0,6,2010,WD ,Normal,145000,0,0,1,0,1,2,0,0,0,0,0,0,0,0,0,0,0
20,RL,60.0,8072,NoAlley,3.0,Lvl,Inside,2.0,CollgCr,Norm,1Fam,1Story,5,5,1994,1995,Gable,VinylSd,VinylSd,None,0.0,2.0,3.0,PConc,4.0,4.0,1.0,5.0,746.0,1.0,0.0,244.0,990.0,4.0,Y,4.0,990,0,0,990,1.0,0.0,1,0,3,1,2.0,5,Typ,0,0.0,Detchd,2000.0,1.0,2.0,480.0,3.0,2.0,0,64,0,0,0,0,NoFence,0,5,2009,WD ,Normal,138000,0,0,1,0,1,2,0,0,0,0,0,0,0,0,0,0,0
60,RL,75.0,9317,NoAlley,3.0,Lvl,Inside,2.0,SawyerW,Norm,1Fam,2Story,7,5,1993,1993,Gable,HdBoard,HdBoard,BrkFace,137.0,3.0,2.0,PConc,4.0,3.0,1.0,5.0,513.0,1.0,0.0,227.0,740.0,4.0,Y,4.0,1006,769,0,1775,1.0,0.0,2,1,3,1,3.0,7,Typ,1,3.0,Attchd,1993.0,1.0,2.0,425.0,3.0,2.0,234,72,192,0,0,0,NoFence,0,7,2009,WD ,Normal,213000,0,1,1,0,1,3,0,0,0,0,0,0,0,0,0,0,0
160,FV,30.0,3000,Pave,3.0,Lvl,Inside,2.0,Somerst,Norm,TwnhsE,2Story,6,5,2009,2009,Gable,VinylSd,VinylSd,Stone,76.0,3.0,2.0,PConc,4.0,3.0,3.0,6.0,294.0,1.0,0.0,318.0,612.0,4.0,Y,4.0,612,612,0,1224,0.0,0.0,2,1,2,1,3.0,4,Typ,0,0.0,Detchd,2009.0,2.0,2.0,528.0,3.0,2.0,0,234,0,0,0,0,NoFence,0,6,2009,New,Partial,173733,0,0,1,0,1,2,0,0,0,0,0,0,0,0,0,0,0
120,RL,62.0,12677,NoAlley,2.0,Lvl,Inside,2.0,NridgHt,Norm,TwnhsE,1Story,8,5,2003,2004,Hip,MetalSd,MetalSd,BrkFace,472.0,4.0,2.0,PConc,5.0,3.0,4.0,6.0,1218.0,1.0,0.0,300.0,1518.0,4.0,Y,4.0,1518,0,0,1518,0.0,0.0,1,1,1,1,4.0,6,Typ,1,4.0,Attchd,2003.0,2.0,2.0,588.0,3.0,2.0,185,140,0,0,0,0,NoFence,0,4,2008,WD ,Normal,274000,0,1,1,0,1,3,0,0,0,0,0,0,0,0,0,0,0
20,RL,70.0,32668,NoAlley,2.0,Lvl,CulDSac,2.0,Crawfor,Norm,1Fam,1Story,6,3,1957,1975,Hip,Wd Sdng,Stone,None,0.0,3.0,2.0,PConc,3.0,3.0,1.0,3.0,1219.0,1.0,0.0,816.0,2035.0,2.0,Y,4.0,2515,0,0,2515,1.0,0.0,3,0,4,2,2.0,9,Maj1,2,3.0,Attchd,1975.0,2.0,2.0,484.0,3.0,2.0,0,0,200,0,0,0,NoFence,0,3,2007,WD ,Alloca,200624,0,1,1,0,1,3,0,0,0,0,0,0,0,0,0,0,1
30,RM,56.0,8960,Grvl,3.0,Lvl,Inside,2.0,OldTown,Artery,1Fam,1Story,5,6,1927,1950,Gable,WdShing,Wd Shng,None,0.0,2.0,2.0,CBlock,3.0,3.0,1.0,1.0,0.0,1.0,0.0,1008.0,1008.0,3.0,Y,3.0,1028,0,0,1028,0.0,0.0,1,0,2,1,2.0,5,Typ,1,4.0,Detchd,1927.0,1.0,2.0,360.0,3.0,2.0,0,0,130,0,0,0,NoFence,0,3,2010,WD ,Normal,115000,0,1,1,0,1,3,0,0,0,0,0,0,0,0,0,0,0
20,RL,80.0,10389,NoAlley,3.0,Lvl,Inside,2.0,CollgCr,Norm,1Fam,1Story,8,5,2003,2003,Hip,CemntBd,CmentBd,BrkFace,320.0,3.0,2.0,PConc,4.0,3.0,1.0,6.0,1682.0,1.0,0.0,296.0,1978.0,4.0,Y,4.0,1978,0,0,1978,1.0,0.0,2,1,3,1,3.0,8,Typ,1,4.0,Attchd,2003.0,2.0,3.0,850.0,3.0,2.0,188,25,0,0,0,0,NoFence,0,5,2010,WD ,Normal,318000,0,1,1,0,1,3,0,0,0,0,0,0,0,0,0,0,0
20,RL,80.0,53227,NoAlley,2.0,Low,CulDSac,1.0,ClearCr,Norm,1Fam,1Story,4,6,1954,1994,Flat,Plywood,Plywood,None,0.0,2.0,2.0,CBlock,4.0,3.0,4.0,4.0,1116.0,1.0,0.0,248.0,1364.0,4.0,Y,4.0,1663,0,0,1663,1.0,0.0,1,0,2,1,3.0,6,Min1,2,4.0,Attchd,1954.0,3.0,2.0,529.0,3.0,2.0,224,137,0,0,0,0,NoFence,0,3,2008,WD ,Normal,256000,0,1,1,0,1,3,0,0,0,0,0,0,0,0,0,0,0
60,RL,47.0,10820,NoAlley,1.0,Lvl,CulDSac,2.0,CollgCr,Norm,1Fam,2Story,7,5,1999,1999,Gable,VinylSd,VinylSd,None,0.0,3.0,2.0,PConc,4.0,3.0,4.0,6.0,342.0,1.0,0.0,646.0,988.0,4.0,Y,4.0,988,885,0,1873,0.0,0.0,2,1,3,1,3.0,7,Typ,1,3.0,Attchd,1999.0,2.0,2.0,597.0,3.0,2.0,202,123,0,0,0,0,NoFence,0,3,2007,WD ,Normal,235500,0,1,1,0,1,3,0,0,0,0,0,0,0,0,0,0,0
120,RL,43.0,3182,NoAlley,3.0,Lvl,Inside,2.0,Blmngtn,Norm,TwnhsE,1Story,7,5,2005,2006,Gable,VinylSd,VinylSd,BrkFace,16.0,3.0,2.0,PConc,4.0,3.0,3.0,6.0,16.0,1.0,0.0,1357.0,1373.0,4.0,Y,4.0,1555,0,0,1555,0.0,0.0,2,0,2,1,3.0,7,Typ,1,3.0,Attchd,2005.0,3.0,2.0,430.0,3.0,2.0,143,20,0,0,0,0,NoFence,0,5,2009,WD ,Normal,192500,0,1,1,0,1,3,0,0,0,0,0,0,0,0,0,0,0
20,RL,57.0,9245,NoAlley,1.0,Lvl,Inside,2.0,CollgCr,Norm,1Fam,1Story,5,5,1994,1995,Gable,VinylSd,VinylSd,None,0.0,2.0,2.0,PConc,4.0,3.0,1.0,6.0,686.0,1.0,0.0,304.0,990.0,4.0,Y,4.0,990,0,0,990,0.0,1.0,1,0,3,1,2.0,5,Typ,0,0.0,Detchd,1996.0,1.0,2.0,672.0,3.0,2.0,0,0,0,0,0,0,NoFence,0,2,2008,WD ,Normal,145000,0,0,1,0,1,2,0,0,0,0,0,0,0,0,0,0,0
20,RL,82.0,20270,NoAlley,2.0,Lvl,CulDSac,2.0,ClearCr,Norm,1Fam,1Story,7,6,1979,1979,Gable,Plywood,Plywood,None,0.0,2.0,2.0,CBlock,4.0,3.0,4.0,6.0,599.0,1.0,0.0,925.0,1524.0,2.0,Y,4.0,1524,0,0,1524,1.0,0.0,2,0,3,1,2.0,7,Typ,2,4.0,Attchd,1979.0,3.0,2.0,478.0,3.0,2.0,140,0,0,0,0,0,NoFence,0,4,2008,WD ,Normal,245000,0,1,1,0,1,3,0,0,0,0,0,0,0,0,0,0,0
50,RL,62.0,8707,NoAlley,3.0,Lvl,FR2,2.0,Edwards,Feedr,1Fam,1.5Fin,4,5,1924,1950,Gable,Wd Sdng,Wd Sdng,None,0.0,2.0,2.0,BrkTil,3.0,3.0,1.0,1.0,0.0,1.0,0.0,1093.0,1093.0,2.0,N,1.0,1093,576,0,1669,0.0,0.0,1,1,4,1,2.0,9,Min2,0,0.0,Attchd,1924.0,1.0,1.0,288.0,2.0,2.0,0,0,56,0,0,0,NoFence,0,5,2006,WD ,AdjLand,107000,0,0,0,0,1,1,0,0,0,0,0,0,0,0,0,0,0
120,RL,44.0,7390,NoAlley,2.0,Lvl,Inside,2.0,NridgHt,Norm,TwnhsE,1Story,9,5,2008,2009,Hip,MetalSd,MetalSd,BrkFace,308.0,4.0,2.0,PConc,5.0,3.0,1.0,6.0,800.0,1.0,0.0,1084.0,1884.0,4.0,Y,4.0,1884,0,0,1884,1.0,0.0,2,0,2,1,4.0,6,Typ,1,4.0,Attchd,2008.0,3.0,2.0,649.0,3.0,2.0,231,90,0,0,0,0,NoFence,0,5,2009,New,Partial,320000,0,1,1,0,1,3,0,0,0,0,0,0,0,0,0,0,0
20,RL,73.0,13495,NoAlley,2.0,Lvl,Corner,2.0,NAmes,Norm,1Fam,1Story,5,6,1956,1956,Gable,Wd Sdng,Wd Sdng,BrkFace,70.0,2.0,3.0,CBlock,3.0,3.0,1.0,4.0,625.0,2.0,201.0,222.0,1048.0,1.0,Y,4.0,1728,0,0,1728,1.0,0.0,2,0,3,1,2.0,7,Min1,1,4.0,Detchd,1956.0,1.0,2.0,576.0,3.0,2.0,0,99,0,0,0,0,NoFence,0,7,2009,WD ,Normal,177625,0,1,1,0,1,3,0,0,0,0,0,0,0,0,0,0,0
60,RL,82.0,12438,NoAlley,2.0,Lvl,Inside,2.0,StoneBr,Norm,1Fam,2Story,8,5,2006,2006,Hip,VinylSd,VinylSd,BrkFace,466.0,4.0,2.0,PConc,5.0,4.0,1.0,1.0,0.0,1.0,0.0,1234.0,1234.0,4.0,Y,4.0,1264,1312,0,2576,0.0,0.0,2,1,4,1,4.0,10,Typ,1,4.0,BuiltIn,2006.0,3.0,3.0,666.0,3.0,2.0,324,100,0,0,0,0,NoFence,0,7,2006,New,Partial,361919,0,1,1,0,1,3,0,0,0,0,0,0,0,0,0,0,0
80,RL,55.0,10780,NoAlley,2.0,Lvl,Inside,2.0,CollgCr,Norm,1Fam,SLvl,5,5,1976,1976,Gable,MetalSd,MetalSd,None,0.0,2.0,2.0,CBlock,3.0,3.0,3.0,5.0,483.0,1.0,0.0,428.0,911.0,3.0,Y,4.0,954,0,0,954,0.0,0.0,1,0,3,1,2.0,6,Typ,0,0.0,Detchd,1976.0,1.0,2.0,576.0,3.0,2.0,0,0,0,0,0,0,NoFence,0,7,2006,WD ,Normal,132500,0,0,1,0,1,2,0,0,0,0,0,0,0,0,0,0,0
30,RL,60.0,5400,NoAlley,3.0,Lvl,Corner,2.0,OldTown,Norm,1Fam,1Story,5,6,1920,1950,Gable,Wd Sdng,Wd Sdng,None,0.0,2.0,2.0,BrkTil,2.0,3.0,1.0,1.0,0.0,1.0,0.0,691.0,691.0,4.0,Y,3.0,691,0,0,691,0.0,0.0,1,0,2,1,4.0,4,Typ,0,0.0,Detchd,1920.0,1.0,1.0,216.0,2.0,0.0,0,20,94,0,0,0,NoFence,0,1,2007,WD ,Abnorml,86000,0,0,1,0,1,2,0,0,0,0,0,0,0,0,0,0,0
90,RL,64.0,7018,NoAlley,3.0,Bnk,Inside,2.0,SawyerW,Norm,Duplex,1Story,5,5,1979,1979,Gable,HdBoard,HdBoard,None,0.0,2.0,1.0,Slab,0.0,0.0,0.0,0.0,0.0,0.0,0.0,0.0,0.0,2.0,Y,4.0,1535,0,0,1535,0.0,0.0,2,0,4,2,2.0,8,Typ,0,0.0,Attchd,1979.0,1.0,2.0,410.0,3.0,2.0,0,0,0,0,0,0,NoFence,0,6,2009,WD ,Alloca,118964,0,0,1,0,1,2,0,0,0,0,0,0,0,0,0,0,0
160,RL,24.0,2308,NoAlley,3.0,Lvl,Inside,2.0,NPkVill,Norm,TwnhsE,2Story,6,5,1974,1974,Gable,Plywood,Brk Cmn,None,0.0,2.0,2.0,CBlock,3.0,3.0,1.0,5.0,257.0,3.0,495.0,103.0,855.0,2.0,Y,4.0,855,467,0,1322,0.0,1.0,2,1,3,1,2.0,6,Typ,1,2.0,Attchd,1974.0,1.0,2.0,440.0,3.0,2.0,260,0,0,0,0,0,NoFence,0,6,2009,WD ,Normal,147000,0,1,1,0,1,3,0,0,0,0,0,0,0,0,0,0,0
20,RL,64.0,6762,NoAlley,3.0,Lvl,Inside,2.0,CollgCr,Norm,1Fam,1Story,7,5,2006,2006,Gable,VinylSd,VinylSd,Stone,24.0,3.0,2.0,PConc,4.0,3.0,3.0,6.0,686.0,1.0,0.0,501.0,1187.0,4.0,Y,4.0,1208,0,0,1208,1.0,0.0,2,0,2,1,3.0,6,Typ,0,0.0,Attchd,2006.0,2.0,2.0,632.0,3.0,2.0,105,61,0,0,0,0,NoFence,0,2,2010,WD ,Normal,206000,0,0,1,0,1,2,0,0,0,0,0,0,0,0,0,0,0
60,RL,80.0,14803,NoAlley,2.0,Lvl,CulDSac,2.0,NWAmes,Norm,1Fam,2Story,6,5,1971,1971,Gable,HdBoard,HdBoard,BrkFace,252.0,2.0,2.0,CBlock,3.0,3.0,1.0,3.0,416.0,1.0,0.0,409.0,825.0,3.0,Y,4.0,1097,896,0,1993,0.0,0.0,2,1,4,1,2.0,8,Typ,1,4.0,Attchd,1971.0,2.0,2.0,495.0,3.0,2.0,0,66,0,0,0,0,GdWo,0,6,2006,WD ,Normal,190000,0,1,1,1,1,4,0,0,0,0,0,0,0,0,0,0,0
60,RL,82.0,11287,NoAlley,3.0,Lvl,Inside,2.0,SawyerW,Norm,1Fam,2Story,7,6,1989,1989,Gable,Plywood,Plywood,BrkFace,340.0,3.0,2.0,CBlock,4.0,3.0,3.0,6.0,421.0,1.0,0.0,386.0,807.0,3.0,Y,4.0,1175,807,0,1982,0.0,0.0,2,1,3,1,3.0,7,Typ,1,3.0,Attchd,1989.0,3.0,2.0,575.0,3.0,2.0,0,84,0,196,0,0,NoFence,0,1,2007,WD ,Normal,228500,0,1,1,0,1,3,0,0,0,0,0,0,0,0,0,0,0
20,RL,68.0,8562,NoAlley,3.0,Lvl,Inside,1.0,Edwards,Norm,1Fam,1Story,5,6,1957,2002,Hip,HdBoard,HdBoard,Stone,145.0,2.0,2.0,CBlock,3.0,3.0,3.0,3.0,383.0,1.0,0.0,833.0,1216.0,4.0,Y,3.0,1526,0,0,1526,0.0,0.0,1,0,4,1,2.0,7,Min2,1,4.0,Basment,1957.0,1.0,1.0,364.0,3.0,2.0,116,78,0,0,0,0,NoFence,0,5,2010,WD ,Normal,144500,0,1,1,0,1,3,0,0,0,0,0,0,0,0,0,0,0
90,RL,70.0,11855,NoAlley,3.0,Lvl,Inside,2.0,SawyerW,Norm,Duplex,2Story,7,5,2000,2000,Hip,VinylSd,VinylSd,BrkFace,23.0,2.0,2.0,PConc,5.0,3.0,1.0,6.0,820.0,1.0,0.0,348.0,1168.0,4.0,Y,4.0,1168,1619,0,2787,2.0,0.0,4,2,6,2,2.0,8,Typ,2,3.0,BuiltIn,2000.0,3.0,4.0,820.0,3.0,2.0,312,0,0,0,0,0,NoFence,0,10,2009,WD ,Normal,269500,0,1,1,0,1,3,0,0,0,0,0,0,0,0,0,0,0
120,RL,48.0,6240,NoAlley,3.0,Lvl,Inside,2.0,NridgHt,Norm,TwnhsE,1Story,8,5,2006,2006,Hip,MetalSd,MetalSd,BrkFace,176.0,3.0,2.0,PConc,4.0,3.0,1.0,6.0,863.0,1.0,0.0,461.0,1324.0,4.0,Y,4.0,1324,0,0,1324,1.0,0.0,2,0,2,1,3.0,6,Typ,1,4.0,Attchd,2006.0,3.0,2.0,550.0,3.0,2.0,192,38,0,0,0,0,NoFence,0,12,2009,WD ,Normal,254000,0,1,1,0,1,3,0,0,0,0,0,0,0,0,0,0,0
20,RM,60.0,6000,Pave,3.0,Bnk,Inside,1.0,OldTown,Norm,2fmCon,1Story,4,4,1953,1953,Gable,MetalSd,MetalSd,None,0.0,1.0,2.0,CBlock,2.0,3.0,1.0,1.0,0.0,1.0,0.0,936.0,936.0,2.0,N,4.0,936,0,0,936,0.0,0.0,1,0,2,1,2.0,4,Min2,0,0.0,Detchd,1974.0,1.0,2.0,576.0,3.0,2.0,0,32,112,0,0,0,NoFence,0,2,2009,WD ,Normal,93000,0,0,0,0,1,1,0,0,0,0,0,0,0,0,0,0,0
20,RL,70.0,11423,NoAlley,3.0,Lvl,Inside,2.0,CollgCr,Norm,1Fam,1Story,8,5,2001,2002,Gable,VinylSd,VinylSd,BrkFace,479.0,3.0,2.0,PConc,4.0,3.0,3.0,6.0,1358.0,1.0,0.0,223.0,1581.0,4.0,Y,4.0,1601,0,0,1601,1.0,0.0,2,0,3,1,3.0,6,Typ,1,3.0,Attchd,2001.0,2.0,2.0,670.0,3.0,2.0,180,0,0,0,0,0,MnPrv,2000,5,2010,WD ,Normal,272000,0,1,1,1,1,4,0,0,0,0,0,0,0,0,0,0,0
20,RL,70.0,8294,NoAlley,3.0,Lvl,Inside,2.0,NAmes,Norm,1Fam,1Story,4,5,1971,1971,Gable,MetalSd,MetalSd,None,0.0,2.0,2.0,CBlock,3.0,3.0,1.0,1.0,0.0,1.0,0.0,858.0,858.0,2.0,Y,4.0,872,0,0,872,0.0,0.0,1,0,3,1,2.0,5,Typ,0,0.0,Detchd,1974.0,1.0,4.0,480.0,3.0,2.0,0,0,0,0,0,0,GdWo,0,6,2007,WD ,Normal,123000,0,0,1,1,1,3,0,0,0,0,0,0,0,0,0,0,0
50,RL,60.0,7200,NoAlley,3.0,Lvl,Corner,2.0,SWISU,Feedr,1Fam,1.5Fin,5,7,1937,1950,Gable,Wd Sdng,Wd Sdng,BrkFace,252.0,2.0,2.0,BrkTil,4.0,3.0,1.0,5.0,569.0,1.0,0.0,162.0,731.0,4.0,Y,4.0,981,787,0,1768,1.0,0.0,1,1,3,1,3.0,7,Typ,2,3.0,Detchd,1939.0,1.0,1.0,240.0,3.0,2.0,0,0,264,0,0,0,MnPrv,0,6,2007,WD ,Normal,175000,0,1,1,1,1,4,0,0,0,0,0,0,0,0,0,0,0
20,RL,73.0,11425,NoAlley,2.0,Lvl,Corner,2.0,NAmes,Norm,1Fam,1Story,5,6,1954,1954,Gable,BrkFace,BrkFace,None,0.0,2.0,2.0,CBlock,3.0,3.0,1.0,4.0,486.0,1.0,0.0,522.0,1008.0,3.0,Y,4.0,1008,0,0,1008,0.0,0.0,1,0,2,1,2.0,4,Typ,1,4.0,Attchd,1954.0,2.0,1.0,275.0,3.0,2.0,0,0,120,0,0,0,NoFence,0,7,2006,WD ,Normal,137000,0,1,1,0,1,3,0,0,0,0,0,0,0,0,0,0,0
120,FV,34.0,3628,Pave,3.0,Lvl,Inside,2.0,Somerst,Norm,TwnhsE,1Story,7,5,2004,2004,Gable,MetalSd,MetalSd,None,0.0,3.0,2.0,PConc,4.0,3.0,1.0,1.0,0.0,1.0,0.0,1143.0,1143.0,4.0,Y,4.0,1143,0,0,1143,0.0,0.0,1,1,1,1,3.0,5,Typ,1,4.0,Attchd,2004.0,2.0,2.0,588.0,3.0,2.0,0,191,0,0,0,0,NoFence,0,5,2006,WD ,Normal,176400,0,1,1,0,1,3,0,0,0,0,0,0,0,0,0,0,0
50,RL,65.0,6435,NoAlley,3.0,Lvl,Inside,2.0,BrkSide,RRAn,1Fam,1.5Fin,6,5,1939,1950,Gable,MetalSd,MetalSd,None,0.0,2.0,2.0,BrkTil,3.0,3.0,1.0,1.0,0.0,1.0,0.0,972.0,972.0,3.0,Y,4.0,972,605,0,1577,0.0,0.0,1,0,3,1,1.0,6,Typ,1,4.0,Detchd,1939.0,1.0,1.0,312.0,3.0,2.0,0,0,0,0,0,0,NoFence,0,10,2006,WD ,Normal,140200,0,1,1,0,1,3,0,0,0,0,0,0,0,0,0,0,0
120,RL,43.0,3182,NoAlley,3.0,Lvl,Inside,2.0,Blmngtn,Norm,TwnhsE,1Story,7,5,2005,2006,Gable,VinylSd,VinylSd,BrkFace,16.0,3.0,2.0,PConc,4.0,3.0,3.0,6.0,16.0,1.0,0.0,1204.0,1220.0,4.0,Y,4.0,1220,0,0,1220,0.0,0.0,2,0,2,1,3.0,5,Typ,1,4.0,Attchd,2005.0,3.0,2.0,397.0,3.0,2.0,100,16,0,0,0,0,NoFence,0,8,2009,WD ,Normal,180000,0,1,1,0,1,3,0,0,0,0,0,0,0,0,0,0,0
120,RM,44.0,3843,NoAlley,2.0,HLS,Inside,1.0,Crawfor,Norm,TwnhsE,1Story,8,5,2007,2008,Hip,CemntBd,CmentBd,Stone,186.0,4.0,2.0,PConc,5.0,3.0,4.0,6.0,1476.0,1.0,0.0,120.0,1596.0,4.0,Y,4.0,1648,0,0,1648,1.0,1.0,2,0,2,1,4.0,5,Typ,1,4.0,Attchd,2007.0,3.0,2.0,525.0,3.0,2.0,162,53,0,153,0,0,NoFence,0,8,2008,New,Partial,294464,0,1,1,0,1,3,0,0,0,0,0,0,0,0,0,0,0
30,RM,52.0,6240,Grvl,3.0,Lvl,Inside,2.0,IDOTRR,Norm,1Fam,1.5Fin,4,5,1925,1950,Gable,MetalSd,MetalSd,None,0.0,2.0,2.0,CBlock,3.0,3.0,1.0,4.0,152.0,1.0,0.0,628.0,780.0,2.0,Y,3.0,848,0,360,1208,0.0,0.0,1,0,2,1,2.0,5,Typ,0,0.0,Detchd,1962.0,1.0,2.0,539.0,3.0,2.0,0,23,112,0,0,0,NoFence,0,1,2009,WD ,Normal,103000,0,0,1,0,1,2,0,0,0,0,0,0,0,0,0,0,0
120,RL,60.0,8147,NoAlley,3.0,HLS,Inside,2.0,StoneBr,Norm,TwnhsE,1Story,9,5,2005,2005,Hip,MetalSd,MetalSd,BrkFace,230.0,3.0,2.0,PConc,5.0,3.0,4.0,6.0,1191.0,1.0,0.0,523.0,1714.0,4.0,Y,4.0,1714,0,0,1714,1.0,0.0,2,0,2,1,3.0,7,Typ,1,4.0,Attchd,2005.0,3.0,2.0,517.0,3.0,2.0,156,55,0,0,0,0,NoFence,0,8,2006,WD ,Normal,318000,0,1,1,0,1,3,0,0,0,0,0,0,0,0,0,0,0
20,RL,69.0,8973,NoAlley,3.0,Lvl,Inside,2.0,NAmes,Norm,1Fam,1Story,5,7,1958,1991,Gable,Plywood,Plywood,BrkFace,85.0,2.0,2.0,CBlock,3.0,3.0,1.0,3.0,567.0,4.0,28.0,413.0,1008.0,2.0,Y,3.0,1053,0,0,1053,0.0,1.0,1,1,3,1,4.0,6,Typ,0,0.0,2Types,1998.0,2.0,2.0,750.0,3.0,2.0,0,80,0,180,0,0,MnWw,0,7,2006,WD ,Abnorml,150000,0,0,1,1,1,3,0,0,0,0,0,0,0,0,0,0,0
20,RL,65.0,8450,NoAlley,3.0,Lvl,Inside,2.0,CollgCr,Norm,1Fam,1Story,7,5,2003,2003,Gable,VinylSd,VinylSd,None,0.0,3.0,2.0,PConc,4.0,3.0,2.0,6.0,699.0,1.0,0.0,638.0,1337.0,4.0,Y,4.0,1337,0,0,1337,1.0,0.0,2,0,3,1,3.0,6,Typ,0,0.0,Attchd,2003.0,2.0,2.0,531.0,3.0,2.0,0,39,0,0,0,0,NoFence,0,10,2007,WD ,Normal,185000,0,0,1,0,1,2,0,0,0,0,0,0,0,0,0,0,0
50,RM,55.0,8674,NoAlley,3.0,HLS,Inside,2.0,BrkSide,RRNn,1Fam,1.5Fin,5,6,1950,1950,Gable,MetalSd,MetalSd,None,0.0,2.0,2.0,CBlock,2.0,3.0,1.0,3.0,910.0,1.0,0.0,0.0,910.0,2.0,Y,4.0,910,525,0,1435,1.0,0.0,1,0,3,1,2.0,6,Typ,0,0.0,Detchd,1950.0,1.0,1.0,308.0,3.0,2.0,0,33,0,0,0,0,NoFence,0,3,2007,WD ,Normal,128250,0,0,1,0,1,2,0,0,0,0,0,0,0,0,0,0,0
50,RL,80.0,9600,NoAlley,3.0,Lvl,Inside,2.0,NAmes,Norm,1Fam,1.5Fin,6,5,1950,1950,Gable,VinylSd,VinylSd,None,0.0,2.0,2.0,CBlock,3.0,3.0,1.0,4.0,280.0,1.0,0.0,752.0,1032.0,2.0,Y,3.0,1032,220,0,1252,0.0,0.0,1,0,3,1,2.0,6,Typ,0,0.0,Attchd,1950.0,1.0,1.0,288.0,3.0,2.0,0,0,96,0,0,0,NoFence,0,4,2008,WD ,Abnorml,119000,0,0,1,0,1,2,0,0,0,0,0,0,0,0,0,0,0
90,RM,68.0,8930,NoAlley,3.0,Lvl,Inside,2.0,Sawyer,RRAe,Duplex,1.5Fin,6,5,1978,1978,Gable,VinylSd,VinylSd,None,0.0,2.0,2.0,Slab,0.0,0.0,0.0,0.0,0.0,0.0,0.0,0.0,0.0,2.0,Y,4.0,1318,584,0,1902,0.0,0.0,2,0,4,2,2.0,8,Typ,0,0.0,Attchd,1978.0,1.0,2.0,539.0,3.0,2.0,0,0,0,0,0,0,NoFence,0,4,2010,WD ,Normal,112000,0,0,1,0,1,2,0,0,0,0,0,0,0,0,0,0,0
50,RL,72.0,7822,NoAlley,3.0,Bnk,Corner,2.0,Edwards,Artery,1Fam,1.5Fin,6,3,1915,1950,Gable,AsbShng,AsbShng,None,0.0,2.0,1.0,BrkTil,2.0,2.0,1.0,1.0,0.0,1.0,0.0,832.0,832.0,2.0,Y,1.0,846,492,0,1338,0.0,0.0,2,0,3,1,2.0,7,Typ,0,0.0,Detchd,1974.0,1.0,2.0,528.0,3.0,0.0,0,0,208,0,0,0,GdPrv,0,5,2006,WD ,AdjLand,92000,0,0,1,1,1,3,0,0,0,0,0,0,0,0,0,0,0
30,RM,60.0,7392,NoAlley,3.0,Lvl,Inside,2.0,IDOTRR,Norm,1Fam,1Story,5,7,1930,1995,Gable,Wd Sdng,Wd Sdng,None,0.0,2.0,2.0,BrkTil,3.0,3.0,1.0,1.0,0.0,1.0,0.0,520.0,520.0,2.0,Y,3.0,912,0,0,912,0.0,0.0,1,0,2,1,2.0,5,Typ,0,0.0,Detchd,1934.0,2.0,1.0,360.0,3.0,2.0,0,90,0,0,0,0,NoFence,0,5,2008,WD ,Normal,99500,0,0,1,0,1,2,0,0,0,0,0,0,0,0,0,0,0
190,C (all),60.0,7200,NoAlley,3.0,Lvl,Corner,2.0,OldTown,Norm,2fmCon,2.5Unf,6,6,1910,1998,Hip,MetalSd,MetalSd,None,0.0,2.0,2.0,BrkTil,3.0,2.0,2.0,3.0,1046.0,1.0,0.0,168.0,1214.0,4.0,N,4.0,1260,1031,0,2291,0.0,1.0,2,0,4,2,2.0,9,Typ,1,4.0,Detchd,1900.0,1.0,2.0,506.0,3.0,2.0,0,0,0,0,99,0,NoFence,0,11,2007,WD ,Normal,133900,0,1,0,0,1,2,0,0,0,0,0,0,0,0,0,0,0
20,RL,91.0,11400,NoAlley,3.0,Lvl,Inside,2.0,NoRidge,Norm,1Fam,1Story,10,5,2001,2002,Hip,VinylSd,VinylSd,BrkFace,705.0,4.0,2.0,PConc,5.0,3.0,4.0,6.0,1282.0,1.0,0.0,1351.0,2633.0,4.0,Y,4.0,2633,0,0,2633,1.0,0.0,2,1,2,1,4.0,8,Typ,2,4.0,Attchd,2001.0,2.0,3.0,804.0,3.0,2.0,314,140,0,0,0,0,NoFence,0,3,2007,WD ,Normal,466500,0,1,1,0,1,3,0,0,0,0,0,0,0,0,0,0,0
20,RL,64.0,7242,NoAlley,3.0,Lvl,Inside,2.0,CollgCr,Norm,1Fam,1Story,7,5,2005,2006,Gable,VinylSd,VinylSd,None,0.0,3.0,2.0,PConc,4.0,3.0,1.0,1.0,0.0,1.0,0.0,1270.0,1270.0,4.0,Y,4.0,1270,0,0,1270,0.0,0.0,2,0,2,1,3.0,6,Typ,0,0.0,Attchd,2005.0,2.0,2.0,524.0,3.0,2.0,0,96,0,0,0,0,NoFence,0,7,2007,WD ,Normal,175900,0,0,1,0,1,2,0,0,0,0,0,0,0,0,0,0,0
60,RL,79.0,10208,NoAlley,2.0,Lvl,Inside,2.0,NoRidge,Norm,1Fam,2Story,7,5,1996,1997,Gable,VinylSd,VinylSd,BrkFace,921.0,3.0,2.0,PConc,4.0,3.0,1.0,1.0,0.0,1.0,0.0,1264.0,1264.0,4.0,Y,4.0,1277,1067,0,2344,0.0,0.0,2,1,3,1,3.0,7,Typ,1,3.0,Attchd,1996.0,2.0,3.0,889.0,3.0,2.0,220,0,0,0,0,0,NoFence,0,7,2009,WD ,Normal,265000,0,1,1,0,1,3,0,0,0,0,0,0,0,0,0,0,0
60,RL,43.0,11492,NoAlley,2.0,Lvl,CulDSac,2.0,SawyerW,Norm,1Fam,2Story,7,5,1996,1997,Gable,VinylSd,VinylSd,BrkFace,132.0,3.0,2.0,PConc,4.0,3.0,1.0,6.0,637.0,1.0,0.0,276.0,913.0,4.0,Y,4.0,913,1209,0,2122,1.0,0.0,2,1,4,1,3.0,8,Typ,1,3.0,Attchd,1997.0,2.0,2.0,559.0,3.0,2.0,0,74,0,0,0,0,NoFence,0,4,2009,WD ,Normal,220000,0,1,1,0,1,3,0,0,0,0,0,0,0,0,0,0,0
60,RL,96.0,11308,NoAlley,2.0,Lvl,Inside,2.0,NridgHt,Norm,1Fam,2Story,9,5,2008,2008,Gable,VinylSd,VinylSd,Stone,154.0,4.0,2.0,PConc,5.0,3.0,3.0,6.0,936.0,1.0,0.0,168.0,1104.0,4.0,Y,4.0,1130,1054,0,2184,1.0,0.0,2,1,3,1,4.0,10,Typ,1,4.0,Attchd,2008.0,3.0,3.0,836.0,3.0,2.0,0,102,0,0,0,0,NoFence,0,7,2009,WD ,Normal,335000,0,1,1,0,1,3,0,0,0,0,0,0,0,0,0,0,0
120,RL,24.0,4928,NoAlley,2.0,Lvl,Inside,2.0,NPkVill,Norm,TwnhsE,1Story,6,6,1976,1976,Gable,Plywood,Plywood,None,0.0,2.0,2.0,CBlock,4.0,3.0,1.0,2.0,958.0,1.0,0.0,0.0,958.0,2.0,Y,4.0,958,0,0,958,0.0,0.0,2,0,2,1,2.0,5,Typ,0,0.0,Attchd,1976.0,2.0,2.0,440.0,3.0,2.0,0,60,0,0,0,0,NoFence,0,10,2009,WD ,Normal,143750,0,0,1,0,1,2,0,0,0,0,0,0,0,0,0,0,0
85,RL,68.0,7838,NoAlley,3.0,Lvl,Inside,2.0,NAmes,Norm,1Fam,SFoyer,5,5,1967,1967,Gable,HdBoard,HdBoard,None,0.0,2.0,2.0,CBlock,3.0,3.0,3.0,5.0,769.0,1.0,0.0,95.0,864.0,2.0,Y,4.0,900,0,0,900,1.0,0.0,1,0,3,1,2.0,6,Typ,1,1.0,Attchd,1967.0,2.0,1.0,288.0,3.0,2.0,175,144,0,0,0,0,MnWw,0,12,2006,WD ,Normal,123000,0,1,1,1,1,4,0,0,0,0,0,0,0,0,0,0,0
60,RL,65.0,10237,NoAlley,3.0,Lvl,Inside,2.0,Gilbert,RRAn,1Fam,2Story,6,5,2005,2006,Gable,VinylSd,VinylSd,None,0.0,3.0,2.0,PConc,4.0,3.0,1.0,1.0,0.0,1.0,0.0,768.0,768.0,4.0,Y,4.0,768,768,0,1536,0.0,0.0,2,1,3,1,3.0,6,Typ,1,4.0,Attchd,2005.0,3.0,2.0,400.0,3.0,2.0,100,38,0,0,0,0,NoFence,0,6,2007,WD ,Normal,176000,0,1,1,0,1,3,0,0,0,0,0,0,0,0,0,0,0
160,RH,69.0,3612,NoAlley,2.0,Lvl,Inside,2.0,Landmrk,Norm,Twnhs,2Story,6,5,1993,1994,Gable,VinylSd,VinylSd,None,0.0,2.0,2.0,PConc,4.0,3.0,1.0,6.0,338.0,1.0,0.0,292.0,630.0,4.0,Y,4.0,630,690,0,1320,0.0,0.0,2,1,3,1,2.0,5,Typ,0,0.0,Detchd,1993.0,1.0,2.0,484.0,3.0,2.0,0,48,0,0,0,0,MnPrv,0,6,2006,WD ,Normal,137000,0,0,1,1,1,3,0,0,0,0,0,0,0,0,0,0,0
30,RM,60.0,7200,NoAlley,3.0,Lvl,Inside,2.0,OldTown,Norm,1Fam,1Story,5,4,1910,2006,Hip,MetalSd,Stucco,None,0.0,2.0,2.0,BrkTil,3.0,3.0,1.0,5.0,247.0,3.0,465.0,310.0,1022.0,2.0,N,4.0,1022,0,0,1022,1.0,0.0,1,0,2,1,2.0,4,Maj2,0,0.0,Detchd,1956.0,1.0,1.0,280.0,3.0,2.0,0,30,226,0,0,0,NoFence,0,6,2009,WD ,Normal,85000,0,0,0,0,1,1,0,0,0,0,0,0,0,0,0,0,0
50,RM,75.0,9000,NoAlley,3.0,Lvl,Corner,2.0,OldTown,Norm,1Fam,1.5Fin,5,6,1946,1950,Gable,MetalSd,MetalSd,None,0.0,2.0,2.0,CBlock,3.0,3.0,1.0,3.0,445.0,1.0,0.0,459.0,904.0,4.0,Y,3.0,904,595,0,1499,0.0,0.0,1,0,3,1,2.0,5,Typ,1,1.0,Detchd,1959.0,1.0,3.0,869.0,3.0,2.0,0,20,0,0,0,0,NoFence,0,6,2008,WD ,Normal,140000,0,1,1,0,1,3,0,0,0,0,0,0,0,0,0,0,0
60,RL,92.0,11764,NoAlley,2.0,Lvl,CulDSac,2.0,NoRidge,Norm,1Fam,2Story,8,7,1999,2007,Gable,VinylSd,VinylSd,BrkFace,348.0,3.0,2.0,PConc,4.0,3.0,1.0,6.0,524.0,1.0,0.0,628.0,1152.0,4.0,Y,4.0,1164,1106,0,2270,0.0,0.0,2,1,4,1,3.0,9,Typ,1,4.0,Attchd,1999.0,3.0,3.0,671.0,3.0,2.0,132,57,0,0,0,0,NoFence,0,4,2010,WD ,Normal,290000,0,1,1,0,1,3,0,0,0,0,0,0,0,0,0,0,0
50,RL,67.0,12354,Grvl,3.0,Lvl,Corner,2.0,Edwards,Norm,1Fam,1.5Fin,6,8,1920,2000,Gable,Wd Sdng,Wd Sdng,None,0.0,2.0,2.0,BrkTil,3.0,2.0,2.0,1.0,0.0,1.0,0.0,684.0,684.0,3.0,Y,4.0,684,512,0,1196,0.0,0.0,1,0,3,1,3.0,7,Typ,0,0.0,Detchd,2005.0,1.0,2.0,528.0,3.0,2.0,0,46,0,0,0,0,GdPrv,800,8,2009,ConLI,Normal,110000,0,0,1,1,1,3,0,0,0,0,0,0,0,0,0,0,0
45,RM,58.0,6380,NoAlley,3.0,Lvl,Inside,2.0,BrkSide,Norm,1Fam,1.5Unf,5,6,1922,1950,Gable,MetalSd,MetalSd,None,0.0,2.0,2.0,BrkTil,3.0,2.0,1.0,1.0,0.0,1.0,0.0,993.0,993.0,2.0,Y,3.0,1048,0,0,1048,0.0,0.0,1,0,2,1,2.0,5,Typ,1,4.0,Detchd,1922.0,1.0,1.0,280.0,3.0,2.0,0,0,116,0,0,0,NoFence,0,8,2006,WD ,Normal,113000,0,1,1,0,1,3,0,0,0,0,0,0,0,0,0,0,0
30,RL,55.0,7111,NoAlley,2.0,Bnk,Inside,2.0,BrkSide,Norm,1Fam,1Story,5,7,1928,1983,Gable,WdShing,Wd Shng,None,0.0,3.0,3.0,BrkTil,3.0,3.0,1.0,2.0,406.0,4.0,273.0,329.0,1008.0,2.0,Y,4.0,1143,0,0,1143,0.0,0.0,1,0,2,1,2.0,5,Typ,1,1.0,Detchd,1992.0,1.0,1.0,288.0,3.0,2.0,265,0,0,0,0,0,GdPrv,0,7,2008,WD ,Normal,138000,0,1,1,1,1,4,0,0,0,0,0,0,0,0,0,0,0
50,RL,50.0,9350,NoAlley,3.0,Bnk,Inside,2.0,Edwards,Norm,1Fam,1.5Fin,4,6,1947,1979,Gable,WdShing,Wd Shng,None,0.0,2.0,2.0,CBlock,3.0,2.0,1.0,2.0,192.0,1.0,0.0,564.0,756.0,4.0,Y,4.0,1169,0,362,1531,0.0,0.0,1,0,3,1,2.0,8,Typ,1,3.0,Detchd,1947.0,1.0,1.0,209.0,2.0,2.0,0,0,0,0,0,0,MnPrv,0,6,2010,WD ,Normal,127000,0,1,1,1,1,4,0,0,0,0,0,0,0,0,0,0,0
20,RL,60.0,7038,NoAlley,3.0,Lvl,Inside,2.0,NAmes,Norm,1Fam,1Story,4,6,1970,1970,Gable,VinylSd,VinylSd,None,0.0,2.0,2.0,CBlock,3.0,3.0,1.0,5.0,726.0,1.0,0.0,138.0,864.0,2.0,Y,4.0,864,0,0,864,1.0,0.0,1,0,3,1,2.0,5,Typ,0,0.0,Detchd,2001.0,1.0,2.0,576.0,3.0,2.0,210,0,0,0,0,0,GdPrv,0,9,2009,WD ,Abnorml,76500,0,0,1,1,1,3,0,0,0,0,0,0,0,0,0,0,0
20,RL,80.0,9736,NoAlley,3.0,Lvl,Inside,2.0,NAmes,Feedr,1Fam,1Story,6,6,1957,1969,Gable,Wd Sdng,Wd Sdng,BrkFace,289.0,2.0,2.0,CBlock,3.0,3.0,1.0,4.0,668.0,3.0,138.0,525.0,1331.0,3.0,Y,4.0,1721,0,0,1721,0.0,0.0,1,0,4,1,2.0,8,Typ,3,3.0,Attchd,1957.0,1.0,2.0,464.0,3.0,2.0,0,0,0,0,0,0,NoFence,0,4,2007,WD ,Normal,174850,0,1,1,0,1,3,0,0,0,0,0,0,0,0,0,0,0
60,RL,65.0,7800,NoAlley,3.0,Lvl,Inside,2.0,SawyerW,Norm,1Fam,2Story,7,5,2005,2005,Gable,VinylSd,VinylSd,BrkFace,172.0,3.0,2.0,PConc,4.0,3.0,1.0,1.0,0.0,1.0,0.0,891.0,891.0,4.0,Y,4.0,891,795,0,1686,0.0,0.0,2,1,3,1,3.0,8,Typ,0,0.0,Attchd,2005.0,3.0,2.0,462.0,3.0,2.0,144,101,0,0,0,0,NoFence,0,4,2006,WD ,Normal,184000,0,0,1,0,1,2,0,0,0,0,0,0,0,0,0,0,0
60,RL,67.0,10566,NoAlley,2.0,Lvl,Inside,2.0,CollgCr,Norm,1Fam,2Story,8,5,1999,1999,Gable,VinylSd,VinylSd,BrkFace,261.0,3.0,2.0,PConc,4.0,3.0,3.0,6.0,920.0,1.0,0.0,170.0,1090.0,4.0,Y,4.0,1090,1124,0,2214,1.0,0.0,2,1,3,1,3.0,8,Typ,1,3.0,Attchd,1999.0,3.0,3.0,646.0,3.0,2.0,197,80,0,0,0,0,NoFence,0,7,2006,WD ,Normal,268500,0,1,1,0,1,3,0,0,0,0,0,0,0,0,0,0,0
60,RL,72.0,8640,NoAlley,3.0,Lvl,Inside,2.0,NAmes,Feedr,1Fam,2Story,5,5,1968,1968,Gable,HdBoard,HdBoard,BrkFace,300.0,2.0,2.0,CBlock,4.0,2.0,2.0,5.0,361.0,3.0,483.0,56.0,900.0,4.0,Y,4.0,884,886,0,1770,1.0,0.0,1,1,4,1,2.0,7,Typ,0,0.0,Attchd,1968.0,2.0,2.0,530.0,3.0,2.0,0,60,0,0,270,0,NoFence,455,6,2006,WD ,Normal,155000,0,0,1,0,1,2,0,0,0,0,0,0,0,0,0,0,0
20,RL,79.0,8910,NoAlley,3.0,Lvl,Corner,2.0,NAmes,Norm,1Fam,1Story,6,6,1959,1959,Hip,BrkFace,BrkFace,None,0.0,2.0,2.0,CBlock,3.0,3.0,2.0,5.0,655.0,1.0,0.0,0.0,655.0,4.0,Y,4.0,1194,0,0,1194,0.0,1.0,1,0,3,1,2.0,6,Typ,1,2.0,BuiltIn,1954.0,3.0,2.0,539.0,3.0,2.0,0,0,192,0,0,0,NoFence,0,7,2006,WD ,Normal,159500,0,1,1,0,1,3,0,0,0,0,0,0,0,0,0,0,0
60,RL,60.0,7500,NoAlley,3.0,Lvl,Inside,2.0,Gilbert,Norm,1Fam,2Story,7,5,1999,1999,Gable,VinylSd,VinylSd,None,0.0,2.0,2.0,PConc,3.0,3.0,1.0,1.0,0.0,1.0,0.0,994.0,994.0,3.0,Y,4.0,1028,776,0,1804,0.0,0.0,2,1,3,1,3.0,7,Typ,1,3.0,Attchd,1999.0,3.0,2.0,442.0,3.0,2.0,140,60,0,0,0,0,NoFence,0,6,2010,WD ,Normal,189000,0,1,1,0,1,3,0,0,0,0,0,0,0,0,0,0,0
80,RL,65.0,14149,NoAlley,2.0,Lvl,Inside,2.0,Sawyer,Norm,1Fam,SLvl,5,8,1964,2001,Hip,HdBoard,HdBoard,BrkFace,50.0,3.0,3.0,CBlock,3.0,3.0,4.0,2.0,68.0,4.0,722.0,190.0,980.0,2.0,Y,4.0,1020,0,0,1020,0.0,1.0,2,0,3,1,2.0,5,Typ,1,1.0,Detchd,1970.0,1.0,2.0,528.0,3.0,2.0,0,0,0,0,0,0,NoFence,0,5,2007,WD ,Normal,165000,0,1,1,0,1,3,0,0,0,0,0,0,0,0,0,0,0
20,RL,70.0,8400,NoAlley,3.0,Lvl,Corner,2.0,NAmes,Norm,1Fam,1Story,5,5,1955,1955,Gable,MetalSd,MetalSd,None,0.0,2.0,3.0,CBlock,3.0,3.0,1.0,4.0,793.0,1.0,0.0,130.0,923.0,2.0,Y,4.0,925,0,0,925,1.0,0.0,1,0,3,1,2.0,5,Typ,2,3.0,Attchd,1955.0,1.0,1.0,390.0,3.0,2.0,81,0,0,0,0,0,GdWo,0,3,2007,WD ,Normal,116900,0,1,1,1,1,4,0,0,0,0,0,0,0,0,0,0,0
50,RM,51.0,6120,NoAlley,3.0,Lvl,Inside,2.0,BrkSide,Norm,1Fam,1.5Fin,5,6,1938,1950,Gable,Wd Sdng,Wd Sdng,None,0.0,2.0,2.0,BrkTil,3.0,2.0,1.0,2.0,273.0,1.0,0.0,679.0,952.0,2.0,Y,3.0,994,588,0,1582,0.0,0.0,2,0,3,1,2.0,6,Typ,1,4.0,Detchd,1938.0,1.0,1.0,250.0,2.0,2.0,189,0,34,150,0,0,NoFence,0,2,2009,WD ,Normal,150000,0,1,1,0,1,3,0,0,0,0,0,0,0,0,0,0,0
20,RL,48.0,10635,NoAlley,1.0,Lvl,FR2,2.0,CollgCr,Norm,1Fam,1Story,8,5,2003,2003,Hip,VinylSd,VinylSd,BrkFace,171.0,3.0,2.0,PConc,4.0,3.0,3.0,4.0,370.0,6.0,972.0,315.0,1657.0,4.0,Y,4.0,1668,0,0,1668,1.0,0.0,2,0,3,1,3.0,8,Typ,1,3.0,Attchd,2003.0,3.0,2.0,502.0,3.0,2.0,0,262,0,0,0,0,NoFence,0,5,2010,WD ,Normal,232000,0,1,1,0,1,3,0,0,0,0,0,0,0,0,0,0,0
20,RL,70.0,9926,NoAlley,2.0,Lvl,Inside,2.0,NridgHt,Norm,1Fam,1Story,7,5,2005,2006,Gable,VinylSd,VinylSd,BrkFace,210.0,3.0,2.0,PConc,4.0,3.0,2.0,6.0,1178.0,1.0,0.0,436.0,1614.0,4.0,Y,4.0,1614,0,0,1614,1.0,0.0,2,0,3,1,3.0,7,Typ,0,0.0,Attchd,2005.0,2.0,3.0,878.0,3.0,2.0,100,38,0,0,0,0,NoFence,0,5,2007,WD ,Normal,245700,0,0,1,0,1,2,0,0,0,0,0,0,0,0,0,0,0
160,RL,24.0,2349,NoAlley,3.0,Lvl,Inside,2.0,NPkVill,Norm,Twnhs,2Story,6,5,1977,1977,Gable,Plywood,Brk Cmn,None,0.0,2.0,2.0,CBlock,4.0,3.0,1.0,5.0,389.0,1.0,0.0,466.0,855.0,2.0,Y,4.0,855,601,0,1456,0.0,0.0,2,1,3,1,2.0,6,Typ,1,3.0,Attchd,1977.0,1.0,2.0,440.0,3.0,2.0,0,28,0,0,0,0,NoFence,0,5,2009,WD ,Normal,137900,0,1,1,0,1,3,0,0,0,0,0,0,0,0,0,0,0
160,RM,21.0,2205,NoAlley,3.0,Lvl,Inside,2.0,BrDale,Norm,Twnhs,2Story,6,6,1973,1973,Gable,HdBoard,HdBoard,BrkFace,567.0,2.0,2.0,CBlock,3.0,3.0,1.0,5.0,312.0,1.0,0.0,213.0,525.0,2.0,Y,4.0,525,567,0,1092,0.0,0.0,1,1,3,1,2.0,6,Typ,0,0.0,Detchd,1973.0,1.0,1.0,264.0,3.0,2.0,144,0,0,0,0,0,NoFence,0,2,2007,WD ,Normal,113500,0,0,1,0,1,2,0,0,0,0,0,0,0,0,0,0,0
180,RM,21.0,1526,NoAlley,3.0,Lvl,Inside,2.0,MeadowV,Norm,Twnhs,SFoyer,4,8,1970,2002,Gable,CemntBd,CmentBd,None,0.0,2.0,3.0,CBlock,4.0,3.0,3.0,6.0,515.0,1.0,0.0,115.0,630.0,2.0,Y,4.0,630,0,0,630,1.0,0.0,1,0,1,1,3.0,3,Typ,0,0.0,Attchd,1970.0,1.0,1.0,286.0,3.0,2.0,0,0,0,0,0,0,NoFence,0,5,2009,WD ,Normal,86000,0,0,1,0,1,2,0,0,0,0,0,0,0,0,0,0,0
20,RL,70.0,8749,NoAlley,3.0,Lvl,Inside,2.0,CollgCr,Norm,1Fam,1Story,7,5,2002,2002,Gable,VinylSd,VinylSd,BrkFace,100.0,3.0,2.0,PConc,4.0,3.0,1.0,1.0,0.0,1.0,0.0,1459.0,1459.0,4.0,Y,4.0,1459,0,0,1459,0.0,0.0,2,0,3,1,3.0,6,Typ,1,4.0,Attchd,2002.0,2.0,2.0,527.0,3.0,2.0,192,39,0,0,0,0,NoFence,0,9,2007,WD ,Normal,192000,0,1,1,0,1,3,0,0,0,0,0,0,0,0,0,0,0
60,RL,80.0,16659,NoAlley,2.0,Lvl,Corner,2.0,NWAmes,PosA,1Fam,2Story,7,7,1977,1994,Gable,Plywood,Plywood,BrkFace,34.0,2.0,2.0,CBlock,3.0,3.0,1.0,5.0,795.0,1.0,0.0,0.0,795.0,1.0,Y,4.0,1468,795,0,2263,1.0,0.0,2,1,3,1,3.0,9,Typ,1,3.0,Attchd,1977.0,3.0,2.0,539.0,3.0,2.0,0,250,0,0,0,0,NoFence,0,3,2006,WD ,Normal,235000,0,1,1,0,1,3,0,0,0,0,0,0,0,0,0,0,0
20,RL,69.0,7590,NoAlley,3.0,Lvl,Inside,2.0,NAmes,PosN,1Fam,1Story,5,5,1963,1963,Gable,Wd Sdng,Wd Sdng,None,0.0,2.0,2.0,CBlock,3.0,3.0,1.0,1.0,0.0,1.0,0.0,1117.0,1117.0,4.0,Y,4.0,1117,0,0,1117,0.0,0.0,1,0,3,1,2.0,6,Typ,0,0.0,Attchd,1963.0,1.0,1.0,264.0,3.0,2.0,0,0,0,0,0,0,NoFence,0,5,2008,COD,Normal,136870,0,0,1,0,1,2,0,0,0,0,0,0,0,0,0,0,0
85,RL,70.0,8400,NoAlley,3.0,Lvl,Inside,2.0,Sawyer,Norm,1Fam,SFoyer,6,5,1966,1966,Gable,VinylSd,VinylSd,None,0.0,2.0,2.0,CBlock,3.0,3.0,4.0,2.0,187.0,3.0,627.0,0.0,814.0,3.0,Y,4.0,913,0,0,913,1.0,0.0,1,0,3,1,2.0,6,Typ,0,0.0,Detchd,1990.0,1.0,1.0,240.0,3.0,2.0,0,0,252,0,0,0,NoFence,0,5,2007,WD ,Normal,129000,0,0,1,0,1,2,0,0,0,0,0,0,0,0,0,0,0
30,RL,65.0,12342,NoAlley,2.0,Lvl,Inside,2.0,Edwards,Norm,1Fam,1Story,4,5,1940,1950,Gable,VinylSd,VinylSd,None,0.0,2.0,2.0,CBlock,3.0,3.0,1.0,4.0,262.0,1.0,0.0,599.0,861.0,4.0,Y,4.0,861,0,0,861,0.0,0.0,1,0,1,1,2.0,4,Typ,0,0.0,Detchd,1961.0,1.0,2.0,539.0,3.0,2.0,158,0,0,0,0,0,NoFence,0,3,2009,WD ,Normal,82500,0,0,1,0,1,2,0,0,0,0,0,0,0,0,0,0,0
20,RL,90.0,11520,NoAlley,3.0,Lvl,Inside,2.0,NridgHt,PosN,1Fam,1Story,9,5,2005,2005,Hip,VinylSd,VinylSd,BrkFace,615.0,3.0,2.0,PConc,5.0,3.0,1.0,6.0,110.0,1.0,0.0,1588.0,1698.0,4.0,Y,4.0,1698,0,0,1698,0.0,0.0,2,0,3,1,4.0,7,Typ,1,4.0,Attchd,2005.0,3.0,3.0,730.0,3.0,2.0,192,74,0,0,0,0,NoFence,0,6,2010,WD ,Normal,275000,0,1,1,0,1,3,0,0,0,0,0,0,0,0,0,0,0
70,RL,53.0,10918,NoAlley,3.0,Lvl,Inside,2.0,Crawfor,Norm,1Fam,2Story,7,9,1926,2004,Gambrel,MetalSd,MetalSd,None,0.0,3.0,2.0,BrkTil,4.0,3.0,1.0,1.0,0.0,1.0,0.0,1276.0,1276.0,4.0,Y,4.0,1276,804,0,2080,0.0,0.0,1,1,3,1,3.0,9,Typ,2,4.0,Detchd,1926.0,1.0,1.0,282.0,3.0,2.0,0,0,0,0,145,0,MnPrv,0,6,2009,WD ,Normal,234000,0,1,1,1,1,4,0,0,0,0,0,0,0,0,0,0,0
160,FV,32.0,2880,Pave,3.0,Lvl,Inside,2.0,Somerst,Norm,Twnhs,2Story,7,5,2004,2005,Gable,MetalSd,MetalSd,None,0.0,3.0,2.0,PConc,4.0,3.0,1.0,1.0,0.0,1.0,0.0,1376.0,1376.0,4.0,Y,4.0,1376,1629,0,3005,0.0,0.0,2,1,3,1,3.0,9,Mod,1,3.0,BuiltIn,2004.0,3.0,3.0,704.0,3.0,2.0,0,177,0,0,0,0,NoFence,0,7,2009,WD ,Normal,280750,0,1,1,0,1,3,0,0,0,0,0,0,0,0,0,0,0
60,RL,83.0,10019,NoAlley,2.0,Lvl,Inside,2.0,NoRidge,Norm,1Fam,2Story,8,5,1995,1995,Hip,VinylSd,VinylSd,BrkFace,397.0,3.0,2.0,PConc,4.0,3.0,1.0,5.0,527.0,1.0,0.0,815.0,1342.0,4.0,Y,4.0,1358,1368,0,2726,0.0,0.0,2,1,4,1,3.0,9,Typ,1,5.0,Attchd,1995.0,2.0,3.0,725.0,3.0,2.0,307,169,168,0,0,0,NoFence,0,6,2006,WD ,Normal,350000,0,1,1,0,1,3,0,0,0,0,0,0,0,0,0,0,0
20,RL,70.0,12250,NoAlley,2.0,Lvl,Inside,2.0,CollgCr,Norm,1Fam,1Story,5,6,1978,1978,Gable,HdBoard,HdBoard,BrkFace,180.0,2.0,2.0,CBlock,4.0,3.0,2.0,5.0,781.0,1.0,0.0,83.0,864.0,4.0,Y,4.0,1174,0,0,1174,1.0,0.0,1,0,3,1,2.0,5,Typ,0,0.0,Attchd,1978.0,1.0,2.0,528.0,3.0,2.0,211,0,280,0,0,0,NoFence,0,5,2008,WD ,Normal,158000,0,0,1,0,1,2,0,0,0,0,0,0,0,0,0,0,0
60,RL,76.0,9120,NoAlley,3.0,Lvl,Inside,2.0,NWAmes,Norm,1Fam,2Story,6,6,1974,1974,Hip,HdBoard,HdBoard,BrkFace,270.0,3.0,2.0,CBlock,3.0,3.0,1.0,5.0,442.0,1.0,0.0,459.0,901.0,2.0,Y,4.0,943,933,0,1876,0.0,0.0,2,1,4,1,3.0,8,Typ,1,3.0,Attchd,1974.0,2.0,2.0,540.0,4.0,2.0,0,69,0,0,0,0,NoFence,0,7,2008,WD ,Normal,185000,0,1,1,0,1,3,0,0,0,0,0,0,0,0,0,0,0
20,RL,53.0,3710,NoAlley,3.0,Lvl,Inside,2.0,Blmngtn,Norm,1Fam,1Story,7,5,2007,2008,Gable,WdShing,Wd Shng,BrkFace,20.0,3.0,2.0,PConc,4.0,3.0,4.0,1.0,0.0,1.0,0.0,1146.0,1146.0,4.0,Y,4.0,1246,0,0,1246,0.0,0.0,2,0,2,1,3.0,5,Typ,1,4.0,Attchd,2007.0,3.0,2.0,428.0,3.0,2.0,100,24,0,0,0,0,NoFence,0,3,2008,New,Partial,187687,0,1,1,0,1,3,0,0,0,0,0,0,0,0,0,0,0
20,RL,73.0,8510,NoAlley,2.0,Lvl,Inside,2.0,NAmes,Norm,1Fam,1Story,5,7,1971,1971,Gable,Plywood,Plywood,BrkFace,178.0,2.0,2.0,CBlock,4.0,3.0,1.0,5.0,500.0,1.0,0.0,543.0,1043.0,4.0,Y,4.0,1050,0,0,1050,1.0,0.0,1,1,3,1,2.0,6,Typ,0,0.0,Attchd,1971.0,1.0,1.0,336.0,3.0,2.0,0,0,0,0,0,0,NoFence,0,7,2009,WD ,Normal,143000,0,0,1,0,1,2,0,0,0,0,0,0,0,0,0,0,0
50,RM,52.0,5720,NoAlley,3.0,Lvl,Inside,2.0,OldTown,Artery,1Fam,1.5Fin,5,6,1941,1950,Gable,Wd Sdng,Wd Sdng,None,0.0,2.0,2.0,CBlock,3.0,3.0,1.0,1.0,0.0,1.0,0.0,676.0,676.0,4.0,Y,4.0,676,455,0,1131,0.0,0.0,1,1,3,1,2.0,5,Typ,0,0.0,Detchd,1941.0,1.0,1.0,200.0,3.0,2.0,26,0,0,0,0,0,NoFence,0,8,2009,WD ,Abnorml,66500,0,0,1,0,1,2,0,0,0,0,0,0,0,0,0,0,0
20,RL,82.0,11880,NoAlley,2.0,Lvl,Inside,2.0,NWAmes,RRAn,1Fam,1Story,7,5,1978,1978,Gable,Plywood,Plywood,BrkFace,206.0,2.0,2.0,CBlock,4.0,3.0,1.0,5.0,704.0,1.0,0.0,567.0,1271.0,2.0,Y,4.0,1601,0,0,1601,0.0,0.0,2,0,3,1,2.0,7,Typ,1,3.0,Attchd,1978.0,2.0,2.0,478.0,3.0,2.0,0,0,0,0,0,0,NoFence,0,4,2009,COD,Abnorml,157000,0,1,1,0,1,3,0,0,0,0,0,0,0,0,0,0,0
20,RL,56.0,18559,NoAlley,2.0,Lvl,CulDSac,2.0,NWAmes,Norm,1Fam,1Story,7,5,1978,1978,Hip,Plywood,Plywood,BrkFace,383.0,3.0,3.0,CBlock,4.0,3.0,1.0,6.0,1206.0,3.0,186.0,656.0,2048.0,2.0,Y,4.0,2064,0,0,2064,1.0,0.0,2,0,3,1,3.0,7,Typ,2,2.0,Attchd,1978.0,3.0,2.0,550.0,3.0,2.0,200,0,0,0,0,0,NoFence,0,8,2008,WD ,Normal,235000,0,1,1,0,1,3,0,0,0,0,0,0,0,0,0,0,0
80,RL,70.0,11454,NoAlley,1.0,Lvl,Corner,2.0,SawyerW,Norm,1Fam,SLvl,8,5,1995,1995,Gable,VinylSd,VinylSd,BrkFace,302.0,3.0,2.0,PConc,4.0,3.0,4.0,6.0,770.0,1.0,0.0,631.0,1401.0,4.0,Y,4.0,1511,0,0,1511,1.0,0.0,2,0,3,1,3.0,6,Typ,1,2.0,Attchd,1995.0,3.0,3.0,811.0,3.0,2.0,168,42,0,0,0,0,NoFence,0,2,2008,WD ,Normal,225000,0,1,1,0,1,3,0,0,0,0,0,0,0,0,0,0,0
60,RL,51.0,8029,NoAlley,2.0,Lvl,Inside,2.0,Gilbert,Norm,1Fam,2Story,6,5,2005,2005,Gable,VinylSd,VinylSd,None,0.0,2.0,2.0,PConc,4.0,3.0,1.0,1.0,0.0,1.0,0.0,728.0,728.0,4.0,Y,4.0,728,728,0,1456,0.0,0.0,2,1,3,1,3.0,8,Typ,0,0.0,Attchd,2005.0,3.0,2.0,400.0,3.0,2.0,100,24,0,0,0,0,NoFence,0,7,2008,WD ,Normal,176000,0,0,1,0,1,2,0,0,0,0,0,0,0,0,0,0,0
60,RL,82.0,9430,NoAlley,3.0,Lvl,Inside,2.0,NoRidge,Norm,1Fam,2Story,8,5,1999,1999,Gable,VinylSd,VinylSd,BrkFace,673.0,3.0,2.0,PConc,4.0,3.0,2.0,6.0,1163.0,1.0,0.0,89.0,1252.0,4.0,Y,4.0,1268,1097,0,2365,1.0,0.0,2,1,3,1,3.0,8,Typ,1,4.0,Attchd,1999.0,2.0,3.0,856.0,3.0,2.0,0,128,0,0,180,0,NoFence,0,7,2009,WD ,Normal,337000,0,1,1,0,1,3,0,0,0,0,0,0,0,0,0,0,0
90,RM,83.0,10126,NoAlley,3.0,Lvl,Corner,2.0,CollgCr,Norm,Duplex,SFoyer,6,5,1997,1998,Gable,VinylSd,VinylSd,None,0.0,2.0,3.0,PConc,4.0,3.0,4.0,6.0,1593.0,2.0,162.0,83.0,1838.0,4.0,Y,4.0,1838,0,0,1838,2.0,0.0,2,0,2,2,2.0,8,Typ,0,0.0,Attchd,1998.0,1.0,3.0,721.0,3.0,2.0,160,67,0,0,0,0,NoFence,0,7,2008,WD ,Abnorml,185000,0,0,1,0,1,2,0,0,0,0,0,0,0,0,0,0,0
30,RL,52.0,5825,NoAlley,2.0,Lvl,Inside,2.0,BrkSide,Norm,1Fam,1Story,4,5,1926,1953,Gable,MetalSd,MetalSd,BrkFace,108.0,2.0,3.0,PConc,2.0,3.0,2.0,1.0,0.0,1.0,0.0,600.0,600.0,3.0,Y,4.0,747,0,0,747,0.0,0.0,1,0,1,1,2.0,5,Typ,0,0.0,Detchd,1953.0,1.0,2.0,528.0,3.0,2.0,0,0,32,0,0,0,NoFence,0,6,2006,WD ,Normal,79900,0,0,1,0,1,2,0,0,0,0,0,0,0,0,0,0,0
20,RL,80.0,12546,NoAlley,2.0,Lvl,Corner,2.0,NWAmes,Norm,1Fam,1Story,6,7,1981,1981,Gable,MetalSd,MetalSd,BrkFace,310.0,3.0,3.0,CBlock,4.0,3.0,1.0,4.0,678.0,1.0,0.0,762.0,1440.0,4.0,Y,4.0,1440,0,0,1440,0.0,0.0,2,0,3,1,3.0,7,Typ,1,3.0,Attchd,1981.0,3.0,2.0,467.0,3.0,2.0,0,0,99,0,0,0,NoFence,0,4,2007,WD ,Normal,182900,0,1,1,0,1,3,0,0,0,0,0,0,0,0,0,0,0
70,RM,60.0,11340,NoAlley,3.0,Lvl,Inside,2.0,OldTown,Norm,1Fam,2Story,2,1,1920,1950,Gable,AsbShng,AsbShng,None,0.0,1.0,1.0,BrkTil,2.0,2.0,1.0,1.0,0.0,1.0,0.0,723.0,723.0,2.0,N,4.0,723,363,0,1086,0.0,0.0,1,0,2,1,2.0,5,Maj1,0,0.0,Detchd,1920.0,1.0,2.0,400.0,2.0,0.0,0,24,144,0,0,0,NoFence,0,11,2008,ConLD,Normal,55000,0,0,0,0,1,1,0,0,0,0,0,0,0,0,0,0,0
70,RL,86.0,22420,NoAlley,2.0,Lvl,Inside,2.0,Crawfor,Feedr,1Fam,2Story,6,6,1918,1950,Hip,Wd Sdng,Stucco,None,0.0,2.0,2.0,BrkTil,4.0,3.0,1.0,4.0,1128.0,1.0,0.0,242.0,1370.0,2.0,N,3.0,1370,1254,0,2624,1.0,0.0,2,1,4,1,2.0,10,Typ,1,4.0,Detchd,1918.0,1.0,3.0,864.0,3.0,0.0,0,0,0,0,0,0,NoFence,0,11,2007,WD ,Normal,239000,0,1,0,0,1,2,0,0,0,0,0,0,0,0,0,0,0
60,RL,92.0,11952,NoAlley,3.0,Lvl,Inside,2.0,NWAmes,PosA,1Fam,2Story,7,6,1977,1977,Mansard,WdShing,Plywood,None,0.0,2.0,2.0,CBlock,4.0,3.0,1.0,1.0,0.0,1.0,0.0,808.0,808.0,2.0,Y,4.0,1161,808,0,1969,0.0,0.0,2,1,3,1,2.0,8,Typ,1,4.0,Attchd,1977.0,2.0,2.0,534.0,3.0,2.0,0,0,0,0,276,0,NoFence,0,11,2007,WD ,Normal,190000,0,1,1,0,1,3,0,0,0,0,0,0,0,0,0,0,0
160,RM,42.0,3964,NoAlley,3.0,Lvl,Inside,2.0,MeadowV,Norm,TwnhsE,2Story,6,4,1973,1973,Gable,CemntBd,CmentBd,None,0.0,2.0,2.0,CBlock,4.0,3.0,1.0,5.0,837.0,1.0,0.0,105.0,942.0,3.0,Y,4.0,1291,1230,0,2521,1.0,0.0,2,1,5,1,2.0,10,Maj1,1,4.0,Attchd,1973.0,3.0,2.0,576.0,3.0,2.0,728,20,0,0,0,0,GdPrv,0,6,2006,WD ,Normal,151400,0,1,1,1,1,4,0,0,0,0,0,0,0,0,0,0,0
190,RM,60.0,9600,Grvl,3.0,Lvl,Inside,2.0,OldTown,Norm,2fmCon,2Story,5,5,1920,1960,Gable,AsbShng,AsbShng,None,0.0,2.0,2.0,BrkTil,3.0,3.0,1.0,3.0,234.0,1.0,0.0,739.0,973.0,2.0,Y,0.0,1377,973,0,2350,0.0,0.0,2,0,4,2,2.0,10,Typ,0,0.0,2Types,1930.0,1.0,2.0,393.0,3.0,2.0,0,0,219,0,0,0,NoFence,0,4,2008,WD ,Normal,130000,0,0,1,0,1,2,0,0,0,0,0,0,0,0,0,0,0
20,FV,75.0,9000,NoAlley,3.0,Lvl,Inside,2.0,Somerst,Norm,1Fam,1Story,7,5,2006,2007,Gable,VinylSd,VinylSd,None,0.0,3.0,2.0,PConc,4.0,3.0,1.0,1.0,0.0,1.0,0.0,1335.0,1335.0,4.0,Y,4.0,1335,0,0,1335,0.0,0.0,2,0,3,1,3.0,6,Typ,0,0.0,Attchd,2007.0,2.0,2.0,575.0,3.0,2.0,0,210,0,0,0,0,NoFence,0,6,2007,New,Partial,210400,0,0,1,0,1,2,0,0,0,0,0,0,0,0,0,0,0
70,RM,60.0,9600,NoAlley,3.0,Lvl,Inside,2.0,OldTown,Norm,1Fam,2Story,7,9,1928,2005,Gambrel,MetalSd,MetalSd,None,0.0,2.0,4.0,BrkTil,3.0,3.0,1.0,3.0,141.0,1.0,0.0,548.0,689.0,4.0,Y,4.0,689,689,0,1378,0.0,0.0,2,0,3,1,3.0,7,Typ,1,4.0,Detchd,1928.0,1.0,2.0,360.0,3.0,0.0,0,0,116,0,0,0,NoFence,0,10,2008,WD ,Normal,161000,0,1,1,0,1,3,0,0,0,0,0,0,0,0,0,0,0
20,RL,78.0,10335,NoAlley,2.0,Lvl,Inside,2.0,Sawyer,Norm,1Fam,1Story,5,6,1968,1993,Gable,Plywood,Plywood,None,0.0,2.0,2.0,CBlock,3.0,3.0,1.0,3.0,570.0,1.0,0.0,891.0,1461.0,3.0,Y,4.0,1721,0,0,1721,0.0,0.0,2,1,3,1,2.0,7,Min1,1,3.0,Attchd,1968.0,2.0,2.0,440.0,3.0,2.0,0,96,180,0,0,0,MnPrv,0,7,2006,WD ,Normal,180000,0,1,1,1,1,4,0,0,0,0,0,0,0,0,0,0,0
20,RL,81.0,9672,NoAlley,3.0,Lvl,Corner,2.0,SawyerW,Norm,1Fam,1Story,6,5,1984,1985,Hip,HdBoard,Plywood,None,0.0,2.0,2.0,PConc,4.0,3.0,1.0,6.0,338.0,1.0,0.0,702.0,1040.0,2.0,Y,4.0,1097,0,0,1097,0.0,0.0,2,0,3,1,2.0,6,Typ,0,0.0,Attchd,1986.0,1.0,2.0,480.0,3.0,2.0,0,0,0,0,0,0,GdPrv,0,5,2010,WD ,Normal,152000,0,0,1,1,1,3,0,0,0,0,0,0,0,0,0,0,0
60,RL,73.0,13700,NoAlley,2.0,Lvl,Inside,2.0,NAmes,Norm,1Fam,2Story,7,6,1965,1988,Gable,VinylSd,VinylSd,Stone,288.0,2.0,2.0,CBlock,3.0,3.0,4.0,5.0,454.0,1.0,0.0,410.0,864.0,2.0,Y,4.0,902,918,0,1820,0.0,0.0,1,2,4,1,3.0,8,Typ,2,4.0,Attchd,1965.0,1.0,2.0,492.0,3.0,2.0,60,84,0,0,273,0,GdPrv,0,5,2008,WD ,Normal,201800,0,1,1,1,1,4,0,0,0,0,0,0,0,0,0,0,0
85,RL,70.0,8445,NoAlley,3.0,Lvl,Corner,2.0,CollgCr,Norm,1Fam,SFoyer,5,7,1972,2007,Gable,HdBoard,Wd Shng,None,0.0,2.0,2.0,CBlock,4.0,3.0,3.0,6.0,656.0,1.0,0.0,112.0,768.0,2.0,Y,4.0,768,0,0,768,1.0,0.0,1,0,2,1,2.0,5,Typ,0,0.0,Detchd,1988.0,1.0,2.0,396.0,3.0,2.0,58,0,0,0,0,0,MnPrv,0,3,2009,WD ,Normal,133000,0,0,1,1,1,3,0,0,0,0,0,0,0,0,0,0,0
60,RL,70.0,11606,NoAlley,2.0,HLS,Inside,0.0,NAmes,Norm,1Fam,2Story,5,5,1969,1969,Gable,Plywood,Plywood,BrkFace,192.0,2.0,2.0,PConc,4.0,3.0,3.0,3.0,650.0,1.0,0.0,390.0,1040.0,2.0,Y,4.0,1040,1040,0,2080,0.0,1.0,1,2,5,1,1.0,9,Typ,2,3.0,Attchd,1969.0,1.0,2.0,504.0,3.0,2.0,335,0,0,0,0,0,NoFence,0,9,2007,WD ,Family,135000,0,1,1,0,1,3,0,0,0,0,0,0,0,0,0,0,0
50,RL,79.0,9490,NoAlley,3.0,Lvl,Inside,2.0,NAmes,Artery,1Fam,1.5Fin,6,7,1941,1950,Gable,Wd Sdng,Wd Sdng,None,0.0,2.0,2.0,CBlock,3.0,3.0,1.0,4.0,403.0,3.0,165.0,238.0,806.0,2.0,Y,3.0,958,620,0,1578,1.0,0.0,1,0,3,1,1.0,5,Typ,2,3.0,Attchd,1941.0,1.0,1.0,240.0,3.0,2.0,0,0,32,0,0,0,MnPrv,0,8,2006,WD ,Normal,133000,0,1,1,1,1,4,0,0,0,0,0,0,0,0,0,0,0
20,RL,70.0,21579,NoAlley,2.0,Lvl,CulDSac,2.0,Crawfor,Norm,1Fam,1Story,6,6,1968,1968,Hip,HdBoard,BrkFace,None,0.0,2.0,2.0,PConc,4.0,3.0,1.0,4.0,813.0,1.0,0.0,675.0,1488.0,4.0,Y,4.0,1488,0,0,1488,0.0,1.0,2,0,3,1,2.0,7,Typ,2,4.0,Attchd,1968.0,2.0,2.0,552.0,3.0,2.0,0,0,216,0,0,0,NoFence,0,9,2007,CWD,Normal,215000,0,1,1,0,1,3,0,0,0,0,0,0,0,0,0,0,0
90,RL,70.0,8267,NoAlley,3.0,Lvl,Corner,2.0,NAmes,Feedr,Duplex,1Story,5,5,1958,1958,Gable,HdBoard,HdBoard,None,0.0,2.0,2.0,CBlock,3.0,3.0,1.0,1.0,0.0,1.0,0.0,1604.0,1604.0,2.0,Y,4.0,1604,0,0,1604,0.0,0.0,2,0,4,2,2.0,8,Typ,0,0.0,Attchd,1958.0,1.0,2.0,576.0,3.0,2.0,42,0,0,0,0,0,NoFence,0,3,2010,WD ,Normal,135000,0,0,1,0,1,2,0,0,0,0,0,0,0,0,0,0,0
90,RL,72.0,11072,NoAlley,2.0,Lvl,Inside,2.0,NAmes,Norm,Duplex,1Story,5,5,1965,1965,Gable,HdBoard,HdBoard,None,0.0,2.0,2.0,CBlock,3.0,3.0,1.0,1.0,0.0,1.0,0.0,1728.0,1728.0,2.0,Y,4.0,1728,0,0,1728,0.0,0.0,2,0,6,2,2.0,10,Typ,0,0.0,Detchd,1987.0,1.0,2.0,576.0,3.0,2.0,0,0,0,0,0,0,NoFence,0,11,2008,WD ,Normal,145000,0,0,1,0,1,2,0,0,0,0,0,0,0,0,0,0,0
60,RL,62.0,10429,NoAlley,3.0,Lvl,Inside,2.0,Mitchel,Norm,1Fam,2Story,5,5,1992,1992,Gable,HdBoard,Wd Shng,None,0.0,2.0,2.0,PConc,4.0,3.0,1.0,5.0,330.0,1.0,0.0,294.0,624.0,2.0,Y,4.0,624,663,0,1287,0.0,0.0,1,1,3,1,2.0,6,Typ,0,0.0,Detchd,2001.0,1.0,2.0,440.0,3.0,2.0,150,0,0,0,0,0,NoFence,0,7,2009,WD ,Normal,130000,0,0,1,0,1,2,0,0,0,0,0,0,0,0,0,0,0
85,RL,50.0,7689,NoAlley,2.0,Lvl,Inside,2.0,Mitchel,Norm,1Fam,SFoyer,5,8,1972,1972,Gable,MetalSd,MetalSd,None,0.0,2.0,2.0,CBlock,4.0,3.0,3.0,6.0,720.0,4.0,76.0,0.0,796.0,3.0,Y,4.0,796,0,0,796,0.0,1.0,1,0,2,1,2.0,4,Typ,0,0.0,Detchd,1998.0,1.0,1.0,336.0,3.0,2.0,138,0,0,0,0,0,MnPrv,0,7,2009,WD ,Normal,131900,0,0,1,1,1,3,0,0,0,0,0,0,0,0,0,0,0
20,RL,73.0,11883,NoAlley,3.0,Lvl,Inside,2.0,CollgCr,Norm,1Fam,1Story,7,5,1996,1996,Hip,VinylSd,VinylSd,BrkFace,196.0,3.0,2.0,PConc,4.0,3.0,4.0,6.0,690.0,1.0,0.0,814.0,1504.0,4.0,Y,4.0,1504,0,0,1504,1.0,0.0,2,0,3,1,3.0,6,Typ,1,3.0,Attchd,1996.0,3.0,2.0,478.0,3.0,2.0,115,66,0,0,0,0,NoFence,0,6,2009,WD ,Normal,203000,0,1,1,0,1,3,0,0,0,0,0,0,0,0,0,0,0
60,RL,60.0,7500,NoAlley,3.0,Lvl,Inside,2.0,Gilbert,Norm,1Fam,2Story,6,5,1999,2003,Gable,VinylSd,VinylSd,None,0.0,2.0,2.0,PConc,4.0,3.0,1.0,1.0,0.0,1.0,0.0,938.0,938.0,4.0,Y,4.0,957,1342,0,2299,0.0,0.0,3,1,5,1,2.0,7,Typ,1,3.0,Attchd,1999.0,3.0,2.0,482.0,3.0,2.0,188,30,0,0,0,0,NoFence,0,8,2007,WD ,Normal,204000,0,1,1,0,1,3,0,0,0,0,0,0,0,0,0,0,0
20,RL,80.0,8000,NoAlley,3.0,Lvl,Inside,2.0,NAmes,Norm,1Fam,1Story,5,5,1962,1962,Gable,BrkFace,MetalSd,None,0.0,2.0,2.0,CBlock,3.0,3.0,1.0,4.0,520.0,3.0,319.0,188.0,1027.0,2.0,Y,4.0,1027,0,0,1027,0.0,1.0,1,0,3,1,2.0,6,Typ,0,0.0,Attchd,1962.0,1.0,1.0,299.0,3.0,2.0,0,0,0,0,0,0,NoFence,0,11,2008,WD ,Normal,125900,0,0,1,0,1,2,0,0,0,0,0,0,0,0,0,0,0
20,FV,85.0,10625,NoAlley,3.0,Lvl,Inside,2.0,Somerst,Norm,1Fam,1Story,7,5,2006,2007,Gable,VinylSd,VinylSd,None,0.0,3.0,2.0,PConc,4.0,3.0,1.0,6.0,1430.0,1.0,0.0,222.0,1652.0,4.0,Y,4.0,1662,0,0,1662,1.0,0.0,2,0,3,1,4.0,8,Typ,1,4.0,Attchd,2006.0,2.0,3.0,711.0,3.0,2.0,168,120,0,0,0,0,NoFence,0,3,2009,WD ,Normal,291000,0,1,1,0,1,3,0,0,0,0,0,0,0,0,0,0,0
120,RM,69.0,8239,NoAlley,2.0,Lvl,Inside,2.0,GrnHill,Norm,TwnhsE,1Story,7,5,1986,1986,Gable,BrkFace,Wd Sdng,None,0.0,3.0,2.0,CBlock,0.0,0.0,0.0,0.0,0.0,0.0,0.0,0.0,0.0,3.0,Y,4.0,1295,0,0,1295,0.0,0.0,2,0,2,1,3.0,5,Typ,0,0.0,Attchd,1986.0,2.0,1.0,312.0,3.0,2.0,0,0,0,0,0,0,NoFence,0,11,2006,WD ,Normal,230000,0,0,1,0,1,2,0,0,0,0,0,0,0,0,0,0,0
20,RL,74.0,8556,NoAlley,3.0,Lvl,Inside,2.0,CollgCr,Norm,1Fam,1Story,7,5,2006,2006,Gable,VinylSd,VinylSd,None,0.0,3.0,2.0,PConc,4.0,3.0,3.0,1.0,0.0,1.0,0.0,1240.0,1240.0,4.0,Y,4.0,1240,0,0,1240,0.0,0.0,2,0,2,1,3.0,5,Typ,0,0.0,Attchd,2006.0,2.0,3.0,826.0,3.0,2.0,140,93,0,0,0,0,NoFence,0,5,2007,WD ,Normal,194000,0,0,1,0,1,2,0,0,0,0,0,0,0,0,0,0,0
30,RL,74.0,25339,NoAlley,3.0,Lvl,Inside,2.0,Sawyer,Norm,1Fam,1Story,5,7,1918,2007,Gable,Wd Sdng,Wd Sdng,None,0.0,2.0,3.0,BrkTil,3.0,3.0,1.0,1.0,0.0,1.0,0.0,816.0,816.0,4.0,Y,4.0,1416,0,0,1416,0.0,0.0,2,0,3,1,3.0,7,Typ,0,0.0,Attchd,2007.0,1.0,2.0,576.0,3.0,0.0,0,0,112,0,0,0,NoFence,0,8,2007,WD ,Normal,112000,0,0,1,0,1,2,0,0,0,0,0,0,0,0,0,0,0
60,RL,70.0,9240,NoAlley,3.0,Lvl,Inside,2.0,CollgCr,Norm,1Fam,2Story,8,5,2001,2002,Gable,VinylSd,VinylSd,BrkFace,396.0,3.0,2.0,PConc,4.0,3.0,1.0,1.0,0.0,1.0,0.0,1055.0,1055.0,4.0,Y,4.0,1055,1208,0,2263,0.0,0.0,2,1,3,1,3.0,7,Typ,1,3.0,BuiltIn,2001.0,3.0,2.0,905.0,3.0,2.0,0,45,0,0,189,0,NoFence,0,9,2008,WD ,Normal,287000,0,1,1,0,1,3,0,0,0,0,0,0,0,0,0,0,0
30,I (all),109.0,21780,NoAlley,3.0,Lvl,Inside,2.0,IDOTRR,Norm,1Fam,1Story,2,4,1910,1950,Gable,Wd Sdng,Wd Sdng,None,0.0,1.0,1.0,CBlock,0.0,0.0,0.0,0.0,0.0,0.0,0.0,0.0,0.0,2.0,N,3.0,810,0,0,810,0.0,0.0,1,0,1,1,2.0,4,Min1,0,0.0,Detchd,1975.0,1.0,1.0,280.0,3.0,0.0,119,24,0,0,0,0,NoFence,0,3,2009,ConLD,Normal,57625,0,0,0,0,1,1,0,0,0,0,0,0,0,0,0,0,0
20,RL,70.0,9100,NoAlley,3.0,Lvl,Inside,2.0,CollgCr,Norm,1Fam,1Story,7,5,2001,2001,Gable,VinylSd,VinylSd,None,0.0,3.0,2.0,PConc,4.0,3.0,1.0,1.0,0.0,1.0,0.0,1212.0,1212.0,4.0,Y,4.0,1212,0,0,1212,0.0,0.0,2,0,3,1,3.0,6,Typ,0,0.0,Attchd,2001.0,2.0,2.0,573.0,3.0,2.0,356,0,0,0,0,0,NoFence,0,6,2009,WD ,Normal,178000,0,0,1,0,1,2,0,0,0,0,0,0,0,0,0,0,0
50,RL,60.0,10890,NoAlley,3.0,Lvl,Inside,2.0,SWISU,Norm,1Fam,1.5Fin,5,5,1938,1950,Gable,MetalSd,MetalSd,None,0.0,2.0,2.0,BrkTil,2.0,3.0,1.0,2.0,930.0,1.0,0.0,128.0,1058.0,2.0,Y,4.0,1058,493,0,1551,1.0,0.0,2,0,3,1,1.0,6,Typ,0,0.0,Detchd,1938.0,1.0,1.0,240.0,2.0,2.0,0,0,0,0,0,0,MnPrv,0,7,2006,WD ,Normal,137000,0,0,1,1,1,3,0,0,0,0,0,0,0,0,0,0,0
20,RL,49.0,15256,NoAlley,2.0,Lvl,CulDSac,2.0,Somerst,RRAn,1Fam,1Story,8,5,2007,2007,Gable,VinylSd,VinylSd,Stone,84.0,3.0,2.0,PConc,4.0,3.0,4.0,6.0,929.0,1.0,0.0,556.0,1485.0,4.0,Y,4.0,1464,0,0,1464,1.0,0.0,2,0,3,1,3.0,6,Typ,0,0.0,Attchd,2007.0,1.0,3.0,754.0,3.0,2.0,168,160,0,0,0,0,NoFence,0,8,2007,WD ,Normal,282922,0,0,1,0,1,2,0,0,0,0,0,0,0,0,0,0,0
160,FV,73.0,2998,NoAlley,3.0,Lvl,Inside,2.0,Somerst,Norm,TwnhsE,2Story,6,5,2000,2000,Gable,MetalSd,MetalSd,BrkFace,513.0,3.0,2.0,PConc,4.0,3.0,1.0,6.0,353.0,1.0,0.0,403.0,756.0,4.0,Y,4.0,768,756,0,1524,0.0,0.0,2,1,2,1,3.0,4,Typ,0,0.0,Detchd,2000.0,1.0,2.0,440.0,3.0,2.0,0,32,0,0,0,0,NoFence,0,6,2006,WD ,Normal,166000,0,0,1,0,1,2,0,0,0,0,0,0,0,0,0,0,0
20,RL,74.0,13052,NoAlley,2.0,Lvl,CulDSac,2.0,Sawyer,Norm,1Fam,1Story,5,6,1965,1965,Gable,HdBoard,HdBoard,None,0.0,2.0,2.0,CBlock,3.0,3.0,1.0,3.0,712.0,1.0,0.0,312.0,1024.0,2.0,Y,4.0,1024,0,0,1024,0.0,0.0,1,1,3,1,2.0,5,Typ,0,0.0,Attchd,1965.0,1.0,1.0,308.0,3.0,2.0,0,0,0,0,0,0,MnPrv,0,1,2006,WD ,Normal,120875,0,0,1,1,1,3,0,0,0,0,0,0,0,0,0,0,0
60,RL,91.0,10236,NoAlley,2.0,Lvl,Inside,2.0,NoRidge,Norm,1Fam,2Story,8,5,1994,1995,Gable,VinylSd,VinylSd,BrkFace,501.0,3.0,2.0,PConc,4.0,3.0,4.0,6.0,380.0,4.0,168.0,742.0,1290.0,4.0,Y,4.0,1305,1189,0,2494,1.0,0.0,2,1,4,1,3.0,9,Typ,1,3.0,Attchd,1994.0,3.0,3.0,803.0,3.0,2.0,200,95,0,0,0,0,GdPrv,0,6,2006,WD ,Normal,321000,0,1,1,1,1,4,0,0,0,0,0,0,0,0,0,0,0
20,RL,71.0,7350,NoAlley,3.0,Lvl,Inside,2.0,NAmes,Norm,1Fam,1Story,5,6,1958,1958,Hip,BrkFace,BrkFace,None,0.0,2.0,2.0,CBlock,3.0,3.0,1.0,1.0,0.0,1.0,0.0,1041.0,1041.0,3.0,Y,4.0,1041,0,0,1041,0.0,0.0,1,0,3,1,2.0,6,Typ,0,0.0,Attchd,1958.0,2.0,1.0,294.0,3.0,2.0,0,0,0,0,0,0,GdWo,0,3,2009,WD ,Normal,128000,0,0,1,1,1,3,0,0,0,0,0,0,0,0,0,0,0
50,RM,69.0,11851,NoAlley,3.0,Lvl,Inside,2.0,OldTown,Artery,1Fam,1.5Fin,5,7,1948,2009,Gable,VinylSd,VinylSd,None,0.0,2.0,3.0,BrkTil,3.0,3.0,1.0,4.0,780.0,1.0,0.0,247.0,1027.0,4.0,Y,4.0,1027,606,0,1633,0.0,0.0,1,0,3,1,3.0,7,Typ,1,4.0,Detchd,1948.0,1.0,1.0,240.0,3.0,2.0,0,100,126,0,0,0,NoFence,0,6,2010,WD ,Normal,129000,0,1,1,0,1,3,0,0,0,0,0,0,0,0,0,0,0
20,RL,94.0,12883,NoAlley,2.0,Lvl,Corner,2.0,NridgHt,Norm,1Fam,1Story,8,5,2009,2010,Gable,VinylSd,VinylSd,Stone,256.0,3.0,2.0,PConc,4.0,3.0,1.0,1.0,0.0,1.0,0.0,1544.0,1544.0,4.0,Y,4.0,1544,0,0,1544,0.0,0.0,2,0,3,1,3.0,7,Typ,0,0.0,Attchd,2009.0,2.0,3.0,868.0,3.0,2.0,0,35,0,0,0,0,NoFence,0,6,2010,New,Partial,290941,0,0,1,0,1,2,0,0,0,0,0,0,0,0,0,0,0
60,RL,90.0,11367,NoAlley,3.0,Lvl,Corner,2.0,CollgCr,Norm,1Fam,2Story,8,5,2002,2002,Gable,VinylSd,VinylSd,BrkFace,210.0,3.0,2.0,PConc,4.0,3.0,2.0,6.0,932.0,1.0,0.0,133.0,1065.0,4.0,Y,4.0,1091,898,0,1989,1.0,0.0,2,1,3,1,3.0,7,Typ,1,4.0,Attchd,2002.0,3.0,2.0,586.0,3.0,2.0,199,60,0,0,0,0,NoFence,0,11,2006,WD ,Normal,255000,0,1,1,0,1,3,0,0,0,0,0,0,0,0,0,0,0
70,RM,50.0,2500,Pave,3.0,Lvl,Corner,2.0,OldTown,Norm,1Fam,2Story,7,8,1915,2005,Gable,Stucco,Stucco,None,0.0,3.0,2.0,PConc,3.0,3.0,1.0,5.0,299.0,1.0,0.0,611.0,910.0,4.0,Y,4.0,916,910,0,1826,1.0,0.0,1,1,4,1,4.0,7,Min2,1,4.0,Attchd,1915.0,1.0,1.0,164.0,2.0,2.0,0,0,0,0,0,0,NoFence,0,6,2009,WD ,Normal,155000,0,1,1,0,1,3,0,0,0,0,0,0,0,0,0,0,0
60,RL,85.0,13143,NoAlley,2.0,Lvl,Inside,2.0,NoRidge,Norm,1Fam,2Story,8,5,1993,1993,Gable,HdBoard,ImStucc,BrkFace,504.0,3.0,2.0,PConc,4.0,3.0,1.0,2.0,250.0,6.0,981.0,0.0,1231.0,4.0,Y,4.0,1251,1098,0,2349,1.0,0.0,2,1,4,1,3.0,9,Typ,1,3.0,Attchd,1993.0,2.0,3.0,762.0,3.0,2.0,32,130,0,0,0,0,NoFence,0,6,2010,WD ,Normal,362500,0,1,1,0,1,3,0,0,0,0,0,0,0,0,0,0,0
120,RM,44.0,3842,NoAlley,2.0,HLS,Inside,1.0,Crawfor,Norm,TwnhsE,1Story,8,5,2004,2005,Hip,CemntBd,CmentBd,Stone,186.0,3.0,2.0,PConc,5.0,3.0,4.0,6.0,1564.0,1.0,0.0,30.0,1594.0,4.0,Y,4.0,1646,0,0,1646,1.0,1.0,2,0,2,1,3.0,5,Typ,1,4.0,Attchd,2004.0,3.0,2.0,525.0,3.0,2.0,128,53,0,0,155,0,NoFence,0,12,2006,WD ,Normal,300000,0,1,1,0,1,3,0,0,0,0,0,0,0,0,0,0,0
20,RL,76.0,11355,NoAlley,2.0,Lvl,Corner,2.0,NAmes,Norm,1Fam,1Story,7,7,1958,2001,Gable,HdBoard,HdBoard,BrkFace,125.0,2.0,2.0,CBlock,3.0,3.0,1.0,4.0,637.0,1.0,0.0,675.0,1312.0,4.0,Y,4.0,1312,0,0,1312,0.0,0.0,1,1,3,1,2.0,6,Typ,1,4.0,Attchd,1958.0,2.0,2.0,495.0,3.0,2.0,0,304,144,0,0,0,MnPrv,6500,4,2008,WD ,Normal,186000,0,1,1,1,1,4,0,0,0,0,0,0,0,0,0,0,0
120,RL,40.0,3876,NoAlley,2.0,Lvl,Inside,2.0,Greens,Norm,Twnhs,1Story,8,5,1978,1978,Gable,Wd Sdng,Plywood,None,0.0,3.0,2.0,CBlock,4.0,3.0,4.0,6.0,652.0,3.0,526.0,48.0,1226.0,2.0,Y,4.0,1226,0,0,1226,1.0,0.0,1,0,1,1,3.0,4,Typ,1,3.0,Attchd,1978.0,3.0,2.0,484.0,3.0,2.0,133,60,0,0,0,0,NoFence,0,7,2006,WD ,Normal,170000,0,1,1,0,1,3,0,0,0,0,0,0,0,0,0,0,0
20,RL,73.0,12155,NoAlley,0.0,Lvl,Inside,2.0,NAmes,PosN,1Fam,1Story,6,3,1970,1970,Gable,Plywood,Plywood,None,0.0,2.0,2.0,CBlock,4.0,3.0,1.0,2.0,1237.0,1.0,0.0,420.0,1657.0,3.0,Y,4.0,1657,0,0,1657,0.0,1.0,2,0,3,1,2.0,7,Typ,1,3.0,Attchd,1970.0,1.0,2.0,484.0,3.0,2.0,0,0,0,0,147,0,NoFence,0,3,2007,WD ,Normal,163500,0,1,1,0,1,3,0,0,0,0,0,0,0,0,0,0,0
20,RL,80.0,9200,NoAlley,3.0,Lvl,Inside,2.0,NAmes,Norm,1Fam,1Story,6,6,1965,1965,Gable,HdBoard,HdBoard,None,0.0,2.0,2.0,CBlock,3.0,3.0,1.0,3.0,892.0,1.0,0.0,244.0,1136.0,2.0,Y,4.0,1136,0,0,1136,1.0,0.0,1,0,3,1,2.0,5,Typ,1,4.0,Attchd,1965.0,2.0,1.0,384.0,3.0,2.0,426,0,0,0,0,0,NoFence,0,7,2008,WD ,Normal,140000,0,1,1,0,1,3,0,0,0,0,0,0,0,0,0,0,0
190,RL,80.0,10532,NoAlley,3.0,Lvl,Corner,2.0,ClearCr,Norm,1Fam,1Story,5,3,1960,1960,Flat,Plywood,Plywood,Stone,275.0,2.0,2.0,CBlock,3.0,3.0,2.0,3.0,988.0,1.0,0.0,0.0,988.0,3.0,Y,4.0,1721,0,0,1721,1.0,0.0,2,0,3,1,2.0,7,Mod,2,3.0,Basment,1960.0,1.0,2.0,626.0,3.0,2.0,50,84,0,0,0,0,NoFence,0,12,2008,WD ,Abnorml,145000,0,1,1,0,1,3,0,0,0,0,0,0,0,0,0,0,0
20,RL,60.0,9600,NoAlley,3.0,Lvl,Inside,2.0,Sawyer,Norm,1Fam,1Story,4,7,1950,1995,Gable,VinylSd,HdBoard,None,0.0,2.0,2.0,CBlock,4.0,3.0,1.0,4.0,442.0,1.0,0.0,625.0,1067.0,2.0,Y,4.0,1067,0,0,1067,0.0,0.0,2,0,2,1,3.0,4,Min2,0,0.0,Attchd,1996.0,1.0,2.0,436.0,3.0,2.0,290,0,0,0,0,0,NoFence,0,2,2010,WD ,Normal,128000,0,0,1,0,1,2,0,0,0,0,0,0,0,0,0,0,0
20,RL,63.0,7500,NoAlley,3.0,Lvl,Inside,2.0,SawyerW,Norm,1Fam,1Story,7,5,2006,2006,Gable,VinylSd,VinylSd,None,0.0,3.0,2.0,PConc,4.0,4.0,1.0,6.0,54.0,1.0,0.0,1087.0,1141.0,4.0,Y,4.0,1141,0,0,1141,1.0,0.0,1,1,3,1,3.0,6,Typ,0,0.0,Detchd,2006.0,2.0,2.0,484.0,3.0,2.0,182,0,0,0,0,0,NoFence,0,6,2009,WD ,Normal,152000,0,0,1,0,1,2,0,0,0,0,0,0,0,0,0,0,0
20,RL,75.0,9910,NoAlley,3.0,Lvl,Inside,2.0,Somerst,Feedr,1Fam,1Story,7,6,2007,2007,Gable,VinylSd,VinylSd,None,0.0,3.0,2.0,PConc,4.0,3.0,1.0,1.0,0.0,1.0,0.0,1369.0,1369.0,4.0,Y,4.0,1369,0,0,1369,0.0,0.0,2,0,3,1,3.0,5,Typ,0,0.0,Attchd,2007.0,1.0,2.0,605.0,3.0,2.0,0,203,0,0,0,0,NoFence,0,9,2007,New,Partial,213133,0,0,1,0,1,2,0,0,0,0,0,0,0,0,0,0,0
60,FV,85.0,11003,NoAlley,3.0,Lvl,Inside,2.0,Somerst,Norm,1Fam,2Story,10,5,2008,2008,Gable,VinylSd,VinylSd,Stone,160.0,4.0,2.0,PConc,5.0,3.0,3.0,6.0,765.0,1.0,0.0,252.0,1017.0,4.0,Y,4.0,1026,981,0,2007,1.0,0.0,2,1,3,1,4.0,10,Typ,1,5.0,Attchd,2008.0,3.0,3.0,812.0,3.0,2.0,168,52,0,0,0,0,NoFence,0,4,2009,WD ,Normal,310000,0,1,1,0,1,3,0,0,0,0,0,0,0,0,0,0,0
120,RL,43.0,3087,NoAlley,3.0,Lvl,Inside,2.0,Blmngtn,Norm,TwnhsE,1Story,7,5,2006,2006,Gable,VinylSd,VinylSd,BrkFace,14.0,3.0,2.0,PConc,4.0,3.0,3.0,6.0,453.0,1.0,0.0,767.0,1220.0,4.0,Y,4.0,1364,0,0,1364,1.0,0.0,2,0,2,1,3.0,6,Typ,1,4.0,Attchd,2006.0,3.0,2.0,437.0,3.0,2.0,100,16,0,0,0,0,NoFence,0,11,2006,New,Partial,210250,0,1,1,0,1,3,0,0,0,0,0,0,0,0,0,0,0
20,RL,60.0,7200,NoAlley,3.0,Lvl,Inside,2.0,NAmes,Norm,1Fam,1Story,5,7,1950,1950,Gable,MetalSd,MetalSd,None,0.0,2.0,2.0,CBlock,3.0,3.0,1.0,4.0,534.0,3.0,96.0,246.0,876.0,2.0,Y,4.0,988,0,0,988,0.0,0.0,1,0,3,1,2.0,6,Typ,0,0.0,Attchd,1950.0,1.0,1.0,276.0,3.0,2.0,0,80,0,0,0,0,NoFence,0,5,2007,WD ,Normal,119000,0,0,1,0,1,2,0,0,0,0,0,0,0,0,0,0,0
60,RL,65.0,8158,NoAlley,3.0,Lvl,Inside,2.0,CollgCr,Norm,1Fam,2Story,7,5,2003,2003,Gable,VinylSd,VinylSd,BrkFace,252.0,3.0,2.0,PConc,4.0,3.0,1.0,6.0,550.0,1.0,0.0,334.0,884.0,4.0,Y,4.0,884,884,0,1768,1.0,0.0,2,1,3,1,3.0,8,Typ,0,0.0,Attchd,2003.0,2.0,2.0,543.0,3.0,2.0,0,63,0,0,0,0,NoFence,0,7,2008,WD ,Normal,224900,0,0,1,0,1,2,0,0,0,0,0,0,0,0,0,0,0
20,RL,95.0,13651,NoAlley,2.0,Lvl,Inside,2.0,NAmes,Norm,1Fam,1Story,7,6,1973,1973,Gable,Plywood,Plywood,BrkFace,1115.0,2.0,3.0,CBlock,4.0,3.0,4.0,5.0,1880.0,1.0,0.0,343.0,2223.0,4.0,Y,4.0,2223,0,0,2223,1.0,0.0,2,0,3,1,2.0,8,Typ,2,4.0,Attchd,1973.0,3.0,2.0,516.0,3.0,2.0,300,0,0,0,0,0,NoFence,0,2,2007,WD ,Normal,244000,0,1,1,0,1,3,0,0,0,0,0,0,0,0,0,0,0
70,RM,42.0,7614,Grvl,3.0,Lvl,Inside,1.0,OldTown,Norm,1Fam,2Story,3,5,1905,1950,Gable,MetalSd,MetalSd,None,0.0,2.0,2.0,BrkTil,3.0,2.0,2.0,1.0,0.0,1.0,0.0,738.0,738.0,3.0,Y,3.0,714,662,0,1376,0.0,0.0,1,0,2,1,2.0,7,Typ,0,0.0,Detchd,1930.0,1.0,1.0,216.0,3.0,0.0,0,0,104,0,225,0,NoFence,0,3,2006,WD ,Normal,96900,0,0,1,0,1,2,0,0,0,0,0,0,0,0,0,0,0
20,RL,60.0,8190,NoAlley,3.0,Lvl,Inside,2.0,Edwards,Norm,1Fam,1Story,4,6,1954,1954,Hip,Wd Sdng,Wd Sdng,None,0.0,2.0,2.0,CBlock,3.0,3.0,1.0,3.0,732.0,1.0,0.0,216.0,948.0,4.0,Y,4.0,948,0,0,948,1.0,0.0,1,0,3,1,2.0,5,Typ,1,3.0,Detchd,1956.0,1.0,1.0,280.0,3.0,2.0,0,36,0,0,0,0,NoFence,0,10,2007,WD ,Normal,119000,0,1,1,0,1,3,0,0,0,0,0,0,0,0,0,0,0
120,RL,35.0,5118,NoAlley,2.0,HLS,Inside,2.0,StoneBr,Norm,TwnhsE,1Story,8,5,1990,1990,Gable,CemntBd,CmentBd,None,0.0,3.0,2.0,PConc,4.0,3.0,4.0,6.0,926.0,1.0,0.0,386.0,1312.0,3.0,Y,4.0,1321,0,0,1321,1.0,0.0,1,0,1,1,3.0,4,Typ,1,3.0,Attchd,1990.0,2.0,2.0,484.0,3.0,2.0,0,64,140,0,0,0,NoFence,0,8,2007,WD ,Normal,212000,0,1,1,0,1,3,0,0,0,0,0,0,0,0,0,0,0
45,RL,64.0,6390,NoAlley,3.0,Lvl,Corner,2.0,NAmes,Feedr,1Fam,1.5Unf,6,7,1954,1954,Gable,MetalSd,MetalSd,None,0.0,2.0,2.0,CBlock,3.0,3.0,1.0,1.0,0.0,1.0,0.0,936.0,936.0,2.0,Y,3.0,984,0,0,984,1.0,0.0,1,0,2,1,2.0,4,Typ,0,0.0,Detchd,1954.0,1.0,1.0,280.0,3.0,2.0,0,0,0,0,0,0,GdWo,0,6,2008,WD ,Normal,112500,0,0,1,1,1,3,0,0,0,0,0,0,0,0,0,0,0
80,RL,65.0,9638,NoAlley,2.0,Lvl,CulDSac,2.0,Edwards,Norm,1Fam,SLvl,6,6,1977,1977,Hip,Plywood,Plywood,None,0.0,2.0,2.0,CBlock,3.0,3.0,3.0,5.0,368.0,3.0,120.0,541.0,1029.0,2.0,Y,4.0,1117,0,0,1117,1.0,0.0,1,0,3,1,2.0,6,Typ,1,2.0,Attchd,1977.0,2.0,2.0,542.0,3.0,2.0,292,0,0,0,0,0,NoFence,0,11,2008,WD ,Normal,147000,0,1,1,0,1,3,0,0,0,0,0,0,0,0,0,0,0
85,RL,80.0,10464,NoAlley,2.0,Lvl,FR3,2.0,NWAmes,Norm,1Fam,SFoyer,6,6,1980,1980,Gable,HdBoard,HdBoard,BrkFace,130.0,2.0,2.0,CBlock,4.0,3.0,3.0,6.0,850.0,1.0,0.0,138.0,988.0,2.0,Y,4.0,1102,0,0,1102,1.0,0.0,1,0,2,1,2.0,5,Typ,1,3.0,Attchd,1980.0,2.0,2.0,582.0,3.0,2.0,140,22,0,0,0,0,NoFence,0,6,2006,WD ,Normal,169000,0,1,1,0,1,3,0,0,0,0,0,0,0,0,0,0,0
20,RL,49.0,20896,NoAlley,1.0,Lvl,CulDSac,2.0,Somerst,RRAn,1Fam,1Story,8,5,2005,2006,Gable,VinylSd,VinylSd,None,0.0,3.0,2.0,PConc,5.0,3.0,2.0,6.0,1721.0,1.0,0.0,356.0,2077.0,4.0,Y,4.0,2097,0,0,2097,1.0,0.0,1,1,1,1,4.0,8,Typ,1,5.0,Attchd,2005.0,3.0,3.0,1134.0,3.0,2.0,192,267,0,0,0,0,NoFence,0,1,2006,New,Partial,423000,0,1,1,0,1,3,0,0,0,0,0,0,0,0,0,0,0
60,RL,65.0,12257,NoAlley,2.0,Lvl,Inside,2.0,NoRidge,Norm,1Fam,2Story,8,5,1995,1995,Gable,VinylSd,VinylSd,BrkFace,513.0,3.0,2.0,PConc,4.0,3.0,3.0,2.0,56.0,5.0,64.0,1198.0,1318.0,4.0,Y,4.0,1328,1203,0,2531,0.0,0.0,2,1,4,1,3.0,9,Typ,1,3.0,Attchd,1995.0,2.0,3.0,752.0,3.0,2.0,222,98,0,0,0,0,NoFence,0,11,2007,WD ,Normal,290000,0,1,1,0,1,3,0,0,0,0,0,0,0,0,0,0,0
90,RL,76.0,12436,NoAlley,3.0,Lvl,Inside,2.0,NAmes,Norm,Duplex,1Story,5,5,1957,1957,Gable,Wd Sdng,Wd Sdng,None,0.0,2.0,2.0,CBlock,3.0,3.0,1.0,1.0,0.0,1.0,0.0,1824.0,1824.0,1.0,Y,3.0,1824,0,0,1824,0.0,0.0,2,0,5,2,2.0,9,Typ,0,0.0,Detchd,1958.0,1.0,2.0,484.0,3.0,2.0,0,0,0,0,0,0,NoFence,0,1,2008,WD ,Normal,146000,0,0,1,0,1,2,0,0,0,0,0,0,0,0,0,0,0
60,RL,98.0,12328,NoAlley,2.0,Lvl,Inside,2.0,StoneBr,Norm,1Fam,2Story,8,5,2005,2005,Hip,VinylSd,VinylSd,Stone,146.0,3.0,2.0,PConc,5.0,3.0,2.0,6.0,986.0,1.0,0.0,163.0,1149.0,4.0,Y,4.0,1164,1377,0,2541,1.0,0.0,3,1,4,1,4.0,10,Typ,1,4.0,BuiltIn,2005.0,3.0,3.0,729.0,3.0,2.0,120,32,0,0,0,0,NoFence,0,7,2007,WD ,Normal,349265,0,1,1,0,1,3,0,0,0,0,0,0,0,0,0,0,0
60,RL,64.0,10832,NoAlley,2.0,Lvl,Corner,2.0,Gilbert,Norm,1Fam,2Story,7,5,1994,1996,Gable,MetalSd,MetalSd,None,0.0,3.0,2.0,PConc,4.0,3.0,1.0,1.0,0.0,1.0,0.0,712.0,712.0,4.0,Y,4.0,1086,809,0,1895,0.0,0.0,2,1,3,1,3.0,7,Typ,1,3.0,Attchd,1994.0,3.0,2.0,409.0,3.0,2.0,143,46,0,0,0,0,NoFence,500,10,2008,WD ,Normal,194500,0,1,1,0,1,3,0,0,0,0,0,0,0,0,0,0,0
120,RL,42.0,4235,NoAlley,3.0,Lvl,Inside,2.0,Edwards,Norm,TwnhsE,1Story,5,5,1984,1984,Gable,HdBoard,HdBoard,BrkFace,149.0,3.0,2.0,CBlock,4.0,3.0,2.0,6.0,552.0,5.0,393.0,104.0,1049.0,2.0,Y,4.0,1049,0,0,1049,1.0,0.0,2,0,2,1,3.0,5,Typ,0,0.0,Attchd,1984.0,3.0,1.0,266.0,3.0,2.0,0,105,0,0,0,0,NoFence,0,2,2009,WD ,Normal,139500,0,0,1,0,1,2,0,0,0,0,0,0,0,0,0,0,0
20,RL,64.0,10475,NoAlley,2.0,Lvl,Corner,2.0,CollgCr,Norm,1Fam,1Story,8,5,2008,2008,Gable,VinylSd,VinylSd,Stone,72.0,3.0,2.0,PConc,4.0,3.0,3.0,1.0,0.0,1.0,0.0,1694.0,1694.0,4.0,Y,4.0,1694,0,0,1694,0.0,0.0,2,0,3,1,3.0,7,Typ,0,0.0,Attchd,2008.0,2.0,3.0,776.0,3.0,2.0,160,33,0,0,0,0,NoFence,0,2,2010,WD ,Normal,245350,0,0,1,0,1,2,0,0,0,0,0,0,0,0,0,0,0
20,RL,74.0,11616,NoAlley,3.0,Lvl,Inside,2.0,Sawyer,Norm,1Fam,1Story,5,5,1962,1962,Gable,Wd Sdng,Wd Sdng,BrkFace,116.0,2.0,2.0,CBlock,3.0,3.0,1.0,2.0,170.0,4.0,670.0,252.0,1092.0,2.0,Y,4.0,1092,0,0,1092,0.0,1.0,1,0,3,1,2.0,6,Typ,1,1.0,Attchd,1962.0,1.0,1.0,288.0,3.0,2.0,0,20,144,0,0,0,NoFence,0,9,2009,WD ,Normal,139000,0,1,1,0,1,3,0,0,0,0,0,0,0,0,0,0,0
90,RL,55.0,12640,NoAlley,2.0,Lvl,Inside,2.0,Mitchel,Norm,Duplex,1Story,6,5,1976,1976,Gable,Plywood,Plywood,None,0.0,2.0,2.0,CBlock,3.0,3.0,4.0,3.0,936.0,2.0,396.0,396.0,1728.0,2.0,Y,4.0,1728,0,0,1728,0.0,0.0,2,0,4,2,2.0,8,Typ,0,0.0,Attchd,1976.0,1.0,2.0,574.0,3.0,2.0,40,0,0,0,0,0,NoFence,0,7,2006,WD ,Normal,150900,0,0,1,0,1,2,0,0,0,0,0,0,0,0,0,0,0
20,RL,75.0,8250,NoAlley,3.0,Lvl,Inside,2.0,NAmes,Norm,1Fam,1Story,6,7,1964,1964,Hip,HdBoard,HdBoard,Stone,260.0,2.0,2.0,CBlock,4.0,3.0,1.0,3.0,787.0,1.0,0.0,305.0,1092.0,4.0,Y,4.0,1092,0,0,1092,1.0,0.0,1,0,3,1,2.0,6,Typ,0,0.0,Attchd,1964.0,2.0,2.0,504.0,3.0,2.0,0,0,0,0,0,0,MnPrv,0,7,2008,WD ,Normal,145000,0,0,1,1,1,3,0,0,0,0,0,0,0,0,0,0,0
160,FV,30.0,3180,Pave,3.0,Lvl,Inside,2.0,Somerst,Norm,TwnhsE,2Story,7,5,2005,2005,Gable,MetalSd,MetalSd,None,0.0,3.0,2.0,PConc,4.0,3.0,1.0,1.0,0.0,1.0,0.0,600.0,600.0,4.0,Y,4.0,520,600,80,1200,0.0,0.0,2,1,2,1,3.0,4,Typ,0,0.0,Detchd,2005.0,2.0,2.0,480.0,3.0,2.0,0,166,0,0,0,0,NoFence,0,4,2006,WD ,Abnorml,144152,0,0,1,0,1,2,0,0,0,0,0,0,0,0,0,0,0
20,RL,74.0,8892,NoAlley,3.0,Lvl,Corner,2.0,NAmes,Norm,1Fam,1Story,5,7,1953,1996,Gable,WdShing,Wd Shng,None,0.0,3.0,2.0,Stone,3.0,3.0,3.0,1.0,0.0,1.0,0.0,105.0,105.0,3.0,Y,4.0,910,0,0,910,0.0,0.0,1,0,3,1,3.0,5,Typ,0,0.0,Attchd,1953.0,1.0,2.0,414.0,3.0,2.0,196,0,150,0,0,0,GdWo,0,10,2008,WD ,Normal,116000,0,0,1,1,1,3,0,0,0,0,0,0,0,0,0,0,0
60,RL,80.0,9428,NoAlley,3.0,Lvl,Inside,2.0,Somerst,Norm,1Fam,2Story,8,5,2007,2008,Hip,VinylSd,VinylSd,Stone,310.0,3.0,2.0,PConc,4.0,3.0,3.0,6.0,729.0,1.0,0.0,226.0,955.0,4.0,Y,4.0,955,919,0,1874,1.0,0.0,2,1,3,1,3.0,8,Typ,1,4.0,Attchd,2007.0,3.0,3.0,880.0,3.0,2.0,168,108,0,0,0,0,NoFence,0,2,2008,New,Partial,297900,0,1,1,0,1,3,0,0,0,0,0,0,0,0,0,0,0
90,RL,100.0,25000,NoAlley,3.0,Low,Inside,2.0,Mitchel,Norm,Duplex,1Story,5,4,1967,1967,Gable,HdBoard,Plywood,None,0.0,2.0,2.0,CBlock,3.0,3.0,3.0,1.0,0.0,1.0,0.0,1632.0,1632.0,2.0,Y,4.0,1632,0,0,1632,0.0,0.0,2,0,4,2,2.0,8,Typ,0,0.0,Attchd,1967.0,1.0,2.0,576.0,3.0,1.0,0,0,0,0,0,0,NoFence,0,6,2007,WD ,Normal,143000,0,0,1,0,1,2,0,0,0,0,0,0,0,0,0,0,0
20,RL,78.0,10206,NoAlley,3.0,Lvl,Inside,2.0,Somerst,Norm,1Fam,1Story,8,5,2007,2007,Gable,VinylSd,VinylSd,Stone,468.0,2.0,2.0,PConc,4.0,3.0,1.0,6.0,33.0,1.0,0.0,1530.0,1563.0,4.0,Y,4.0,1563,0,0,1563,0.0,0.0,2,0,3,1,3.0,6,Typ,1,4.0,Attchd,2007.0,2.0,3.0,758.0,3.0,2.0,144,99,0,0,0,0,NoFence,0,10,2008,WD ,Normal,245000,0,1,1,0,1,3,0,0,0,0,0,0,0,0,0,0,0
20,RL,80.0,9600,NoAlley,3.0,Lvl,Inside,2.0,NAmes,Norm,1Fam,1Story,5,6,1960,1960,Gable,MetalSd,MetalSd,BrkFace,203.0,1.0,1.0,CBlock,3.0,3.0,1.0,3.0,658.0,1.0,0.0,638.0,1296.0,2.0,Y,4.0,1496,0,0,1496,0.0,0.0,2,0,3,1,3.0,6,Typ,0,0.0,Attchd,1960.0,2.0,2.0,450.0,3.0,2.0,0,22,0,0,0,0,MnPrv,0,2,2008,WD ,Normal,141500,0,0,1,1,1,3,0,0,0,0,0,0,0,0,0,0,0
20,RL,82.0,11202,NoAlley,2.0,Lvl,Inside,2.0,Timber,Norm,1Fam,1Story,8,5,2003,2003,Hip,VinylSd,VinylSd,BrkFace,206.0,3.0,2.0,PConc,5.0,3.0,3.0,6.0,1029.0,1.0,0.0,403.0,1432.0,4.0,Y,4.0,1440,0,0,1440,1.0,0.0,2,0,3,1,3.0,7,Typ,1,3.0,Attchd,2003.0,3.0,2.0,467.0,3.0,2.0,185,95,0,0,0,0,NoFence,0,6,2008,WD ,Normal,232500,0,1,1,0,1,3,0,0,0,0,0,0,0,0,0,0,0
60,RL,58.0,14054,NoAlley,2.0,Lvl,Inside,2.0,Gilbert,Norm,1Fam,2Story,7,5,2006,2006,Gable,VinylSd,VinylSd,None,0.0,3.0,2.0,PConc,4.0,3.0,3.0,1.0,0.0,1.0,0.0,879.0,879.0,4.0,Y,4.0,879,984,0,1863,0.0,0.0,2,1,4,1,3.0,9,Typ,1,4.0,BuiltIn,2006.0,3.0,3.0,660.0,3.0,2.0,100,17,0,0,0,0,NoFence,0,11,2006,New,Partial,219210,0,1,1,0,1,3,0,0,0,0,0,0,0,0,0,0,0
160,RM,24.0,1612,NoAlley,3.0,Lvl,Inside,2.0,Blueste,Norm,Twnhs,2Story,6,6,1980,1980,Gable,MetalSd,MetalSd,None,0.0,2.0,2.0,CBlock,4.0,3.0,1.0,1.0,0.0,1.0,0.0,561.0,561.0,2.0,Y,4.0,561,668,0,1229,0.0,0.0,1,1,2,1,2.0,5,Typ,1,3.0,Attchd,1980.0,3.0,2.0,462.0,3.0,2.0,154,0,0,0,0,0,MnPrv,0,7,2009,WD ,Normal,121000,0,1,1,1,1,4,0,0,0,0,0,0,0,0,0,0,0
50,RL,60.0,8382,NoAlley,3.0,Lvl,Inside,2.0,NAmes,Norm,1Fam,1.5Fin,4,5,1956,1956,Gable,MetalSd,MetalSd,None,0.0,2.0,2.0,CBlock,3.0,3.0,1.0,1.0,0.0,1.0,0.0,832.0,832.0,2.0,Y,3.0,832,505,0,1337,0.0,0.0,1,0,3,1,2.0,5,Typ,0,0.0,Attchd,1956.0,1.0,1.0,263.0,3.0,2.0,0,0,0,0,0,0,NoFence,0,2,2010,WD ,Normal,108000,0,0,1,0,1,2,0,0,0,0,0,0,0,0,0,0,0
60,RL,78.0,15600,NoAlley,3.0,Lvl,Inside,2.0,Crawfor,Norm,1Fam,2Story,5,7,1950,1963,Gable,Wd Sdng,Wd Sdng,BrkFace,405.0,2.0,3.0,CBlock,4.0,3.0,1.0,6.0,760.0,1.0,0.0,408.0,1168.0,3.0,Y,4.0,1278,1037,0,2315,1.0,0.0,2,0,4,1,2.0,9,Typ,3,4.0,Attchd,1950.0,3.0,1.0,342.0,3.0,2.0,0,0,0,0,192,0,NoFence,0,7,2006,WD ,Normal,257000,0,1,1,0,1,3,0,0,0,0,0,0,0,0,0,0,0
20,RL,70.0,11767,NoAlley,3.0,Lvl,Inside,2.0,Edwards,Norm,1Fam,1Story,5,5,1956,1956,Hip,HdBoard,HdBoard,BrkFace,259.0,2.0,2.0,CBlock,3.0,3.0,1.0,3.0,546.0,1.0,0.0,604.0,1150.0,4.0,Y,4.0,1560,0,0,1560,0.0,0.0,1,0,2,1,2.0,7,Min1,1,3.0,Attchd,1956.0,1.0,1.0,313.0,3.0,2.0,0,0,0,0,0,0,NoFence,0,5,2009,WD ,Normal,103500,0,1,1,0,1,3,0,0,0,0,0,0,0,0,0,0,0
70,RM,60.0,5775,NoAlley,1.0,Bnk,Corner,1.0,OldTown,Feedr,1Fam,2Story,6,7,1915,2002,Gable,Wd Sdng,Wd Sdng,None,0.0,2.0,2.0,BrkTil,3.0,3.0,1.0,1.0,0.0,1.0,0.0,483.0,483.0,4.0,Y,4.0,741,686,0,1427,0.0,0.0,1,0,3,1,3.0,7,Typ,0,0.0,Attchd,1915.0,1.0,1.0,379.0,3.0,2.0,0,24,112,0,0,0,NoFence,0,2,2009,WD ,Normal,123000,0,0,1,0,1,2,0,0,0,0,0,0,0,0,0,0,0
20,RL,70.0,9100,NoAlley,3.0,Lvl,Inside,2.0,CollgCr,Norm,1Fam,1Story,7,5,2000,2000,Gable,VinylSd,VinylSd,BrkFace,244.0,3.0,2.0,PConc,4.0,3.0,3.0,6.0,1400.0,1.0,0.0,125.0,1525.0,4.0,Y,4.0,1525,0,0,1525,1.0,0.0,2,0,3,1,3.0,6,Typ,0,0.0,Attchd,2000.0,2.0,2.0,541.0,3.0,2.0,219,36,0,0,0,0,NoFence,0,9,2006,WD ,Normal,235000,0,0,1,0,1,2,0,0,0,0,0,0,0,0,0,0,0
20,RM,80.0,8546,NoAlley,3.0,Lvl,Corner,2.0,Edwards,Norm,1Fam,1Story,4,5,2003,2004,Gable,VinylSd,VinylSd,None,0.0,2.0,2.0,PConc,4.0,3.0,1.0,1.0,0.0,1.0,0.0,1121.0,1121.0,4.0,Y,4.0,1121,0,0,1121,0.0,0.0,2,0,2,1,2.0,5,Typ,0,0.0,Attchd,2003.0,2.0,2.0,440.0,3.0,2.0,132,64,0,0,0,0,NoFence,0,3,2010,WD ,Normal,140000,0,0,1,0,1,2,0,0,0,0,0,0,0,0,0,0,0
60,RL,70.0,11218,NoAlley,3.0,Lvl,Inside,2.0,SawyerW,Norm,1Fam,2Story,6,5,1992,1992,Gable,Wd Sdng,Wd Sdng,None,0.0,3.0,2.0,PConc,4.0,3.0,1.0,1.0,0.0,1.0,0.0,1055.0,1055.0,4.0,Y,4.0,1055,790,0,1845,0.0,0.0,2,1,3,1,3.0,8,Typ,1,3.0,Attchd,1992.0,2.0,2.0,462.0,3.0,2.0,635,104,0,0,0,0,GdPrv,400,5,2010,WD ,Normal,189000,0,1,1,1,1,4,0,0,0,0,0,0,0,0,0,0,0
20,RL,73.0,10710,NoAlley,3.0,Lvl,Inside,2.0,NAmes,Norm,1Fam,1Story,5,7,1966,2004,Hip,HdBoard,HdBoard,BrkFace,165.0,3.0,2.0,PConc,3.0,3.0,1.0,4.0,644.0,1.0,0.0,220.0,864.0,4.0,Y,4.0,1120,0,0,1120,0.0,1.0,1,0,3,1,2.0,5,Typ,1,3.0,Attchd,1966.0,2.0,2.0,656.0,3.0,2.0,0,162,0,0,0,0,NoFence,1200,7,2009,WD ,Normal,148800,0,1,1,0,1,3,0,0,0,0,0,0,0,0,0,0,0
20,RH,70.0,8900,NoAlley,3.0,Lvl,Inside,2.0,SawyerW,Norm,1Fam,1Story,4,4,1966,1966,Gable,HdBoard,HdBoard,None,0.0,2.0,2.0,CBlock,3.0,3.0,1.0,3.0,1056.0,1.0,0.0,0.0,1056.0,2.0,Y,4.0,1056,0,0,1056,1.0,0.0,1,0,2,1,2.0,5,Typ,0,0.0,Detchd,1966.0,1.0,1.0,384.0,3.0,2.0,0,42,0,0,0,0,MnPrv,0,11,2006,WD ,Normal,107000,0,0,1,1,1,3,0,0,0,0,0,0,0,0,0,0,0
60,FV,75.0,9512,NoAlley,2.0,Lvl,Inside,2.0,Somerst,RRAn,1Fam,2Story,7,5,2005,2006,Gable,VinylSd,VinylSd,None,0.0,3.0,2.0,PConc,4.0,3.0,1.0,5.0,788.0,1.0,0.0,172.0,960.0,4.0,Y,4.0,960,1358,0,2318,1.0,0.0,2,1,3,1,3.0,8,Typ,1,5.0,BuiltIn,2005.0,3.0,2.0,541.0,3.0,2.0,0,246,0,0,0,0,NoFence,0,6,2006,New,Partial,294323,0,1,1,0,1,3,0,0,0,0,0,0,0,0,0,0,0
50,RL,62.0,6488,NoAlley,3.0,Lvl,Inside,2.0,Edwards,Norm,1Fam,1.5Fin,5,5,1942,1950,Gable,BrkFace,Wd Sdng,None,0.0,2.0,2.0,BrkTil,3.0,3.0,1.0,2.0,230.0,1.0,0.0,569.0,799.0,4.0,N,3.0,799,351,0,1150,0.0,0.0,1,0,3,1,2.0,6,Mod,2,3.0,BuiltIn,1942.0,1.0,1.0,215.0,3.0,2.0,264,0,0,0,0,0,NoFence,0,3,2006,WD ,Family,128000,0,1,0,0,1,2,0,0,0,0,0,0,0,0,0,0,0
20,RL,96.0,12456,NoAlley,3.0,Lvl,FR2,2.0,NridgHt,Norm,1Fam,1Story,10,5,2006,2007,Hip,CemntBd,CmentBd,Stone,230.0,4.0,2.0,PConc,5.0,3.0,4.0,6.0,1172.0,1.0,0.0,528.0,1700.0,4.0,Y,4.0,1718,0,0,1718,1.0,0.0,2,0,3,1,4.0,7,Typ,1,4.0,Attchd,2008.0,3.0,3.0,786.0,3.0,2.0,216,48,0,0,0,0,NoFence,0,7,2009,WD ,Normal,337500,0,1,1,0,1,3,0,0,0,0,0,0,0,0,0,0,0
20,RL,88.0,12803,NoAlley,2.0,Lvl,Inside,2.0,CollgCr,Norm,1Fam,1Story,7,5,2002,2002,Gable,VinylSd,VinylSd,BrkFace,99.0,3.0,2.0,PConc,4.0,3.0,2.0,6.0,922.0,1.0,0.0,572.0,1494.0,4.0,Y,4.0,1494,0,0,1494,1.0,0.0,2,0,3,1,3.0,6,Typ,1,3.0,Attchd,2002.0,2.0,2.0,530.0,3.0,2.0,192,36,0,0,0,0,NoFence,0,9,2008,WD ,Normal,221000,0,1,1,0,1,3,0,0,0,0,0,0,0,0,0,0,0
60,RL,58.0,10852,NoAlley,2.0,Lvl,Inside,2.0,Gilbert,RRAn,1Fam,2Story,6,5,2000,2000,Gable,VinylSd,VinylSd,None,0.0,2.0,2.0,PConc,4.0,3.0,1.0,6.0,786.0,1.0,0.0,173.0,959.0,4.0,Y,4.0,959,712,0,1671,1.0,0.0,2,1,3,1,2.0,7,Typ,1,3.0,Attchd,2000.0,3.0,2.0,472.0,3.0,2.0,0,38,0,0,0,0,NoFence,0,2,2006,WD ,Normal,173000,0,1,1,0,1,3,0,0,0,0,0,0,0,0,0,0,0
50,RL,70.0,8737,NoAlley,2.0,Bnk,Inside,2.0,BrkSide,Norm,1Fam,1.5Fin,6,7,1923,1950,Gable,BrkFace,Wd Sdng,None,0.0,2.0,2.0,BrkTil,4.0,3.0,1.0,3.0,300.0,1.0,0.0,765.0,1065.0,4.0,Y,3.0,915,720,0,1635,0.0,0.0,1,1,3,1,2.0,6,Typ,1,4.0,Detchd,1950.0,1.0,2.0,440.0,3.0,2.0,0,38,0,144,0,0,NoFence,0,5,2007,WD ,Normal,210000,0,1,1,0,1,3,0,0,0,0,0,0,0,0,0,0,0
90,RL,65.0,8944,NoAlley,3.0,Lvl,Inside,2.0,NAmes,Norm,Duplex,1Story,5,5,1967,1967,Gable,Plywood,Plywood,None,0.0,2.0,2.0,CBlock,3.0,3.0,1.0,1.0,0.0,1.0,0.0,1584.0,1584.0,2.0,Y,4.0,1584,0,0,1584,0.0,0.0,2,0,4,2,2.0,8,Mod,0,0.0,Detchd,1967.0,1.0,3.0,792.0,3.0,2.0,0,152,0,0,0,0,NoFence,0,4,2009,WD ,Normal,124000,0,0,1,0,1,2,0,0,0,0,0,0,0,0,0,0,0
20,RL,70.0,20693,NoAlley,2.0,Bnk,Corner,2.0,Crawfor,Norm,1Fam,1Story,7,5,1971,1971,Gable,Plywood,Plywood,BrkFace,652.0,2.0,2.0,CBlock,4.0,3.0,1.0,3.0,434.0,1.0,0.0,1262.0,1696.0,4.0,Y,4.0,1696,0,0,1696,0.0,0.0,2,0,3,1,2.0,7,Typ,2,3.0,Attchd,1971.0,3.0,2.0,625.0,3.0,2.0,0,146,0,0,0,0,GdWo,0,2,2007,WD ,Normal,198000,0,1,1,1,1,4,0,0,0,0,0,0,0,0,0,0,0
50,RM,60.0,10320,Grvl,3.0,Lvl,Inside,2.0,IDOTRR,Norm,1Fam,1.5Fin,5,6,1915,1978,Gable,HdBoard,HdBoard,None,0.0,2.0,1.0,BrkTil,3.0,2.0,1.0,1.0,0.0,1.0,0.0,880.0,880.0,3.0,Y,4.0,880,428,0,1308,0.0,0.0,2,0,2,1,2.0,6,Typ,0,0.0,Detchd,1950.0,1.0,2.0,400.0,2.0,2.0,0,0,117,0,0,0,NoFence,0,4,2008,WD ,Normal,120000,0,0,1,0,1,2,0,0,0,0,0,0,0,0,0,0,0
20,RL,80.0,9250,NoAlley,3.0,Lvl,Corner,2.0,NAmes,Norm,1Fam,1Story,5,7,1954,2005,Gable,Wd Sdng,Wd Sdng,None,0.0,2.0,2.0,CBlock,3.0,3.0,1.0,4.0,480.0,2.0,468.0,108.0,1056.0,2.0,Y,4.0,1056,0,0,1056,0.0,1.0,1,0,3,1,2.0,6,Typ,0,0.0,Attchd,1954.0,1.0,1.0,260.0,3.0,2.0,390,0,0,0,0,0,NoFence,0,7,2007,WD ,Normal,139400,0,0,1,0,1,2,0,0,0,0,0,0,0,0,0,0,0
20,RL,80.0,14680,Grvl,2.0,HLS,Inside,2.0,Crawfor,Norm,1Fam,1Story,5,4,1960,1960,Gable,MetalSd,MetalSd,None,0.0,2.0,2.0,CBlock,3.0,3.0,1.0,3.0,793.0,1.0,0.0,480.0,1273.0,4.0,Y,4.0,1273,0,0,1273,0.0,0.0,1,0,2,1,2.0,5,Typ,0,0.0,Attchd,1960.0,1.0,1.0,307.0,3.0,2.0,483,0,0,0,115,0,MnPrv,0,6,2009,WD ,Normal,155000,0,0,1,1,1,3,0,0,0,0,0,0,0,0,0,0,0
50,RL,60.0,9738,NoAlley,3.0,Lvl,Inside,2.0,Edwards,Norm,1Fam,1.5Fin,5,7,1924,1950,Gable,AsbShng,AsbShng,None,0.0,2.0,3.0,BrkTil,3.0,3.0,1.0,4.0,392.0,1.0,0.0,392.0,784.0,3.0,Y,4.0,949,272,0,1221,1.0,0.0,1,0,4,1,2.0,7,Typ,0,0.0,Attchd,1965.0,1.0,1.0,392.0,3.0,2.0,0,0,236,0,0,0,NoFence,0,3,2006,WD ,Normal,104900,0,0,1,0,1,2,0,0,0,0,0,0,0,0,0,0,0
20,RL,81.0,13870,NoAlley,2.0,HLS,Inside,2.0,StoneBr,PosA,1Fam,1Story,10,5,2006,2007,Hip,CemntBd,CmentBd,BrkFace,250.0,4.0,2.0,PConc,5.0,3.0,4.0,6.0,1152.0,1.0,0.0,590.0,1742.0,4.0,Y,4.0,2042,0,0,2042,1.0,0.0,2,0,3,1,4.0,8,Typ,1,4.0,Attchd,2007.0,3.0,3.0,724.0,3.0,2.0,240,52,0,0,174,0,NoFence,0,10,2007,New,Partial,455000,0,1,1,0,1,3,0,0,0,0,0,0,0,0,0,0,0
20,RL,98.0,11478,NoAlley,3.0,Lvl,Inside,2.0,NridgHt,Norm,1Fam,1Story,8,5,2007,2008,Gable,VinylSd,VinylSd,Stone,200.0,3.0,2.0,PConc,5.0,3.0,1.0,6.0,1218.0,1.0,0.0,486.0,1704.0,4.0,Y,4.0,1704,0,0,1704,1.0,0.0,2,0,3,1,3.0,7,Typ,1,4.0,Attchd,2008.0,2.0,3.0,772.0,3.0,2.0,0,50,0,0,0,0,NoFence,0,5,2010,WD ,Normal,306000,0,1,1,0,1,3,0,0,0,0,0,0,0,0,0,0,0
60,FV,84.0,10728,NoAlley,3.0,Lvl,Inside,2.0,Somerst,Norm,1Fam,2Story,8,5,2006,2006,Gable,VinylSd,VinylSd,None,0.0,3.0,2.0,PConc,4.0,3.0,2.0,1.0,0.0,1.0,0.0,1095.0,1095.0,3.0,Y,4.0,1095,844,0,1939,0.0,0.0,2,1,3,1,3.0,8,Typ,1,4.0,Attchd,2006.0,2.0,3.0,1053.0,3.0,2.0,192,51,0,0,0,0,NoFence,0,8,2006,New,Partial,266000,0,1,1,0,1,3,0,0,0,0,0,0,0,0,0,0,0
20,RL,85.0,6718,NoAlley,2.0,Lvl,Inside,2.0,Timber,Norm,1Fam,1Story,8,5,2001,2001,Gable,VinylSd,VinylSd,BrkFace,86.0,3.0,2.0,PConc,5.0,3.0,2.0,6.0,250.0,1.0,0.0,1017.0,1267.0,4.0,Y,4.0,1312,0,0,1312,0.0,0.0,2,0,2,1,3.0,5,Typ,0,0.0,Attchd,2001.0,1.0,2.0,471.0,3.0,2.0,256,28,0,0,0,0,NoFence,0,1,2007,WD ,Normal,180500,0,0,1,0,1,2,0,0,0,0,0,0,0,0,0,0,0
20,RL,65.0,8450,NoAlley,3.0,Lvl,Inside,2.0,Sawyer,RRAe,1Fam,1Story,5,6,1968,1968,Gable,Plywood,Plywood,BrkFace,90.0,2.0,2.0,CBlock,3.0,3.0,1.0,4.0,162.0,3.0,270.0,450.0,882.0,2.0,Y,4.0,909,0,0,909,0.0,0.0,1,0,3,1,2.0,5,Typ,0,0.0,Attchd,1968.0,1.0,1.0,294.0,3.0,2.0,0,155,0,0,0,0,MnPrv,0,11,2006,COD,Normal,116000,0,0,1,1,1,3,0,0,0,0,0,0,0,0,0,0,0
60,RL,80.0,10480,NoAlley,3.0,Lvl,Inside,2.0,NWAmes,Norm,1Fam,2Story,7,6,1976,1976,Hip,Plywood,Plywood,BrkFace,660.0,2.0,2.0,CBlock,3.0,3.0,1.0,5.0,403.0,1.0,0.0,400.0,803.0,2.0,Y,4.0,1098,866,0,1964,0.0,0.0,2,1,4,1,2.0,8,Typ,1,4.0,Attchd,1976.0,2.0,2.0,483.0,3.0,2.0,0,69,0,0,0,0,NoFence,0,9,2008,WD ,Normal,205000,0,1,1,0,1,3,0,0,0,0,0,0,0,0,0,0,0
20,RL,63.0,9457,NoAlley,3.0,Lvl,Inside,2.0,NAmes,Norm,1Fam,1Story,5,6,1970,1990,Gable,MetalSd,MetalSd,None,0.0,2.0,2.0,CBlock,3.0,3.0,1.0,5.0,566.0,1.0,0.0,359.0,925.0,2.0,Y,4.0,1422,0,0,1422,1.0,0.0,1,0,3,1,2.0,7,Min2,0,0.0,Detchd,1988.0,1.0,2.0,576.0,3.0,2.0,252,0,0,0,0,0,GdWo,0,9,2007,WD ,Normal,155000,0,0,1,1,1,3,0,0,0,0,0,0,0,0,0,0,0
160,FV,36.0,3951,Pave,2.0,Lvl,Inside,2.0,Somerst,Norm,TwnhsE,2Story,10,5,1998,1999,Gable,BrkFace,MetalSd,None,0.0,4.0,2.0,PConc,4.0,3.0,2.0,4.0,128.0,6.0,842.0,0.0,970.0,4.0,Y,4.0,1469,924,0,2393,1.0,0.0,2,1,2,1,4.0,7,Typ,1,3.0,Attchd,1998.0,3.0,2.0,846.0,3.0,2.0,0,90,0,0,94,0,NoFence,0,2,2008,WD ,Normal,345000,0,1,1,0,1,3,0,0,0,0,0,0,0,0,0,0,0
160,RM,21.0,1680,NoAlley,3.0,Lvl,Inside,2.0,BrDale,Norm,Twnhs,2Story,6,5,1972,1972,Gable,HdBoard,HdBoard,BrkFace,504.0,2.0,2.0,CBlock,3.0,3.0,1.0,5.0,276.0,1.0,0.0,207.0,483.0,2.0,Y,4.0,483,465,0,948,0.0,0.0,1,1,2,1,2.0,5,Typ,0,0.0,Detchd,1972.0,1.0,1.0,264.0,3.0,2.0,0,0,0,0,0,0,NoFence,0,7,2006,WD ,Normal,89000,0,0,1,0,1,2,0,0,0,0,0,0,0,0,0,0,0
75,RM,75.0,13500,Grvl,3.0,Lvl,Corner,2.0,OldTown,Norm,1Fam,2.5Unf,7,8,1879,1987,Gable,Wd Sdng,Wd Sdng,None,0.0,2.0,3.0,PConc,3.0,3.0,1.0,1.0,0.0,1.0,0.0,819.0,819.0,2.0,Y,3.0,1312,1142,0,2454,0.0,0.0,2,0,3,1,2.0,8,Typ,1,4.0,Attchd,1950.0,1.0,2.0,576.0,3.0,0.0,0,148,150,0,0,0,MnPrv,0,2,2007,WD ,Normal,185000,0,1,1,1,1,4,0,0,0,0,0,0,0,0,0,0,0
190,RM,50.0,6000,NoAlley,3.0,Lvl,Inside,2.0,OldTown,Norm,2fmCon,1.5Fin,5,4,1954,1954,Gable,Wd Sdng,Wd Sdng,None,0.0,2.0,2.0,CBlock,3.0,3.0,1.0,1.0,0.0,1.0,0.0,811.0,811.0,2.0,Y,3.0,811,576,0,1387,0.0,0.0,2,0,3,2,3.0,7,Typ,0,0.0,BuiltIn,1954.0,1.0,1.0,256.0,3.0,2.0,0,0,0,0,0,0,NoFence,0,11,2009,WD ,Normal,93000,0,0,1,0,1,2,0,0,0,0,0,0,0,0,0,0,0
20,RL,65.0,7800,NoAlley,3.0,Lvl,Inside,2.0,Sawyer,Norm,1Fam,1Story,5,7,1967,2004,Hip,HdBoard,HdBoard,BrkFace,89.0,2.0,2.0,PConc,3.0,3.0,1.0,5.0,450.0,1.0,0.0,414.0,864.0,4.0,Y,4.0,899,0,0,899,0.0,0.0,1,0,3,1,3.0,5,Typ,0,0.0,Attchd,1967.0,3.0,1.0,288.0,3.0,2.0,64,0,0,0,0,0,MnPrv,0,6,2009,WD ,Normal,130000,0,0,1,1,1,3,0,0,0,0,0,0,0,0,0,0,0
60,RL,59.0,23303,NoAlley,0.0,Lvl,CulDSac,2.0,NridgHt,Norm,1Fam,2Story,8,5,2007,2007,Gable,VinylSd,VinylSd,Stone,20.0,3.0,2.0,PConc,5.0,3.0,3.0,6.0,1230.0,1.0,0.0,278.0,1508.0,4.0,Y,4.0,1508,1012,0,2520,1.0,0.0,2,1,5,1,4.0,10,Typ,1,4.0,BuiltIn,2007.0,3.0,3.0,640.0,3.0,2.0,192,273,0,0,0,0,NoFence,0,6,2009,WD ,Family,409900,0,1,1,0,1,3,0,0,0,0,0,0,0,0,0,0,0
70,I (all),60.0,56600,NoAlley,2.0,Low,Inside,2.0,IDOTRR,Norm,1Fam,2.5Unf,5,1,1900,1950,Hip,Wd Sdng,Wd Sdng,None,0.0,2.0,2.0,BrkTil,3.0,3.0,1.0,1.0,0.0,1.0,0.0,686.0,686.0,4.0,Y,4.0,1150,686,0,1836,0.0,0.0,2,0,4,1,2.0,7,Maj1,0,0.0,Detchd,1900.0,1.0,1.0,288.0,3.0,0.0,0,0,0,0,0,0,NoFence,0,1,2008,WD ,Normal,103000,0,0,1,0,1,2,0,0,0,0,0,0,0,0,0,0,0
20,RL,53.0,3710,NoAlley,3.0,Lvl,Inside,2.0,Blmngtn,Norm,1Fam,1Story,7,5,2007,2007,Gable,VinylSd,VinylSd,BrkFace,16.0,3.0,2.0,PConc,4.0,3.0,3.0,1.0,0.0,1.0,0.0,1266.0,1266.0,4.0,Y,4.0,1266,0,0,1266,0.0,0.0,2,0,2,1,3.0,6,Typ,1,4.0,Attchd,2007.0,3.0,2.0,388.0,3.0,2.0,100,16,0,0,0,0,NoFence,0,8,2007,New,Partial,185485,0,1,1,0,1,3,0,0,0,0,0,0,0,0,0,0,0
20,RL,70.0,8750,NoAlley,3.0,Lvl,Inside,2.0,CollgCr,Norm,1Fam,1Story,7,5,1997,1998,Gable,VinylSd,VinylSd,BrkFace,209.0,3.0,2.0,PConc,4.0,3.0,3.0,6.0,1111.0,1.0,0.0,306.0,1417.0,4.0,Y,4.0,1417,0,0,1417,1.0,0.0,2,0,3,1,3.0,7,Typ,1,3.0,Attchd,1997.0,1.0,2.0,511.0,3.0,2.0,60,0,0,0,117,0,NoFence,0,8,2009,WD ,Normal,210000,0,1,1,0,1,3,0,0,0,0,0,0,0,0,0,0,0
20,RL,79.0,10634,NoAlley,3.0,Lvl,Inside,2.0,NAmes,Norm,1Fam,1Story,5,6,1953,1953,Gable,MetalSd,MetalSd,None,0.0,2.0,2.0,PConc,3.0,3.0,1.0,4.0,428.0,2.0,180.0,0.0,608.0,2.0,Y,4.0,1319,0,0,1319,1.0,0.0,1,0,3,1,2.0,5,Min2,0,0.0,Attchd,1953.0,1.0,1.0,270.0,3.0,2.0,66,0,0,0,0,0,GdWo,0,11,2009,WD ,Normal,123000,0,0,1,1,1,3,0,0,0,0,0,0,0,0,0,0,0
20,RL,78.0,9360,NoAlley,3.0,Lvl,Inside,2.0,NWAmes,Norm,1Fam,1Story,6,7,1972,2006,Hip,Plywood,Plywood,None,0.0,2.0,2.0,CBlock,3.0,3.0,1.0,5.0,982.0,1.0,0.0,179.0,1161.0,2.0,Y,4.0,1381,0,0,1381,1.0,0.0,1,1,3,1,3.0,5,Typ,1,3.0,Attchd,1972.0,2.0,2.0,676.0,3.0,2.0,0,0,0,0,0,0,NoFence,0,3,2010,WD ,Normal,197500,0,1,1,0,1,3,0,0,0,0,0,0,0,0,0,0,0
20,RL,102.0,13514,NoAlley,2.0,Lvl,Corner,2.0,NridgHt,Norm,1Fam,1Story,9,5,2008,2008,Hip,VinylSd,VinylSd,Stone,285.0,4.0,2.0,PConc,5.0,3.0,1.0,6.0,1142.0,1.0,0.0,632.0,1774.0,4.0,Y,4.0,1808,0,0,1808,1.0,0.0,2,0,3,1,4.0,7,Typ,1,4.0,Attchd,2008.0,3.0,3.0,850.0,3.0,2.0,200,26,0,0,0,0,NoFence,0,3,2009,WD ,Normal,324000,0,1,1,0,1,3,0,0,0,0,0,0,0,0,0,0,0
120,RL,34.0,4590,NoAlley,3.0,Lvl,Inside,2.0,NridgHt,Norm,Twnhs,1Story,8,5,2006,2006,Gable,VinylSd,VinylSd,Stone,108.0,3.0,2.0,PConc,4.0,4.0,2.0,6.0,24.0,1.0,0.0,1530.0,1554.0,4.0,Y,4.0,1554,0,0,1554,0.0,0.0,2,0,2,1,3.0,6,Typ,1,4.0,Attchd,2006.0,2.0,2.0,627.0,3.0,2.0,156,73,0,0,0,0,NoFence,0,5,2007,CWD,Normal,209500,0,1,1,0,1,3,0,0,0,0,0,0,0,0,0,0,0
70,RL,70.0,14210,NoAlley,2.0,Lvl,Inside,2.0,Crawfor,Norm,1Fam,2Story,6,7,1930,1959,Gable,Wd Sdng,Wd Sdng,None,0.0,2.0,2.0,PConc,3.0,3.0,1.0,1.0,0.0,1.0,0.0,697.0,697.0,4.0,Y,4.0,1104,697,0,1801,0.0,0.0,1,1,3,1,2.0,8,Typ,1,4.0,Attchd,1930.0,1.0,2.0,365.0,2.0,2.0,0,90,0,0,0,0,MnPrv,0,11,2006,WD ,Normal,210000,0,1,1,1,1,4,0,0,0,0,0,0,0,0,0,0,0
60,RL,107.0,10186,NoAlley,2.0,Lvl,Inside,2.0,NoRidge,Norm,1Fam,2Story,7,5,1992,1992,Gable,HdBoard,HdBoard,None,0.0,3.0,2.0,PConc,4.0,3.0,1.0,6.0,674.0,1.0,0.0,76.0,750.0,4.0,Y,4.0,1061,862,0,1923,1.0,0.0,2,1,3,1,3.0,8,Typ,1,3.0,Attchd,1992.0,2.0,2.0,564.0,3.0,2.0,240,39,0,0,0,0,NoFence,0,6,2010,WD ,Normal,190000,0,1,1,0,1,3,0,0,0,0,0,0,0,0,0,0,0
70,RL,63.0,4000,NoAlley,3.0,Lvl,Inside,2.0,Crawfor,Norm,1Fam,2Story,7,8,1930,1995,Gable,Wd Sdng,Wd Sdng,None,0.0,2.0,2.0,BrkTil,4.0,3.0,1.0,6.0,246.0,1.0,0.0,285.0,531.0,2.0,Y,4.0,567,531,0,1098,1.0,0.0,1,0,2,1,2.0,5,Typ,1,4.0,Detchd,1930.0,1.0,1.0,216.0,3.0,2.0,0,0,0,0,0,0,MnPrv,0,6,2007,WD ,Normal,148500,0,1,1,1,1,4,0,0,0,0,0,0,0,0,0,0,0
70,RL,60.0,9084,NoAlley,3.0,Lvl,Inside,2.0,Edwards,Artery,1Fam,2Story,4,5,1940,1950,Gable,MetalSd,MetalSd,None,0.0,2.0,2.0,CBlock,3.0,3.0,2.0,1.0,0.0,1.0,0.0,755.0,755.0,2.0,Y,4.0,755,755,0,1510,1.0,0.0,1,0,4,1,2.0,7,Typ,1,4.0,Detchd,1940.0,1.0,1.0,296.0,2.0,1.0,120,0,0,0,0,0,MnPrv,0,10,2009,WD ,Normal,108000,0,1,1,1,1,4,0,0,0,0,0,0,0,0,0,0,0
120,RL,48.0,6240,NoAlley,3.0,Lvl,Inside,2.0,NridgHt,Norm,TwnhsE,1Story,8,5,2006,2006,Hip,MetalSd,MetalSd,BrkFace,176.0,3.0,2.0,PConc,4.0,3.0,1.0,6.0,24.0,1.0,0.0,1300.0,1324.0,4.0,Y,4.0,1324,0,0,1324,0.0,0.0,2,0,2,1,3.0,6,Typ,1,4.0,Attchd,2006.0,3.0,2.0,550.0,3.0,2.0,0,38,0,0,0,0,NoFence,0,9,2007,New,Partial,221370,0,1,1,0,1,3,0,0,0,0,0,0,0,0,0,0,0
20,RL,64.0,7980,NoAlley,2.0,Lvl,Inside,2.0,Gilbert,Norm,1Fam,1Story,6,7,1992,2007,Gable,HdBoard,HdBoard,None,0.0,2.0,3.0,PConc,4.0,3.0,1.0,5.0,935.0,1.0,0.0,233.0,1168.0,4.0,Y,4.0,1187,0,0,1187,1.0,0.0,2,0,3,1,2.0,6,Typ,0,0.0,Attchd,1992.0,3.0,2.0,420.0,3.0,2.0,483,21,0,0,0,0,GdPrv,500,3,2010,WD ,Normal,185000,0,0,1,1,1,3,0,0,0,0,0,0,0,0,0,0,0
50,RM,50.0,9140,NoAlley,3.0,HLS,Inside,2.0,IDOTRR,Norm,1Fam,1.5Fin,6,5,1921,1975,Gable,Wd Sdng,Wd Sdng,None,0.0,2.0,2.0,BrkTil,3.0,3.0,2.0,4.0,308.0,1.0,0.0,321.0,629.0,1.0,Y,4.0,727,380,0,1107,0.0,0.0,1,0,2,1,2.0,5,Typ,0,0.0,Detchd,1950.0,1.0,1.0,625.0,3.0,2.0,0,56,0,0,200,0,MnPrv,0,4,2010,COD,Normal,110000,0,0,1,1,1,3,0,0,0,0,0,0,0,0,0,0,0
20,RL,87.0,10037,NoAlley,3.0,Lvl,Corner,2.0,Somerst,Feedr,1Fam,1Story,8,5,2006,2007,Hip,VinylSd,VinylSd,None,0.0,3.0,2.0,PConc,5.0,3.0,1.0,6.0,666.0,1.0,0.0,794.0,1460.0,4.0,Y,4.0,1460,0,0,1460,0.0,0.0,2,0,3,1,3.0,6,Typ,1,4.0,Attchd,2006.0,3.0,2.0,480.0,3.0,2.0,0,20,0,0,0,0,NoFence,0,8,2008,WD ,Normal,247000,0,1,1,0,1,3,0,0,0,0,0,0,0,0,0,0,1
20,RL,73.0,12774,NoAlley,3.0,Lvl,Inside,0.0,NAmes,Norm,1Fam,1Story,5,5,1953,1953,Hip,MetalSd,MetalSd,None,0.0,2.0,2.0,PConc,3.0,3.0,1.0,4.0,624.0,2.0,128.0,232.0,984.0,2.0,N,4.0,950,0,0,950,0.0,0.0,1,0,2,1,2.0,5,Typ,0,0.0,Detchd,1953.0,1.0,2.0,400.0,3.0,2.0,0,32,0,0,0,0,GdWo,0,7,2008,WD ,Normal,130000,0,0,0,1,1,2,0,0,0,0,0,0,0,0,0,0,0
50,RL,51.0,10480,NoAlley,3.0,Lvl,Inside,2.0,SWISU,Norm,1Fam,1.5Fin,6,5,1936,1950,Gable,MetalSd,MetalSd,None,0.0,2.0,2.0,BrkTil,3.0,3.0,1.0,1.0,0.0,1.0,0.0,1064.0,1064.0,4.0,Y,3.0,1166,0,473,1639,0.0,0.0,1,0,3,1,2.0,6,Maj2,0,0.0,Detchd,1936.0,1.0,1.0,240.0,3.0,2.0,0,0,0,0,0,0,NoFence,0,3,2008,WD ,Normal,115000,0,0,1,0,1,2,0,0,0,0,0,0,0,0,0,0,0
80,RL,65.0,19690,NoAlley,2.0,Lvl,CulDSac,2.0,Edwards,Norm,1Fam,SLvl,6,7,1966,1966,Flat,Plywood,Plywood,None,0.0,3.0,3.0,CBlock,4.0,3.0,3.0,1.0,0.0,1.0,0.0,697.0,697.0,2.0,Y,4.0,1575,626,0,2201,0.0,0.0,2,0,4,1,3.0,8,Typ,1,4.0,Attchd,1966.0,1.0,2.0,432.0,4.0,2.0,586,236,0,0,0,738,GdPrv,0,8,2006,WD ,Alloca,274970,1,1,1,1,1,5,0,0,0,0,0,0,0,0,0,0,0
20,RL,78.0,7800,NoAlley,3.0,Bnk,Inside,1.0,Edwards,Norm,1Fam,2Story,5,8,1948,2002,Gable,MetalSd,MetalSd,None,0.0,2.0,3.0,CBlock,3.0,4.0,1.0,6.0,603.0,1.0,0.0,293.0,896.0,4.0,Y,4.0,1112,896,0,2008,1.0,0.0,3,0,3,1,4.0,8,Typ,0,0.0,Attchd,1948.0,1.0,1.0,230.0,3.0,2.0,103,0,0,0,0,0,NoFence,0,8,2006,WD ,Normal,225000,0,0,1,0,1,2,0,0,0,0,0,0,0,0,0,0,0
70,RM,60.0,9600,Grvl,3.0,Lvl,Inside,2.0,OldTown,Norm,1Fam,2Story,7,7,1925,1990,Gable,Wd Sdng,Wd Sdng,None,0.0,2.0,2.0,BrkTil,3.0,4.0,1.0,2.0,16.0,1.0,0.0,712.0,728.0,4.0,Y,4.0,832,809,0,1641,0.0,1.0,1,1,3,1,4.0,6,Typ,1,4.0,Detchd,1925.0,1.0,2.0,546.0,2.0,2.0,0,0,234,0,0,0,NoFence,0,8,2006,WD ,Normal,178000,0,1,1,0,1,3,0,0,0,0,0,0,0,0,0,0,0
80,RL,70.0,10500,NoAlley,3.0,Lvl,FR2,2.0,NAmes,Norm,1Fam,SLvl,5,7,1971,2005,Gambrel,MetalSd,AsphShn,BrkFace,82.0,2.0,2.0,CBlock,3.0,3.0,3.0,5.0,349.0,1.0,0.0,23.0,372.0,2.0,Y,4.0,576,533,0,1109,0.0,1.0,1,0,3,1,2.0,5,Typ,0,0.0,BuiltIn,1971.0,1.0,1.0,288.0,3.0,2.0,35,0,0,0,0,0,GdWo,0,12,2007,WD ,Normal,139000,0,0,1,1,1,3,0,0,0,0,0,0,0,0,0,0,0
160,FV,73.0,4447,NoAlley,2.0,Lvl,FR2,2.0,Somerst,Norm,TwnhsE,2Story,7,5,2003,2003,Gable,VinylSd,VinylSd,None,0.0,3.0,2.0,PConc,4.0,3.0,1.0,1.0,0.0,1.0,0.0,530.0,530.0,4.0,Y,4.0,530,550,0,1080,0.0,0.0,2,1,2,1,3.0,4,Typ,0,0.0,Attchd,2003.0,2.0,2.0,496.0,3.0,2.0,0,50,0,0,0,0,NoFence,0,7,2006,WD ,Normal,139000,0,0,1,0,1,2,0,0,0,0,0,0,0,0,0,0,0
20,RL,75.0,9986,NoAlley,3.0,Lvl,Inside,2.0,Somerst,Norm,1Fam,1Story,8,5,2006,2007,Gable,VinylSd,VinylSd,BrkFace,428.0,3.0,2.0,PConc,5.0,3.0,3.0,1.0,0.0,1.0,0.0,1795.0,1795.0,4.0,Y,4.0,1795,0,0,1795,0.0,0.0,2,0,2,1,3.0,7,Typ,1,4.0,Attchd,2007.0,2.0,3.0,895.0,3.0,2.0,0,49,0,0,0,0,NoFence,0,2,2007,New,Partial,147000,0,1,1,0,1,3,0,0,0,0,0,0,0,0,0,0,0
20,RL,65.0,8926,NoAlley,2.0,Lvl,Corner,2.0,Edwards,Norm,1Fam,1Story,4,3,1956,1956,Gable,AsbShng,AsbShng,None,0.0,2.0,2.0,CBlock,3.0,3.0,1.0,1.0,0.0,1.0,0.0,672.0,672.0,4.0,Y,3.0,960,0,0,960,0.0,0.0,1,0,3,1,2.0,5,Typ,0,0.0,Basment,1956.0,1.0,1.0,288.0,3.0,2.0,64,0,0,0,160,0,MnPrv,0,10,2009,COD,Abnorml,112000,0,0,1,1,1,3,0,0,0,0,0,0,0,0,0,0,0
60,RL,66.0,13682,NoAlley,1.0,HLS,CulDSac,2.0,StoneBr,Norm,1Fam,2Story,10,5,2006,2006,Hip,VinylSd,VinylSd,BrkFace,1031.0,4.0,2.0,PConc,5.0,3.0,4.0,1.0,0.0,1.0,0.0,1410.0,1410.0,4.0,Y,4.0,1426,1519,0,2945,0.0,0.0,3,1,3,1,3.0,10,Typ,1,4.0,BuiltIn,2006.0,3.0,3.0,641.0,3.0,2.0,192,0,37,0,0,0,NoFence,0,10,2006,New,Partial,438780,0,1,1,0,1,3,0,0,0,0,0,0,0,0,0,0,0
60,RL,75.0,10125,NoAlley,3.0,Lvl,Inside,2.0,Mitchel,Norm,1Fam,2Story,8,5,2000,2001,Gable,CemntBd,CmentBd,None,0.0,3.0,2.0,PConc,4.0,3.0,1.0,5.0,445.0,4.0,250.0,412.0,1107.0,4.0,Y,4.0,1040,1012,0,2052,0.0,0.0,2,1,3,1,3.0,7,Typ,1,3.0,BuiltIn,2000.0,3.0,3.0,642.0,3.0,2.0,210,91,0,0,0,0,NoFence,0,5,2009,WD ,Normal,251000,0,1,1,0,1,3,0,0,0,0,0,0,0,0,0,0,0
20,FV,112.0,12606,NoAlley,2.0,Lvl,Inside,2.0,Somerst,Norm,1Fam,1Story,9,5,2007,2008,Gable,VinylSd,VinylSd,Stone,120.0,3.0,2.0,PConc,4.0,3.0,3.0,1.0,0.0,1.0,0.0,1530.0,1530.0,4.0,Y,4.0,1530,0,0,1530,0.0,0.0,2,0,3,1,3.0,7,Typ,1,4.0,Attchd,2008.0,2.0,3.0,984.0,3.0,2.0,212,136,0,0,0,0,NoFence,0,5,2009,WD ,Normal,250000,0,1,1,0,1,3,0,0,0,0,0,0,0,0,0,0,0
60,RL,64.0,8121,NoAlley,2.0,Lvl,Inside,2.0,Gilbert,Norm,1Fam,2Story,6,5,2000,2000,Gable,VinylSd,VinylSd,None,0.0,2.0,2.0,PConc,4.0,3.0,1.0,1.0,0.0,1.0,0.0,953.0,953.0,4.0,Y,4.0,953,711,0,1664,0.0,0.0,2,1,3,1,2.0,7,Typ,1,3.0,Attchd,2000.0,2.0,2.0,460.0,3.0,2.0,100,40,0,0,0,0,NoFence,0,1,2006,WD ,Normal,172400,0,1,1,0,1,3,0,0,0,0,0,0,0,0,0,0,0
90,RL,73.0,10899,NoAlley,2.0,Lvl,Inside,2.0,NAmes,Norm,Duplex,1Story,4,5,1964,1964,Gable,HdBoard,HdBoard,None,0.0,2.0,2.0,Slab,0.0,0.0,0.0,0.0,0.0,0.0,0.0,0.0,0.0,2.0,N,4.0,1224,0,0,1224,0.0,0.0,2,0,2,2,2.0,8,Typ,0,0.0,CarPort,1964.0,1.0,3.0,530.0,3.0,2.0,0,0,0,0,0,0,NoFence,0,4,2007,WD ,Normal,103000,0,0,0,0,1,1,0,0,0,0,0,0,0,0,0,0,0
60,RL,64.0,8803,NoAlley,2.0,Lvl,Inside,2.0,Gilbert,Norm,1Fam,2Story,6,5,1994,1995,Gable,HdBoard,HdBoard,None,0.0,2.0,2.0,PConc,4.0,3.0,1.0,6.0,600.0,1.0,0.0,107.0,707.0,3.0,Y,4.0,707,809,0,1516,1.0,0.0,2,1,3,1,3.0,7,Typ,1,3.0,Attchd,1994.0,3.0,2.0,409.0,3.0,2.0,0,46,0,0,0,0,NoFence,0,7,2009,WD ,Normal,181316,0,1,1,0,1,3,0,0,0,0,0,0,0,0,0,0,0
20,RL,60.0,12450,NoAlley,3.0,Lvl,Inside,2.0,SawyerW,RRAe,1Fam,1Story,5,5,2003,2004,Gable,VinylSd,VinylSd,None,0.0,2.0,2.0,PConc,4.0,3.0,1.0,6.0,836.0,1.0,0.0,278.0,1114.0,4.0,Y,4.0,1114,0,0,1114,1.0,0.0,2,0,3,1,3.0,6,Typ,0,0.0,Detchd,2004.0,1.0,2.0,576.0,3.0,2.0,0,42,0,0,0,0,NoFence,0,6,2009,WD ,Normal,153000,0,0,1,0,1,2,0,0,0,0,0,0,0,0,0,0,0
60,RL,65.0,10616,NoAlley,2.0,Lvl,Inside,2.0,CollgCr,Norm,1Fam,2Story,7,5,2007,2007,Gable,VinylSd,VinylSd,None,0.0,3.0,2.0,PConc,4.0,3.0,1.0,1.0,0.0,1.0,0.0,628.0,628.0,4.0,Y,4.0,628,728,0,1356,0.0,0.0,2,1,3,1,3.0,6,Typ,1,4.0,BuiltIn,2007.0,3.0,2.0,484.0,3.0,2.0,100,24,0,0,0,0,NoFence,0,3,2008,New,Partial,177439,0,1,1,0,1,3,0,0,0,0,0,0,0,0,0,0,0
60,RL,112.0,16451,NoAlley,2.0,Lvl,Corner,2.0,NridgHt,Norm,1Fam,2Story,8,5,2003,2003,Gable,VinylSd,VinylSd,BrkFace,221.0,3.0,2.0,PConc,5.0,3.0,4.0,1.0,0.0,1.0,0.0,1765.0,1765.0,4.0,Y,4.0,1804,886,0,2690,0.0,0.0,2,1,4,1,3.0,9,Typ,1,4.0,BuiltIn,2003.0,3.0,3.0,795.0,3.0,2.0,268,58,0,0,0,0,NoFence,0,7,2008,WD ,Normal,370000,0,1,1,0,1,3,0,0,0,0,0,0,0,0,0,0,0
50,RL,75.0,9525,NoAlley,3.0,Lvl,Inside,2.0,Edwards,Norm,1Fam,1.5Fin,6,5,1953,1953,Gable,MetalSd,MetalSd,None,0.0,2.0,2.0,CBlock,3.0,3.0,1.0,2.0,468.0,1.0,0.0,532.0,1000.0,2.0,Y,4.0,1068,541,0,1609,0.0,0.0,1,1,5,1,2.0,7,Typ,0,0.0,Attchd,1953.0,1.0,1.0,305.0,2.0,2.0,0,0,0,0,0,0,NoFence,0,7,2006,WD ,Normal,149900,0,0,1,0,1,2,0,0,0,0,0,0,0,0,0,0,0
90,RL,73.0,10624,NoAlley,2.0,Lvl,Inside,2.0,NAmes,Norm,Duplex,1Story,5,4,1964,1964,Gable,HdBoard,HdBoard,BrkFace,84.0,2.0,2.0,CBlock,3.0,3.0,1.0,6.0,40.0,3.0,264.0,1424.0,1728.0,2.0,Y,4.0,1728,0,0,1728,0.0,1.0,2,0,6,2,2.0,10,Typ,0,0.0,Detchd,2002.0,1.0,1.0,352.0,3.0,2.0,155,0,0,0,0,0,NoFence,0,11,2007,WD ,Normal,119000,0,0,1,0,1,2,0,0,0,0,0,0,0,0,0,0,0
20,RL,80.0,8892,NoAlley,2.0,Lvl,Inside,2.0,NAmes,Norm,1Fam,1Story,5,5,1960,1960,Gable,MetalSd,MetalSd,BrkCmn,66.0,2.0,2.0,CBlock,3.0,3.0,1.0,1.0,0.0,1.0,0.0,1065.0,1065.0,3.0,Y,4.0,1065,0,0,1065,0.0,0.0,1,1,3,1,2.0,6,Typ,0,0.0,Detchd,1974.0,1.0,2.0,461.0,3.0,2.0,74,0,0,0,0,0,NoFence,0,7,2007,COD,Normal,126500,0,0,1,0,1,2,0,0,0,0,0,0,0,0,0,0,0
20,RL,75.0,10215,NoAlley,3.0,Bnk,Inside,2.0,Edwards,Norm,1Fam,1Story,4,5,1954,1954,Hip,Wd Sdng,Wd Sdng,BrkFace,132.0,2.0,2.0,PConc,3.0,3.0,1.0,5.0,492.0,1.0,0.0,372.0,864.0,4.0,Y,4.0,948,0,0,948,0.0,0.0,1,0,3,1,2.0,5,Typ,0,0.0,Attchd,1954.0,1.0,1.0,248.0,3.0,2.0,0,0,0,0,0,0,NoFence,0,2,2007,WD ,Normal,111000,0,0,1,0,1,2,0,0,0,0,0,0,0,0,0,0,0
20,RL,80.0,9600,NoAlley,3.0,Lvl,Inside,2.0,NWAmes,PosN,1Fam,1Story,8,5,1981,1981,Hip,BrkFace,BrkFace,None,0.0,3.0,2.0,PConc,4.0,3.0,1.0,5.0,1104.0,1.0,0.0,1420.0,2524.0,2.0,Y,4.0,2524,0,0,2524,1.0,0.0,2,1,4,1,3.0,9,Typ,1,4.0,Attchd,1981.0,3.0,2.0,542.0,3.0,2.0,474,120,0,0,0,0,MnPrv,0,7,2009,WD ,Normal,278000,0,1,1,1,1,4,0,0,0,0,0,0,0,0,0,0,0
60,RL,50.0,8340,NoAlley,2.0,Lvl,Inside,2.0,CollgCr,Norm,1Fam,2Story,6,6,1977,1977,Gable,HdBoard,Plywood,BrkFace,62.0,2.0,2.0,CBlock,4.0,3.0,3.0,6.0,509.0,1.0,0.0,166.0,675.0,2.0,Y,4.0,686,702,0,1388,0.0,0.0,1,1,3,1,2.0,6,Typ,0,0.0,Attchd,1977.0,1.0,1.0,317.0,3.0,2.0,406,36,0,0,0,0,NoFence,0,12,2006,WD ,Normal,157500,0,0,1,0,1,2,0,0,0,0,0,0,0,0,0,0,0
85,RL,74.0,7703,NoAlley,2.0,Lvl,CulDSac,2.0,Sawyer,Norm,1Fam,SFoyer,6,8,1978,1978,Gable,HdBoard,HdBoard,BrkCmn,40.0,2.0,2.0,CBlock,4.0,3.0,4.0,5.0,450.0,1.0,0.0,0.0,450.0,4.0,Y,4.0,1034,0,0,1034,0.0,1.0,1,0,3,1,2.0,6,Typ,1,1.0,Basment,1978.0,3.0,2.0,504.0,3.0,2.0,311,0,0,0,0,0,GdWo,0,5,2008,WD ,Normal,153000,0,1,1,1,1,4,0,0,0,0,0,0,0,0,0,0,0
60,RL,58.0,13204,NoAlley,2.0,Lvl,Inside,2.0,Gilbert,RRAn,1Fam,2Story,7,5,2006,2007,Gable,VinylSd,VinylSd,Stone,44.0,2.0,2.0,PConc,4.0,3.0,1.0,1.0,0.0,1.0,0.0,608.0,608.0,4.0,Y,4.0,608,850,0,1458,0.0,0.0,2,0,3,1,3.0,6,Typ,0,0.0,BuiltIn,2007.0,3.0,2.0,454.0,3.0,2.0,100,33,0,0,0,0,NoFence,0,5,2007,New,Partial,168165,0,0,1,0,1,2,0,0,0,0,0,0,0,0,0,0,0
20,RL,110.0,15417,NoAlley,3.0,Lvl,Inside,2.0,Veenker,Norm,1Fam,1Story,7,5,1981,1981,Gable,BrkFace,BrkFace,None,0.0,3.0,2.0,CBlock,4.0,3.0,2.0,2.0,121.0,1.0,0.0,1619.0,1740.0,2.0,Y,4.0,1740,0,0,1740,0.0,0.0,1,1,2,1,3.0,7,Typ,0,0.0,Attchd,1981.0,2.0,2.0,540.0,3.0,2.0,228,20,218,0,0,0,NoFence,0,6,2009,WD ,Normal,241600,0,0,1,0,1,2,0,0,0,0,0,0,0,0,0,0,0
60,RL,86.0,11065,NoAlley,2.0,Lvl,Inside,2.0,NridgHt,Norm,1Fam,2Story,8,5,2006,2006,Gable,VinylSd,VinylSd,Stone,788.0,3.0,2.0,PConc,4.0,3.0,2.0,1.0,0.0,1.0,0.0,1085.0,1085.0,4.0,Y,4.0,1120,850,0,1970,0.0,0.0,2,1,3,1,4.0,8,Typ,1,4.0,BuiltIn,2006.0,3.0,3.0,753.0,3.0,2.0,177,74,0,0,0,0,NoFence,0,10,2006,New,Partial,281000,0,1,1,0,1,3,0,0,0,0,0,0,0,0,0,0,0
70,RM,60.0,10440,Grvl,3.0,Lvl,Inside,2.0,OldTown,Norm,1Fam,2Story,5,8,1904,2002,Gable,MetalSd,MetalSd,None,0.0,2.0,2.0,PConc,3.0,3.0,1.0,1.0,0.0,1.0,0.0,650.0,650.0,3.0,Y,4.0,958,581,0,1539,0.0,0.0,2,0,3,1,3.0,8,Typ,1,1.0,Detchd,1983.0,1.0,2.0,686.0,4.0,1.0,70,78,68,0,0,0,NoFence,0,6,2008,WD ,Normal,157500,0,1,1,0,1,3,0,0,0,0,0,0,0,0,0,0,0
80,RL,83.0,10184,NoAlley,3.0,Lvl,Inside,2.0,NAmes,Norm,1Fam,SLvl,6,5,1963,1963,Gable,HdBoard,HdBoard,BrkFace,379.0,2.0,2.0,CBlock,3.0,3.0,3.0,5.0,580.0,1.0,0.0,503.0,1083.0,2.0,Y,4.0,1146,0,0,1146,0.0,1.0,1,0,3,1,2.0,6,Typ,1,4.0,Attchd,1963.0,1.0,1.0,294.0,3.0,2.0,345,75,0,0,0,0,NoFence,0,6,2006,WD ,Normal,165000,0,1,1,0,1,3,0,0,0,0,0,0,0,0,0,0,0
60,RL,101.0,13543,NoAlley,2.0,HLS,Corner,2.0,StoneBr,Norm,1Fam,2Story,8,5,2005,2005,Gable,VinylSd,VinylSd,Stone,130.0,3.0,2.0,PConc,5.0,3.0,4.0,6.0,16.0,1.0,0.0,1152.0,1168.0,4.0,Y,4.0,1168,1332,0,2500,0.0,0.0,3,1,5,1,4.0,9,Typ,1,4.0,BuiltIn,2005.0,3.0,3.0,683.0,3.0,2.0,192,32,0,0,0,0,NoFence,0,7,2008,WD ,Normal,355000,0,1,1,0,1,3,0,0,0,0,0,0,0,0,0,0,0
90,RL,80.0,11500,NoAlley,2.0,Lvl,Corner,2.0,NWAmes,Feedr,Duplex,1Story,5,6,1976,1976,Gable,VinylSd,VinylSd,BrkFace,164.0,2.0,2.0,CBlock,3.0,3.0,1.0,1.0,0.0,1.0,0.0,1680.0,1680.0,1.0,Y,4.0,1680,0,0,1680,0.0,0.0,2,0,4,2,2.0,8,Typ,0,0.0,Detchd,1976.0,1.0,2.0,528.0,3.0,2.0,0,0,0,0,0,0,NoFence,0,6,2007,WD ,Normal,136905,0,0,1,0,1,2,0,0,0,0,0,0,0,0,0,0,0
50,RL,44.0,13758,NoAlley,2.0,Lvl,CulDSac,2.0,Timber,Norm,1Fam,1.5Fin,7,5,1990,1991,Gable,HdBoard,HdBoard,BrkFace,117.0,3.0,3.0,CBlock,4.0,3.0,2.0,2.0,902.0,1.0,0.0,254.0,1156.0,4.0,Y,4.0,1187,530,0,1717,0.0,0.0,2,1,3,1,3.0,7,Typ,1,3.0,Attchd,1990.0,2.0,2.0,400.0,3.0,2.0,168,36,0,0,0,0,NoFence,0,4,2007,WD ,Normal,187500,0,1,1,0,1,3,0,0,0,0,0,0,0,0,0,0,0
60,RL,74.0,8899,NoAlley,3.0,Lvl,Inside,2.0,NridgHt,Norm,1Fam,2Story,8,5,2007,2007,Hip,VinylSd,VinylSd,Stone,108.0,4.0,2.0,PConc,4.0,3.0,3.0,6.0,40.0,1.0,0.0,908.0,948.0,4.0,Y,4.0,948,1140,0,2088,0.0,0.0,2,1,4,1,3.0,10,Typ,1,4.0,BuiltIn,2007.0,3.0,3.0,656.0,3.0,2.0,100,24,0,0,0,0,NoFence,0,6,2008,WD ,Normal,250000,0,1,1,0,1,3,0,0,0,0,0,0,0,0,0,0,0
120,RL,50.0,8012,NoAlley,3.0,Lvl,Inside,2.0,SawyerW,Norm,TwnhsE,1Story,6,5,1993,1994,Gable,Plywood,Plywood,None,0.0,3.0,2.0,PConc,4.0,3.0,1.0,2.0,165.0,6.0,841.0,598.0,1604.0,4.0,Y,4.0,1617,0,0,1617,1.0,0.0,2,0,2,1,3.0,5,Typ,1,2.0,Attchd,1993.0,2.0,2.0,533.0,3.0,2.0,0,69,0,0,0,0,NoFence,0,7,2008,WD ,Normal,193000,0,1,1,0,1,3,0,0,0,0,0,0,0,0,0,0,0
50,RL,60.0,10818,Grvl,3.0,Lvl,Inside,2.0,OldTown,Norm,1Fam,1.5Fin,4,4,1910,1950,Gable,VinylSd,VinylSd,None,0.0,2.0,2.0,BrkTil,2.0,3.0,1.0,1.0,0.0,1.0,0.0,1077.0,1077.0,2.0,Y,3.0,981,779,0,1760,0.0,0.0,1,1,4,1,2.0,7,Typ,1,3.0,Detchd,1935.0,1.0,2.0,648.0,2.0,2.0,120,0,96,0,0,0,NoFence,0,2,2006,COD,Abnorml,80000,0,1,1,0,1,3,0,0,0,0,0,0,0,0,0,0,0
20,RL,73.0,9477,NoAlley,3.0,Lvl,Corner,2.0,NAmes,Norm,1Fam,1Story,5,5,1966,1966,Gable,HdBoard,HdBoard,BrkFace,65.0,2.0,2.0,CBlock,3.0,3.0,1.0,3.0,340.0,1.0,0.0,524.0,864.0,2.0,Y,4.0,892,0,0,892,0.0,0.0,1,0,3,1,2.0,5,Typ,0,0.0,Attchd,1966.0,2.0,1.0,264.0,3.0,2.0,0,0,0,0,0,0,GdWo,0,10,2008,WD ,Normal,110000,0,0,1,1,1,3,0,0,0,0,0,0,0,0,0,0,0
60,RL,82.0,9044,NoAlley,2.0,Lvl,Inside,2.0,NoRidge,Norm,1Fam,2Story,8,5,1996,1997,Gable,VinylSd,VinylSd,BrkFace,526.0,3.0,3.0,PConc,4.0,3.0,1.0,6.0,1225.0,1.0,0.0,100.0,1325.0,4.0,Y,4.0,1335,1203,0,2538,0.0,0.0,2,1,4,1,3.0,8,Typ,1,3.0,Attchd,1996.0,2.0,3.0,933.0,3.0,2.0,198,92,0,0,0,0,NoFence,0,5,2007,WD ,Normal,330000,0,1,1,0,1,3,0,0,0,0,0,0,0,0,0,0,0
90,RL,64.0,6979,NoAlley,3.0,Lvl,Inside,2.0,OldTown,Norm,Duplex,SFoyer,6,5,1980,1980,Gable,Plywood,Plywood,None,0.0,2.0,2.0,CBlock,3.0,3.0,1.0,6.0,1056.0,1.0,0.0,0.0,1056.0,3.0,Y,4.0,1056,0,0,1056,2.0,0.0,0,0,0,2,2.0,4,Typ,0,0.0,Detchd,1980.0,1.0,2.0,576.0,3.0,2.0,264,56,0,0,0,0,GdPrv,600,6,2010,WD ,Normal,144000,0,0,1,1,1,3,0,0,0,0,0,0,0,0,0,0,0
60,RL,68.0,9272,NoAlley,2.0,Lvl,Inside,2.0,CollgCr,Norm,1Fam,2Story,7,5,1999,1999,Gable,VinylSd,VinylSd,None,0.0,3.0,2.0,PConc,4.0,3.0,1.0,6.0,500.0,1.0,0.0,342.0,842.0,4.0,Y,4.0,856,893,0,1749,0.0,0.0,2,1,3,1,3.0,7,Typ,0,0.0,Attchd,1999.0,2.0,2.0,515.0,3.0,2.0,140,85,0,0,0,0,NoFence,0,6,2006,WD ,Normal,196000,0,0,1,0,1,2,0,0,0,0,0,0,0,0,0,0,0
20,RL,85.0,9350,NoAlley,3.0,Lvl,Inside,2.0,NAmes,Norm,1Fam,1Story,5,6,1961,1995,Gable,Wd Sdng,Wd Sdng,BrkFace,217.0,2.0,2.0,CBlock,3.0,3.0,1.0,5.0,310.0,4.0,512.0,491.0,1313.0,2.0,Y,4.0,1313,0,0,1313,1.0,0.0,1,1,3,1,3.0,6,Typ,1,3.0,Attchd,1961.0,2.0,2.0,610.0,3.0,2.0,172,28,0,0,121,0,MnPrv,0,2,2009,WD ,Normal,153000,0,1,1,1,1,4,0,0,0,0,0,0,0,0,0,0,0
120,RM,44.0,3811,NoAlley,2.0,HLS,Inside,1.0,Crawfor,Norm,TwnhsE,1Story,7,5,2004,2005,Hip,CemntBd,CmentBd,Stone,174.0,3.0,2.0,PConc,5.0,3.0,4.0,6.0,1474.0,1.0,0.0,120.0,1594.0,4.0,Y,4.0,1646,0,0,1646,1.0,1.0,2,0,2,1,4.0,5,Typ,1,4.0,Attchd,2004.0,3.0,2.0,482.0,3.0,2.0,128,53,0,0,155,0,NoFence,0,7,2008,WD ,Normal,250000,0,1,1,0,1,3,0,0,0,0,0,0,0,0,0,0,0
30,RM,60.0,6911,NoAlley,3.0,Lvl,FR2,2.0,BrkSide,Feedr,1Fam,1Story,5,5,1924,1950,Gable,Wd Sdng,Wd Sdng,None,0.0,2.0,2.0,PConc,3.0,3.0,2.0,2.0,405.0,1.0,0.0,740.0,1145.0,2.0,Y,4.0,1301,0,0,1301,0.0,0.0,1,0,2,1,1.0,5,Min1,0,0.0,Detchd,1965.0,1.0,2.0,440.0,3.0,2.0,0,0,0,0,0,0,NoFence,0,10,2009,WD ,Normal,100000,0,0,1,0,1,2,0,0,0,0,0,0,0,0,0,0,0
80,RL,70.0,7910,NoAlley,3.0,Lvl,Inside,2.0,NAmes,Norm,1Fam,SLvl,5,5,1960,1960,Hip,BrkFace,HdBoard,None,0.0,2.0,2.0,CBlock,3.0,3.0,1.0,5.0,666.0,1.0,0.0,409.0,1075.0,3.0,Y,4.0,1507,0,0,1507,0.0,0.0,2,0,4,1,2.0,7,Maj1,0,0.0,Basment,1960.0,1.0,1.0,404.0,3.0,2.0,0,0,0,0,0,0,GdWo,0,8,2008,WD ,Normal,127000,0,0,1,1,1,3,0,0,0,0,0,0,0,0,0,0,0
50,RL,48.0,12822,NoAlley,2.0,Lvl,CulDSac,2.0,Mitchel,Norm,1Fam,1.5Fin,7,5,2003,2003,Gable,VinylSd,VinylSd,None,0.0,3.0,2.0,PConc,5.0,3.0,1.0,6.0,1351.0,1.0,0.0,83.0,1434.0,4.0,Y,4.0,1518,631,0,2149,1.0,0.0,1,1,1,1,3.0,6,Typ,1,5.0,Attchd,2003.0,2.0,2.0,670.0,3.0,2.0,168,43,0,0,198,0,NoFence,0,8,2009,WD ,Abnorml,239686,0,1,1,0,1,3,0,0,0,0,0,0,0,0,0,0,0
20,RL,76.0,9139,NoAlley,2.0,Lvl,Inside,2.0,Somerst,Norm,1Fam,1Story,8,5,2006,2006,Hip,VinylSd,VinylSd,Stone,206.0,3.0,2.0,PConc,5.0,3.0,3.0,6.0,379.0,1.0,0.0,1043.0,1422.0,4.0,Y,4.0,1432,0,0,1432,0.0,0.0,2,0,3,1,3.0,7,Typ,1,4.0,Attchd,2006.0,3.0,2.0,492.0,3.0,2.0,297,50,0,0,0,0,NoFence,0,9,2009,WD ,Normal,245000,0,1,1,0,1,3,0,0,0,0,0,0,0,0,0,0,0
60,RL,80.0,10400,NoAlley,3.0,Lvl,Inside,2.0,NWAmes,PosA,1Fam,2Story,6,7,1967,1997,Gable,MetalSd,MetalSd,BrkFace,256.0,2.0,2.0,PConc,3.0,3.0,1.0,1.0,0.0,1.0,0.0,932.0,932.0,3.0,Y,4.0,1271,1369,0,2640,0.0,0.0,2,1,5,1,3.0,8,Typ,1,3.0,Attchd,1967.0,2.0,2.0,515.0,3.0,2.0,0,120,0,0,168,0,NoFence,0,5,2009,WD ,Normal,256900,0,1,1,0,1,3,0,0,0,0,0,0,0,0,0,0,0
90,RL,74.0,13101,NoAlley,2.0,Lvl,Inside,2.0,NAmes,Norm,Duplex,1Story,5,5,1965,1965,Gable,HdBoard,HdBoard,BrkFace,108.0,2.0,2.0,CBlock,3.0,3.0,1.0,2.0,231.0,1.0,0.0,1497.0,1728.0,2.0,Y,4.0,1728,0,0,1728,0.0,0.0,2,0,6,2,2.0,10,Typ,0,0.0,Detchd,1987.0,1.0,2.0,576.0,3.0,2.0,0,0,0,0,0,0,NoFence,0,11,2008,WD ,Normal,142600,0,0,1,0,1,2,0,0,0,0,0,0,0,0,0,0,0
60,FV,79.0,10646,NoAlley,2.0,Lvl,Corner,2.0,Somerst,Norm,1Fam,2Story,7,5,2001,2001,Gable,VinylSd,VinylSd,BrkFace,513.0,2.0,2.0,PConc,3.0,3.0,1.0,6.0,681.0,1.0,0.0,177.0,858.0,4.0,Y,4.0,872,917,0,1789,1.0,0.0,2,1,3,1,2.0,7,Typ,1,3.0,Attchd,2001.0,3.0,2.0,546.0,3.0,2.0,0,0,0,0,0,0,NoFence,0,6,2008,WD ,Normal,223000,0,1,1,0,1,3,0,0,0,0,0,0,0,0,0,0,0
20,RL,76.0,10141,NoAlley,2.0,Lvl,Inside,2.0,SawyerW,Norm,1Fam,1Story,8,5,2004,2004,Gable,VinylSd,VinylSd,BrkFace,264.0,3.0,2.0,PConc,4.0,3.0,4.0,4.0,516.0,3.0,774.0,222.0,1512.0,4.0,Y,4.0,1512,0,0,1512,0.0,0.0,2,0,3,1,3.0,6,Typ,0,0.0,Attchd,2004.0,2.0,3.0,845.0,3.0,2.0,210,36,0,0,0,0,NoFence,0,1,2009,WD ,Normal,203000,0,0,1,0,1,2,0,0,0,0,0,0,0,0,0,0,0
50,RL,60.0,10410,Grvl,3.0,Lvl,Inside,2.0,OldTown,Norm,1Fam,1.5Fin,4,5,1915,1950,Gable,MetalSd,MetalSd,None,0.0,2.0,2.0,BrkTil,3.0,3.0,1.0,1.0,0.0,1.0,0.0,1313.0,1313.0,2.0,Y,4.0,1313,0,1064,2377,0.0,0.0,2,0,3,1,3.0,8,Min2,1,3.0,Detchd,1954.0,1.0,2.0,528.0,3.0,2.0,0,0,432,0,0,0,NoFence,0,6,2009,WD ,Normal,142900,0,1,1,0,1,3,0,0,0,0,0,0,0,0,0,0,0
120,RL,40.0,3874,NoAlley,2.0,Lvl,Inside,2.0,Greens,Norm,TwnhsE,1Story,8,5,1980,1980,Gable,Wd Sdng,Wd Sdng,None,0.0,3.0,2.0,CBlock,4.0,3.0,4.0,6.0,807.0,1.0,0.0,419.0,1226.0,2.0,Y,4.0,1226,0,0,1226,1.0,0.0,1,0,1,1,3.0,4,Typ,1,2.0,Attchd,1980.0,3.0,2.0,484.0,3.0,2.0,133,78,0,0,0,0,NoFence,0,7,2006,WD ,Normal,190000,0,1,1,0,1,3,0,0,0,0,0,0,0,0,0,0,0
60,RL,59.0,9649,NoAlley,2.0,Lvl,Inside,2.0,Gilbert,Norm,1Fam,2Story,6,5,1999,2000,Gable,VinylSd,VinylSd,None,0.0,2.0,2.0,PConc,4.0,3.0,1.0,1.0,0.0,1.0,0.0,941.0,941.0,4.0,Y,4.0,961,683,0,1644,0.0,0.0,2,1,3,1,2.0,7,Typ,1,3.0,Attchd,1999.0,2.0,2.0,460.0,3.0,2.0,460,42,0,0,0,0,NoFence,0,5,2007,WD ,Normal,185000,0,1,1,0,1,3,0,0,0,0,0,0,0,0,0,0,0
60,RL,85.0,10625,NoAlley,3.0,Lvl,Inside,2.0,NridgHt,Norm,1Fam,2Story,7,5,2003,2004,Gable,VinylSd,VinylSd,BrkFace,292.0,3.0,2.0,PConc,4.0,3.0,1.0,6.0,866.0,1.0,0.0,132.0,998.0,4.0,Y,4.0,1006,1040,0,2046,1.0,0.0,2,1,3,1,3.0,8,Typ,1,4.0,BuiltIn,2003.0,2.0,3.0,871.0,3.0,2.0,320,62,0,0,0,0,NoFence,0,8,2008,WD ,Normal,284000,0,1,1,0,1,3,0,0,0,0,0,0,0,0,0,0,0
190,RM,52.0,4330,Grvl,3.0,Lvl,Inside,2.0,IDOTRR,Norm,2fmCon,1.5Fin,4,6,1958,1958,Gable,MetalSd,MetalSd,None,0.0,2.0,2.0,BrkTil,2.0,3.0,1.0,3.0,681.0,5.0,127.0,0.0,808.0,2.0,Y,4.0,838,477,0,1315,1.0,0.0,2,0,3,1,2.0,5,Typ,0,0.0,Detchd,1958.0,2.0,2.0,436.0,3.0,2.0,0,0,0,0,0,0,NoFence,0,2,2007,COD,Abnorml,99500,0,0,1,0,1,2,0,0,0,0,0,0,0,0,0,0,0
20,RL,77.0,8593,NoAlley,2.0,Lvl,Inside,2.0,NAmes,Norm,1Fam,1Story,4,6,1957,1957,Hip,MetalSd,MetalSd,None,0.0,2.0,2.0,CBlock,3.0,3.0,1.0,3.0,288.0,1.0,0.0,619.0,907.0,4.0,Y,4.0,907,0,0,907,0.0,0.0,1,0,3,1,2.0,5,Typ,0,0.0,Detchd,1964.0,1.0,1.0,352.0,3.0,2.0,0,0,0,0,0,0,NoFence,0,7,2008,WD ,Normal,109008,0,0,1,0,1,2,0,0,0,0,0,0,0,0,0,0,0
20,RL,80.0,12048,NoAlley,3.0,Lvl,Inside,2.0,Edwards,Norm,1Fam,1Story,5,6,1952,2002,Gable,Wd Sdng,Wd Sdng,BrkFace,232.0,2.0,2.0,Slab,0.0,0.0,0.0,0.0,0.0,0.0,0.0,0.0,0.0,3.0,Y,4.0,1488,0,0,1488,0.0,0.0,1,0,3,1,2.0,7,Typ,1,5.0,Attchd,2002.0,2.0,2.0,569.0,3.0,2.0,0,189,36,0,348,0,NoFence,0,4,2006,WD ,Normal,135000,0,1,1,0,1,3,0,0,0,0,0,0,0,0,0,0,0
20,RL,80.0,9600,NoAlley,3.0,Lvl,Inside,2.0,NAmes,Norm,1Fam,1Story,5,5,1966,1966,Hip,VinylSd,VinylSd,BrkFace,172.0,2.0,2.0,CBlock,3.0,3.0,1.0,3.0,698.0,1.0,0.0,534.0,1232.0,2.0,Y,4.0,1232,0,0,1232,1.0,0.0,1,1,3,1,2.0,6,Typ,0,0.0,Attchd,1966.0,2.0,2.0,490.0,3.0,2.0,0,224,0,0,0,0,NoFence,0,4,2010,WD ,Normal,142250,0,0,1,0,1,2,0,0,0,0,0,0,0,0,0,0,0
20,RL,80.0,10708,NoAlley,2.0,Lvl,Inside,2.0,ClearCr,Norm,1Fam,1Story,5,5,1955,1993,Hip,Wd Sdng,Wd Sdng,None,0.0,3.0,2.0,CBlock,3.0,3.0,1.0,2.0,379.0,4.0,768.0,470.0,1617.0,4.0,Y,3.0,1867,0,0,1867,1.0,0.0,1,0,2,1,2.0,7,Typ,3,4.0,Attchd,1955.0,3.0,1.0,303.0,3.0,2.0,476,0,0,0,142,0,GdWo,0,11,2009,COD,Normal,190000,0,1,1,1,1,4,0,0,0,0,0,0,0,0,0,0,0
50,RL,82.0,12375,NoAlley,3.0,Lvl,Inside,2.0,Sawyer,Feedr,1Fam,1.5Fin,5,5,1951,1951,Gable,HdBoard,HdBoard,Stone,41.0,2.0,1.0,CBlock,3.0,3.0,1.0,4.0,329.0,1.0,0.0,477.0,806.0,2.0,Y,4.0,1081,341,0,1422,1.0,0.0,1,0,3,1,2.0,7,Typ,1,3.0,Detchd,1951.0,1.0,1.0,288.0,3.0,2.0,0,0,0,0,0,0,GdWo,0,6,2006,WD ,Normal,137500,0,1,1,1,1,4,0,0,0,0,0,0,0,0,0,0,0
120,RL,39.0,3869,NoAlley,3.0,Lvl,Inside,1.0,Edwards,Norm,TwnhsE,1Story,5,6,1984,1984,Gable,Wd Sdng,Wd Sdng,BrkFace,149.0,3.0,4.0,CBlock,3.0,3.0,1.0,2.0,283.0,6.0,755.0,0.0,1038.0,3.0,Y,4.0,1038,0,0,1038,0.0,0.0,2,0,2,1,2.0,5,Typ,0,0.0,Attchd,1984.0,2.0,1.0,264.0,3.0,2.0,0,105,0,0,0,0,NoFence,0,7,2007,WD ,Normal,130000,0,0,1,0,1,2,0,0,0,0,0,0,0,0,0,0,0
20,RL,66.0,13695,NoAlley,3.0,Lvl,Inside,2.0,SawyerW,RRAe,1Fam,1Story,6,5,2003,2004,Gable,VinylSd,VinylSd,None,0.0,2.0,2.0,PConc,4.0,3.0,1.0,6.0,814.0,1.0,0.0,300.0,1114.0,4.0,Y,4.0,1114,0,0,1114,1.0,0.0,1,0,3,1,3.0,6,Typ,0,0.0,Detchd,2004.0,1.0,2.0,576.0,3.0,2.0,0,78,0,0,0,0,NoFence,0,7,2008,WD ,Normal,155000,0,0,1,0,1,2,0,0,0,0,0,0,0,0,0,0,0
90,RL,63.0,8668,NoAlley,3.0,Lvl,Corner,2.0,NAmes,Norm,Duplex,1Story,5,5,1968,1968,Gable,MetalSd,MetalSd,None,0.0,2.0,2.0,CBlock,3.0,3.0,1.0,1.0,0.0,1.0,0.0,1560.0,1560.0,2.0,Y,4.0,1560,0,0,1560,0.0,0.0,2,0,4,2,2.0,8,Typ,0,0.0,Detchd,1968.0,1.0,3.0,792.0,3.0,2.0,0,0,0,0,0,0,NoFence,0,5,2007,WD ,Normal,126000,0,0,1,0,1,2,0,0,0,0,0,0,0,0,0,0,0
120,RM,70.0,4435,NoAlley,3.0,Lvl,Inside,2.0,CollgCr,Norm,TwnhsE,1Story,6,5,2003,2004,Gable,VinylSd,VinylSd,BrkFace,170.0,3.0,2.0,PConc,4.0,3.0,3.0,6.0,685.0,1.0,0.0,163.0,848.0,4.0,Y,4.0,848,0,0,848,1.0,0.0,1,0,1,1,3.0,4,Typ,0,0.0,Attchd,2003.0,3.0,2.0,420.0,3.0,2.0,140,0,0,0,0,0,NoFence,0,6,2009,WD ,Normal,144000,0,0,1,0,1,2,0,0,0,0,0,0,0,0,0,0,0
20,RL,88.0,9680,NoAlley,3.0,Lvl,Inside,2.0,NAmes,Norm,1Fam,1Story,5,6,1967,1967,Gable,Wd Sdng,Plywood,BrkFace,268.0,2.0,2.0,CBlock,3.0,3.0,1.0,4.0,1010.0,1.0,0.0,500.0,1510.0,4.0,Y,4.0,1510,0,0,1510,1.0,0.0,2,0,3,1,3.0,6,Typ,0,0.0,Attchd,1967.0,2.0,2.0,517.0,3.0,2.0,0,40,0,0,204,0,GdPrv,0,4,2010,WD ,Normal,178900,0,0,1,1,1,3,0,0,0,0,0,0,0,0,0,0,0
20,RL,70.0,7931,NoAlley,3.0,Lvl,Inside,2.0,NAmes,Norm,1Fam,1Story,5,5,1959,1959,Hip,BrkFace,Plywood,None,0.0,2.0,2.0,CBlock,3.0,3.0,1.0,4.0,1148.0,1.0,0.0,0.0,1148.0,2.0,Y,4.0,1148,0,0,1148,1.0,0.0,1,0,3,1,2.0,6,Typ,0,0.0,Attchd,1959.0,1.0,1.0,672.0,3.0,2.0,0,0,0,0,0,0,GdPrv,0,7,2009,WD ,Normal,132500,0,0,1,1,1,3,0,0,0,0,0,0,0,0,0,0,0
50,RM,63.0,5000,NoAlley,3.0,Lvl,Corner,2.0,OldTown,Norm,1Fam,1.5Fin,5,4,1900,1950,Gable,Wd Sdng,Wd Sdng,None,0.0,2.0,2.0,BrkTil,3.0,3.0,1.0,1.0,0.0,1.0,0.0,540.0,540.0,3.0,N,3.0,889,551,0,1440,0.0,0.0,1,0,3,1,2.0,6,Typ,0,0.0,Attchd,1940.0,1.0,1.0,352.0,2.0,2.0,0,0,77,0,0,0,NoFence,0,4,2006,WD ,Normal,79000,0,0,0,0,1,1,0,0,0,0,0,0,0,0,0,0,0
50,RL,60.0,12144,NoAlley,3.0,Lvl,Inside,2.0,NAmes,Norm,1Fam,1.5Fin,4,6,1950,1950,Gable,BrkComm,Wd Sdng,None,0.0,2.0,2.0,CBlock,3.0,3.0,1.0,3.0,455.0,1.0,0.0,455.0,910.0,3.0,Y,4.0,910,611,0,1521,0.0,0.0,1,1,3,1,3.0,6,Min2,0,0.0,Detchd,1950.0,1.0,1.0,597.0,2.0,2.0,199,0,168,0,0,0,NoFence,0,9,2006,WD ,Normal,147500,0,0,1,0,1,2,0,0,0,0,0,0,0,0,0,0,0
70,RL,70.0,11435,NoAlley,2.0,HLS,Corner,1.0,Crawfor,Norm,1Fam,2Story,8,7,1929,1950,Gable,BrkFace,Stucco,None,0.0,2.0,2.0,PConc,4.0,3.0,1.0,1.0,0.0,1.0,0.0,792.0,792.0,1.0,Y,4.0,792,725,0,1517,0.0,0.0,1,0,3,1,3.0,7,Typ,2,4.0,Detchd,1931.0,1.0,2.0,400.0,3.0,2.0,0,0,0,0,0,0,NoFence,0,6,2006,WD ,Normal,230000,0,1,1,0,1,3,0,0,0,0,0,0,0,0,0,0,0
50,RL,90.0,5400,NoAlley,3.0,Lvl,Corner,2.0,OldTown,Artery,1Fam,1.5Fin,4,6,1920,1950,Gable,CBlock,CBlock,None,0.0,1.0,2.0,PConc,3.0,3.0,1.0,5.0,315.0,3.0,105.0,420.0,840.0,4.0,Y,4.0,840,534,0,1374,0.0,0.0,1,0,2,1,2.0,6,Typ,0,0.0,Detchd,1967.0,3.0,1.0,338.0,3.0,2.0,0,0,198,0,0,0,NoFence,0,10,2009,WD ,Normal,105000,0,0,1,0,1,2,0,0,0,0,0,0,0,0,0,0,0
20,RL,73.0,8750,NoAlley,2.0,Lvl,Inside,2.0,NAmes,Norm,1Fam,1Story,5,6,1970,1970,Gable,MetalSd,MetalSd,BrkFace,76.0,2.0,2.0,CBlock,3.0,3.0,1.0,4.0,828.0,1.0,0.0,174.0,1002.0,2.0,Y,4.0,1002,0,0,1002,1.0,0.0,1,0,3,1,2.0,5,Typ,0,0.0,Detchd,1973.0,1.0,2.0,902.0,3.0,2.0,0,0,0,0,0,0,MnPrv,0,8,2009,WD ,Normal,148500,0,0,1,1,1,3,0,0,0,0,0,0,0,0,0,0,0
30,RL,67.0,4853,NoAlley,3.0,Bnk,Inside,2.0,SWISU,Artery,1Fam,1Story,5,6,1924,1999,Gable,MetalSd,VinylSd,BrkFace,203.0,2.0,2.0,BrkTil,3.0,3.0,2.0,3.0,133.0,1.0,0.0,974.0,1107.0,1.0,N,3.0,1296,0,0,1296,0.0,0.0,2,0,2,1,1.0,5,Typ,1,4.0,Detchd,1979.0,1.0,1.0,260.0,3.0,2.0,0,0,36,0,0,0,MnPrv,0,5,2010,WD ,Normal,104000,0,1,0,1,1,3,0,0,0,0,0,0,0,0,0,0,0
60,RL,105.0,13650,NoAlley,3.0,Lvl,Corner,2.0,NridgHt,Norm,1Fam,2Story,8,5,2002,2002,Gable,VinylSd,VinylSd,BrkFace,232.0,3.0,2.0,PConc,4.0,3.0,4.0,6.0,578.0,1.0,0.0,1093.0,1671.0,4.0,Y,4.0,1687,563,0,2250,1.0,0.0,2,1,3,1,3.0,7,Typ,1,5.0,Attchd,2002.0,3.0,3.0,756.0,3.0,2.0,238,130,0,0,0,0,NoFence,0,6,2010,WD ,Normal,320000,0,1,1,0,1,3,0,0,0,0,0,0,0,0,0,0,0
160,RM,21.0,1680,NoAlley,3.0,Lvl,Inside,2.0,BrDale,Norm,TwnhsE,2Story,6,3,1971,1971,Gable,HdBoard,HdBoard,BrkFace,604.0,2.0,2.0,CBlock,3.0,3.0,1.0,5.0,358.0,1.0,0.0,125.0,483.0,2.0,Y,4.0,483,504,0,987,0.0,0.0,1,1,2,1,2.0,5,Typ,0,0.0,Detchd,1971.0,1.0,1.0,264.0,3.0,2.0,0,0,0,0,0,0,NoFence,0,8,2008,WD ,Normal,89500,0,0,1,0,1,2,0,0,0,0,0,0,0,0,0,0,0
20,RL,70.0,9100,NoAlley,3.0,Lvl,Inside,2.0,Crawfor,Feedr,1Fam,1Story,5,6,1954,1954,Gable,BrkFace,BrkFace,None,0.0,2.0,3.0,BrkTil,3.0,3.0,2.0,3.0,154.0,5.0,694.0,264.0,1112.0,4.0,Y,4.0,1112,0,0,1112,1.0,0.0,1,0,2,1,2.0,6,Typ,1,4.0,Attchd,1954.0,1.0,1.0,390.0,3.0,2.0,0,0,0,0,0,0,MnPrv,0,10,2009,WD ,Family,144800,0,1,1,1,1,4,0,0,0,0,0,0,0,0,0,0,0
20,RL,84.0,10933,NoAlley,3.0,Lvl,Inside,2.0,CollgCr,Norm,1Fam,1Story,9,5,2009,2009,Hip,VinylSd,VinylSd,Stone,242.0,4.0,2.0,PConc,5.0,3.0,4.0,6.0,1021.0,1.0,0.0,534.0,1555.0,4.0,Y,4.0,1680,0,0,1680,1.0,0.0,1,1,1,1,4.0,8,Typ,1,4.0,Attchd,2009.0,3.0,3.0,1138.0,3.0,2.0,185,24,0,0,0,0,NoFence,0,7,2009,New,Partial,323262,0,1,1,0,1,3,0,0,0,0,0,0,0,0,0,0,0
50,RL,60.0,7200,NoAlley,3.0,Lvl,Inside,2.0,NAmes,Norm,1Fam,1.5Fin,6,5,1954,1954,Gable,MetalSd,MetalSd,None,0.0,2.0,2.0,CBlock,3.0,3.0,1.0,3.0,673.0,1.0,0.0,181.0,854.0,1.0,Y,3.0,854,424,0,1278,0.0,0.0,1,0,4,1,2.0,6,Typ,0,0.0,Attchd,1954.0,1.0,1.0,240.0,3.0,2.0,0,0,0,0,0,0,MnWw,0,4,2008,WD ,Normal,127500,0,0,1,1,1,3,0,0,0,0,0,0,0,0,0,0,0
20,RL,80.0,11120,NoAlley,2.0,Lvl,CulDSac,2.0,Veenker,Norm,1Fam,1Story,6,6,1984,1984,Gable,Plywood,Plywood,None,0.0,2.0,2.0,PConc,4.0,3.0,1.0,4.0,660.0,1.0,0.0,572.0,1232.0,2.0,Y,4.0,1232,0,0,1232,0.0,0.0,2,0,3,1,2.0,6,Typ,0,0.0,Attchd,1984.0,1.0,2.0,516.0,3.0,2.0,0,0,0,0,0,0,NoFence,0,6,2008,WD ,Normal,162500,0,0,1,0,1,2,0,0,0,0,0,0,0,0,0,0,0
60,RL,74.0,13830,NoAlley,2.0,Lvl,Inside,2.0,Gilbert,Norm,1Fam,2Story,5,5,1997,1998,Gable,VinylSd,VinylSd,None,0.0,2.0,2.0,PConc,4.0,3.0,1.0,6.0,791.0,1.0,0.0,137.0,928.0,3.0,Y,4.0,928,701,0,1629,0.0,0.0,2,1,3,1,2.0,6,Typ,1,3.0,Attchd,1997.0,3.0,2.0,482.0,3.0,2.0,212,34,0,0,0,0,MnPrv,0,3,2010,WD ,Normal,189900,0,1,1,1,1,4,0,0,0,0,0,0,0,0,0,0,0
20,RL,110.0,14333,NoAlley,3.0,Lvl,Corner,2.0,NridgHt,Norm,1Fam,1Story,8,5,2007,2007,Gable,VinylSd,VinylSd,None,0.0,3.0,2.0,PConc,4.0,3.0,4.0,6.0,1518.0,1.0,0.0,590.0,2108.0,4.0,Y,4.0,2122,0,0,2122,1.0,0.0,2,1,2,1,3.0,7,Typ,1,5.0,Attchd,2007.0,3.0,3.0,938.0,3.0,2.0,130,142,0,0,0,0,NoFence,0,11,2007,New,Partial,345474,0,1,1,0,1,3,0,0,0,0,0,0,0,0,0,0,0
60,RL,82.0,9452,NoAlley,3.0,Lvl,Inside,2.0,NoRidge,Norm,1Fam,2Story,8,5,1997,1998,Gable,VinylSd,VinylSd,BrkFace,423.0,3.0,2.0,PConc,4.0,3.0,1.0,6.0,1074.0,1.0,0.0,322.0,1396.0,4.0,Y,4.0,1407,985,0,2392,1.0,0.0,2,1,3,1,3.0,7,Typ,1,3.0,Attchd,1997.0,3.0,3.0,870.0,3.0,2.0,0,70,0,0,0,0,NoFence,0,6,2006,WD ,Normal,348000,0,1,1,0,1,3,0,0,0,0,0,0,0,0,0,0,0
60,FV,64.0,8791,NoAlley,2.0,Lvl,Inside,2.0,Somerst,Norm,1Fam,2Story,6,5,2003,2003,Gable,VinylSd,VinylSd,None,0.0,3.0,2.0,PConc,4.0,3.0,1.0,3.0,503.0,1.0,0.0,361.0,864.0,4.0,Y,4.0,864,864,0,1728,0.0,0.0,2,1,3,1,3.0,7,Typ,0,0.0,Attchd,2003.0,2.0,2.0,673.0,3.0,2.0,216,56,0,0,0,0,NoFence,0,5,2008,WD ,Normal,207500,0,0,1,0,1,2,0,0,0,0,0,0,0,0,0,0,0
20,RL,67.0,8777,NoAlley,3.0,Lvl,Inside,2.0,Edwards,Feedr,1Fam,1Story,4,5,1949,2003,Gable,VinylSd,VinylSd,None,0.0,2.0,2.0,CBlock,0.0,0.0,0.0,0.0,0.0,0.0,0.0,0.0,0.0,4.0,Y,4.0,1126,0,0,1126,0.0,0.0,2,0,2,1,3.0,5,Typ,0,0.0,Detchd,2002.0,3.0,2.0,520.0,3.0,0.0,0,96,0,0,0,0,MnPrv,0,5,2009,WD ,Normal,108000,0,0,1,1,1,3,0,0,0,0,0,0,0,0,0,0,0
50,RM,50.0,3500,Grvl,3.0,Lvl,Inside,2.0,OldTown,Norm,1Fam,1.5Fin,5,7,1947,1950,Gable,AsbShng,AsbShng,None,0.0,2.0,2.0,CBlock,3.0,3.0,1.0,2.0,312.0,1.0,0.0,408.0,720.0,2.0,Y,4.0,720,564,0,1284,0.0,0.0,1,1,2,1,2.0,5,Typ,0,0.0,Detchd,1948.0,1.0,1.0,240.0,3.0,2.0,0,35,0,0,0,0,MnWw,0,4,2009,WD ,Normal,110000,0,0,1,1,1,3,0,0,0,0,0,0,0,0,0,0,0
20,RL,65.0,8450,NoAlley,3.0,Lvl,Inside,2.0,SawyerW,Norm,1Fam,1Story,7,5,2000,2001,Gable,VinylSd,VinylSd,BrkFace,108.0,2.0,2.0,PConc,4.0,3.0,1.0,1.0,0.0,1.0,0.0,1349.0,1349.0,4.0,Y,4.0,1349,0,0,1349,0.0,0.0,2,0,3,1,2.0,6,Typ,0,0.0,Attchd,2000.0,1.0,2.0,539.0,3.0,2.0,120,55,0,0,0,0,GdPrv,0,12,2007,WD ,Normal,179000,0,0,1,1,1,3,0,0,0,0,0,0,0,0,0,0,0
20,RL,70.0,9100,NoAlley,3.0,Lvl,Inside,2.0,Sawyer,RRAe,1Fam,1Story,5,4,1962,1962,Hip,Wd Sdng,Wd Sdng,BrkFace,51.0,2.0,2.0,CBlock,3.0,3.0,1.0,2.0,36.0,1.0,0.0,952.0,988.0,4.0,Y,4.0,988,0,0,988,1.0,0.0,1,0,3,1,2.0,6,Typ,0,0.0,Detchd,1977.0,1.0,2.0,624.0,3.0,2.0,0,0,0,0,0,0,NoFence,0,7,2006,WD ,Normal,129500,0,0,1,0,1,2,0,0,0,0,0,0,0,0,0,0,0
20,RL,74.0,13526,NoAlley,2.0,Lvl,CulDSac,2.0,Sawyer,Norm,1Fam,1Story,5,6,1965,1965,Hip,HdBoard,Plywood,BrkFace,114.0,2.0,2.0,CBlock,3.0,3.0,1.0,4.0,560.0,2.0,375.0,0.0,935.0,2.0,Y,4.0,935,0,0,935,1.0,0.0,1,0,3,1,2.0,5,Typ,0,0.0,Attchd,1965.0,1.0,1.0,288.0,3.0,2.0,180,0,0,0,0,0,MnPrv,0,11,2006,WD ,Normal,137000,0,0,1,1,1,3,0,0,0,0,0,0,0,0,0,0,0
120,RL,30.0,3701,NoAlley,2.0,Lvl,Inside,2.0,StoneBr,Norm,TwnhsE,1Story,8,5,1987,1987,Gable,HdBoard,HdBoard,None,0.0,2.0,2.0,CBlock,4.0,3.0,1.0,1.0,0.0,1.0,0.0,1191.0,1191.0,2.0,Y,4.0,1204,0,0,1204,0.0,0.0,2,0,2,1,2.0,5,Typ,0,0.0,Attchd,1987.0,2.0,2.0,461.0,3.0,2.0,120,70,0,0,0,0,NoFence,0,8,2006,WD ,Normal,130000,0,0,1,0,1,2,0,0,0,0,0,0,0,0,0,0,0
60,RL,80.0,9900,NoAlley,3.0,Lvl,Inside,2.0,NWAmes,Feedr,1Fam,2Story,7,5,1968,1968,Gable,MetalSd,MetalSd,BrkFace,342.0,2.0,2.0,CBlock,3.0,3.0,1.0,4.0,552.0,1.0,0.0,280.0,832.0,3.0,Y,4.0,1098,880,0,1978,0.0,0.0,2,1,4,1,2.0,9,Typ,1,4.0,Attchd,1968.0,2.0,2.0,486.0,3.0,2.0,0,43,0,0,0,0,GdPrv,0,4,2008,WD ,Normal,176000,0,1,1,1,1,4,0,0,0,0,0,0,0,0,0,0,0
20,RL,65.0,8125,NoAlley,3.0,Lvl,Inside,2.0,NAmes,Norm,1Fam,1Story,5,7,1959,1959,Hip,MetalSd,MetalSd,None,0.0,2.0,2.0,CBlock,3.0,3.0,1.0,4.0,403.0,1.0,0.0,461.0,864.0,4.0,Y,4.0,864,0,0,864,0.0,0.0,1,0,3,1,2.0,5,Typ,0,0.0,Detchd,1960.0,1.0,1.0,308.0,3.0,2.0,0,0,0,0,0,0,NoFence,0,9,2009,WD ,Normal,118000,0,0,1,0,1,2,0,0,0,0,0,0,0,0,0,0,0
20,RL,100.0,18494,NoAlley,2.0,Lvl,Corner,2.0,Gilbert,Norm,1Fam,1Story,6,5,2005,2005,Gable,VinylSd,VinylSd,None,0.0,3.0,2.0,PConc,4.0,3.0,1.0,1.0,0.0,1.0,0.0,1324.0,1324.0,4.0,Y,4.0,1324,0,0,1324,0.0,0.0,2,0,3,1,3.0,6,Typ,0,0.0,Attchd,2005.0,3.0,2.0,430.0,3.0,2.0,36,23,0,0,0,0,NoFence,0,1,2010,WD ,Normal,199500,0,0,1,0,1,2,0,0,0,0,0,0,0,0,0,0,0
50,RL,45.0,8212,Grvl,3.0,Lvl,Inside,2.0,Edwards,Norm,1Fam,1.5Fin,5,6,1941,1950,Gable,Wd Sdng,Wd Sdng,None,0.0,2.0,2.0,CBlock,3.0,3.0,1.0,3.0,626.0,1.0,0.0,94.0,720.0,4.0,Y,4.0,854,444,0,1298,0.0,0.0,1,0,3,1,2.0,6,Typ,2,4.0,Detchd,1940.0,1.0,1.0,256.0,3.0,2.0,84,0,0,0,0,0,NoFence,0,9,2009,WD ,Normal,122000,0,1,1,0,1,3,0,0,0,0,0,0,0,0,0,0,0
60,RL,86.0,10380,NoAlley,2.0,Lvl,Inside,2.0,SawyerW,Norm,1Fam,2Story,7,5,1986,1987,Gable,Plywood,Plywood,BrkFace,172.0,3.0,2.0,CBlock,3.0,3.0,4.0,2.0,28.0,5.0,1474.0,0.0,1502.0,4.0,Y,4.0,1553,1177,0,2730,1.0,0.0,2,1,4,1,3.0,8,Typ,1,3.0,Attchd,1987.0,3.0,2.0,576.0,3.0,2.0,201,96,0,0,0,0,MnPrv,0,8,2007,WD ,Normal,301000,0,1,1,1,1,4,0,0,0,0,0,0,0,0,0,0,0
20,RL,70.0,9100,NoAlley,3.0,Lvl,Inside,2.0,NAmes,Norm,1Fam,1Story,5,5,1960,1960,Hip,HdBoard,HdBoard,BrkCmn,69.0,2.0,2.0,CBlock,3.0,3.0,1.0,1.0,0.0,1.0,0.0,1144.0,1144.0,2.0,Y,4.0,1144,0,0,1144,0.0,0.0,1,0,3,1,2.0,6,Typ,1,4.0,Attchd,1960.0,2.0,1.0,336.0,3.0,2.0,0,0,0,0,0,0,NoFence,0,6,2007,WD ,Normal,120000,0,1,1,0,1,3,0,0,0,0,0,0,0,0,0,0,0
60,RL,65.0,9313,NoAlley,2.0,Lvl,Inside,2.0,CollgCr,Norm,1Fam,2Story,7,5,2004,2004,Gable,VinylSd,VinylSd,None,0.0,3.0,2.0,PConc,4.0,3.0,1.0,1.0,0.0,1.0,0.0,864.0,864.0,4.0,Y,4.0,864,864,0,1728,0.0,0.0,2,1,3,1,3.0,7,Typ,0,0.0,Attchd,2004.0,2.0,2.0,572.0,3.0,2.0,187,56,0,0,0,0,NoFence,0,4,2009,WD ,Normal,190000,0,0,1,0,1,2,0,0,0,0,0,0,0,0,0,0,0
120,FV,35.0,4109,NoAlley,2.0,Lvl,Inside,2.0,Somerst,Norm,TwnhsE,1Story,9,5,1999,2000,Gable,VinylSd,VinylSd,BrkFace,260.0,3.0,2.0,PConc,4.0,3.0,3.0,6.0,1141.0,1.0,0.0,416.0,1557.0,4.0,Y,4.0,1557,0,0,1557,1.0,0.0,2,0,2,1,4.0,5,Typ,1,3.0,Attchd,1999.0,2.0,2.0,484.0,3.0,2.0,124,113,0,0,0,0,NoFence,0,6,2008,WD ,Normal,305000,0,1,1,0,1,3,0,0,0,0,0,0,0,0,0,0,0
70,RL,50.0,4882,NoAlley,2.0,Bnk,Inside,1.0,BrkSide,RRAn,1Fam,2Story,4,7,1937,1950,Gable,MetalSd,MetalSd,None,0.0,2.0,2.0,PConc,3.0,3.0,1.0,3.0,120.0,1.0,0.0,228.0,348.0,2.0,Y,4.0,453,453,0,906,0.0,0.0,1,0,2,1,2.0,5,Typ,0,0.0,Basment,1937.0,1.0,1.0,231.0,2.0,2.0,0,0,0,0,0,0,NoFence,0,9,2008,WD ,Normal,87000,0,0,1,0,1,2,0,0,0,0,0,0,0,0,0,0,0
50,RM,60.0,6000,NoAlley,3.0,Lvl,Inside,2.0,BrkSide,Norm,1Fam,1.5Fin,6,6,1941,1950,Gable,Wd Sdng,Wd Sdng,None,0.0,2.0,3.0,BrkTil,3.0,4.0,1.0,5.0,375.0,1.0,0.0,360.0,735.0,4.0,Y,4.0,869,349,0,1218,0.0,1.0,1,0,3,1,2.0,6,Typ,1,4.0,Detchd,2003.0,1.0,2.0,440.0,3.0,2.0,0,0,0,0,0,0,NoFence,0,3,2007,WD ,Normal,131000,0,1,1,0,1,3,0,0,0,0,0,0,0,0,0,0,0
20,RL,80.0,15611,NoAlley,2.0,Lvl,Corner,2.0,NWAmes,Norm,1Fam,1Story,5,6,1977,1977,Gable,VinylSd,VinylSd,None,0.0,2.0,2.0,PConc,4.0,3.0,3.0,5.0,767.0,2.0,93.0,266.0,1126.0,2.0,Y,4.0,1126,0,0,1126,0.0,1.0,2,0,3,1,4.0,6,Typ,0,0.0,Attchd,1977.0,2.0,2.0,540.0,3.0,2.0,180,0,0,0,0,0,NoFence,0,3,2008,WD ,Abnorml,175000,0,0,1,0,1,2,0,0,0,0,0,0,0,0,0,0,0
20,RL,105.0,15431,NoAlley,3.0,Lvl,Inside,2.0,NridgHt,Norm,1Fam,1Story,10,5,2008,2008,Hip,VinylSd,VinylSd,Stone,200.0,4.0,2.0,PConc,5.0,3.0,4.0,6.0,1767.0,5.0,539.0,788.0,3094.0,4.0,Y,4.0,2402,0,0,2402,1.0,0.0,2,0,2,1,4.0,10,Typ,2,4.0,Attchd,2008.0,3.0,3.0,672.0,3.0,2.0,0,72,0,0,170,0,NoFence,0,4,2009,WD ,Normal,555000,0,1,1,0,1,3,0,0,0,0,0,0,0,0,0,0,0
60,RL,91.0,13346,NoAlley,2.0,Lvl,CulDSac,2.0,NoRidge,Norm,1Fam,2Story,7,5,1992,2000,Gable,HdBoard,HdBoard,None,0.0,3.0,2.0,PConc,4.0,3.0,1.0,6.0,728.0,1.0,0.0,367.0,1095.0,4.0,Y,4.0,1166,1129,0,2295,1.0,0.0,2,1,4,1,3.0,9,Typ,1,3.0,Attchd,1992.0,2.0,2.0,590.0,3.0,2.0,0,40,0,0,0,0,NoFence,0,7,2006,WD ,Normal,268000,0,1,1,0,1,3,0,0,0,0,0,0,0,0,0,0,0
20,RL,85.0,13175,NoAlley,3.0,Lvl,Inside,2.0,NWAmes,Norm,1Fam,1Story,6,6,1978,1988,Gable,Plywood,Plywood,Stone,119.0,2.0,2.0,CBlock,4.0,3.0,1.0,5.0,790.0,3.0,163.0,589.0,1542.0,2.0,Y,4.0,2073,0,0,2073,1.0,0.0,2,0,3,1,2.0,7,Min1,2,3.0,Attchd,1978.0,1.0,2.0,500.0,3.0,2.0,349,0,0,0,0,0,MnPrv,0,2,2010,WD ,Normal,210000,0,1,1,1,1,4,0,0,0,0,0,0,0,0,0,0,0
70,RM,70.0,8400,NoAlley,3.0,Lvl,Corner,2.0,OldTown,Artery,1Fam,2Story,6,7,1900,1950,Gable,Stucco,BrkFace,None,0.0,2.0,2.0,BrkTil,2.0,4.0,2.0,1.0,0.0,1.0,0.0,917.0,917.0,3.0,Y,3.0,1090,917,0,2007,0.0,0.0,2,0,3,1,4.0,8,Typ,0,0.0,Detchd,1930.0,1.0,1.0,357.0,3.0,2.0,0,235,0,0,0,0,NoFence,0,6,2009,WD ,Normal,160000,0,0,1,0,1,2,0,0,0,0,0,0,0,0,0,0,0
60,RL,102.0,12858,NoAlley,2.0,Lvl,Inside,2.0,NridgHt,Norm,1Fam,2Story,9,5,2009,2010,Gable,VinylSd,VinylSd,Stone,162.0,4.0,2.0,PConc,5.0,3.0,1.0,1.0,0.0,1.0,0.0,1590.0,1590.0,4.0,Y,4.0,1627,707,0,2334,0.0,0.0,2,1,3,1,4.0,10,Typ,1,4.0,Attchd,2009.0,3.0,3.0,751.0,3.0,2.0,144,133,0,0,0,0,NoFence,0,1,2010,New,Partial,376162,0,1,1,0,1,3,0,0,0,0,0,0,0,0,0,0,0
60,RL,78.0,9316,NoAlley,2.0,Lvl,Inside,2.0,CollgCr,Norm,1Fam,2Story,7,5,2005,2005,Gable,VinylSd,VinylSd,BrkFace,532.0,3.0,2.0,PConc,4.0,3.0,3.0,1.0,0.0,1.0,0.0,784.0,784.0,4.0,Y,4.0,784,812,0,1596,0.0,0.0,2,1,3,1,3.0,6,Typ,0,0.0,Attchd,2005.0,2.0,2.0,610.0,3.0,2.0,144,45,0,0,0,0,NoFence,0,6,2006,WD ,Normal,181000,0,0,1,0,1,2,0,0,0,0,0,0,0,0,0,0,0
60,RL,70.0,10274,NoAlley,2.0,Lvl,CulDSac,2.0,SawyerW,Norm,1Fam,2Story,6,7,1986,1986,Gable,VinylSd,VinylSd,BrkFace,141.0,2.0,3.0,CBlock,4.0,3.0,1.0,3.0,331.0,1.0,0.0,345.0,676.0,2.0,Y,4.0,698,702,0,1400,0.0,0.0,2,1,3,1,2.0,6,Typ,0,0.0,Attchd,1986.0,2.0,2.0,465.0,3.0,2.0,0,48,0,0,0,0,NoFence,0,7,2009,WD ,Normal,162000,0,0,1,0,1,2,0,0,0,0,0,0,0,0,0,0,0
120,RM,32.0,4500,NoAlley,3.0,Lvl,FR2,2.0,Mitchel,Norm,TwnhsE,1Story,6,5,1998,1998,Hip,VinylSd,VinylSd,BrkFace,320.0,2.0,2.0,PConc,5.0,3.0,1.0,6.0,866.0,1.0,0.0,338.0,1204.0,4.0,Y,4.0,1204,0,0,1204,1.0,0.0,2,0,2,1,2.0,5,Typ,0,0.0,Attchd,1998.0,3.0,2.0,412.0,3.0,2.0,0,247,0,0,0,0,NoFence,0,6,2009,WD ,Normal,162000,0,0,1,0,1,2,0,0,0,0,0,0,0,0,0,0,0
20,RL,60.0,15783,NoAlley,3.0,Lvl,Inside,2.0,OldTown,Artery,1Fam,1Story,5,5,1952,1952,Gable,Wd Sdng,Wd Sdng,None,0.0,2.0,2.0,CBlock,3.0,3.0,1.0,3.0,292.0,1.0,0.0,632.0,924.0,2.0,Y,4.0,924,0,0,924,0.0,0.0,1,0,2,1,2.0,6,Typ,0,0.0,Detchd,1952.0,1.0,1.0,420.0,3.0,2.0,0,324,0,0,0,0,MnPrv,400,6,2007,WD ,Normal,112500,0,0,1,1,1,3,0,0,0,0,0,0,0,0,0,0,0
70,RM,90.0,9900,NoAlley,3.0,Lvl,Inside,2.0,OldTown,Norm,1Fam,2Story,6,4,1880,1950,Gable,Wd Sdng,Wd Sdng,None,0.0,2.0,2.0,BrkTil,3.0,3.0,2.0,1.0,0.0,1.0,0.0,1008.0,1008.0,2.0,Y,4.0,1178,1032,0,2210,0.0,0.0,2,0,5,1,1.0,8,Typ,0,0.0,Detchd,1930.0,1.0,1.0,205.0,2.0,0.0,0,48,0,0,0,0,NoFence,0,5,2007,WD ,Normal,117500,0,0,1,0,1,2,0,0,0,0,0,0,0,0,0,0,0
20,RL,80.0,15676,NoAlley,2.0,Low,Inside,2.0,Veenker,Norm,1Fam,1Story,8,8,1980,1980,Gable,VinylSd,VinylSd,BrkFace,115.0,3.0,3.0,CBlock,4.0,4.0,4.0,5.0,1733.0,3.0,92.0,189.0,2014.0,3.0,Y,4.0,2014,0,0,2014,1.0,0.0,2,0,2,1,3.0,6,Maj1,2,4.0,Attchd,1980.0,2.0,3.0,864.0,3.0,2.0,462,0,0,255,0,0,MnPrv,0,4,2009,WD ,Normal,275000,0,1,1,1,1,4,0,0,0,0,0,0,0,0,0,0,0
20,FV,84.0,11096,NoAlley,3.0,Lvl,Inside,2.0,Somerst,Norm,1Fam,1Story,8,5,2006,2006,Gable,VinylSd,VinylSd,None,0.0,3.0,2.0,PConc,4.0,3.0,3.0,6.0,24.0,1.0,0.0,1632.0,1656.0,4.0,Y,4.0,1656,0,0,1656,0.0,0.0,2,0,3,1,3.0,7,Typ,0,0.0,Attchd,2006.0,2.0,3.0,826.0,3.0,2.0,0,146,0,0,0,0,NoFence,0,7,2007,WD ,Normal,249700,0,0,1,0,1,2,0,0,0,0,0,0,0,0,0,0,0
50,RL,66.0,21780,NoAlley,3.0,Lvl,Inside,2.0,Crawfor,Norm,1Fam,2Story,6,5,1920,1950,Gable,Wd Sdng,Wd Shng,None,0.0,2.0,2.0,PConc,3.0,2.0,1.0,1.0,0.0,1.0,0.0,817.0,817.0,3.0,Y,1.0,940,610,0,1550,0.0,0.0,1,1,3,1,2.0,7,Min2,1,3.0,Detchd,1937.0,1.0,1.0,318.0,3.0,1.0,0,0,429,0,0,0,MnPrv,0,9,2006,WD ,Normal,195000,0,1,1,1,1,4,0,0,0,0,0,0,0,0,0,0,0
60,RL,70.0,10900,NoAlley,2.0,Lvl,FR2,2.0,CollgCr,Norm,1Fam,2Story,6,7,1977,1977,Gable,HdBoard,HdBoard,BrkFace,153.0,2.0,2.0,CBlock,4.0,3.0,1.0,6.0,378.0,1.0,0.0,311.0,689.0,4.0,Y,4.0,689,703,0,1392,0.0,0.0,1,1,3,1,2.0,6,Typ,0,0.0,Attchd,1977.0,3.0,1.0,299.0,3.0,2.0,0,36,0,0,0,0,MnPrv,450,3,2010,WD ,Normal,161750,0,0,1,1,1,3,0,0,0,0,0,0,0,0,0,0,0
20,RL,64.0,7314,NoAlley,3.0,Lvl,Inside,2.0,CollgCr,Norm,1Fam,1Story,7,5,2007,2007,Gable,VinylSd,VinylSd,Stone,82.0,3.0,2.0,PConc,4.0,3.0,3.0,6.0,724.0,1.0,0.0,508.0,1232.0,4.0,Y,4.0,1232,0,0,1232,1.0,0.0,2,0,2,1,3.0,6,Typ,0,0.0,Attchd,2007.0,2.0,2.0,632.0,3.0,2.0,132,0,0,0,0,0,NoFence,0,2,2009,WD ,Normal,194500,0,0,1,0,1,2,0,0,0,0,0,0,0,0,0,0,0
120,RM,70.0,4438,NoAlley,3.0,Lvl,Inside,2.0,CollgCr,Norm,TwnhsE,1Story,6,5,2004,2004,Gable,VinylSd,VinylSd,BrkFace,169.0,3.0,2.0,PConc,4.0,3.0,4.0,6.0,662.0,1.0,0.0,186.0,848.0,4.0,Y,4.0,848,0,0,848,1.0,0.0,1,0,1,1,3.0,4,Typ,1,4.0,Attchd,2004.0,3.0,2.0,420.0,3.0,2.0,140,0,0,0,0,0,NoFence,0,6,2008,ConLD,Normal,144500,0,1,1,0,1,3,0,0,0,0,0,0,0,0,0,0,0
20,RL,73.0,9830,NoAlley,2.0,Lvl,Corner,2.0,NAmes,Norm,1Fam,1Story,5,7,1959,2006,Gable,Wd Sdng,Wd Sdng,None,0.0,2.0,3.0,CBlock,3.0,3.0,1.0,5.0,72.0,3.0,258.0,733.0,1063.0,4.0,Y,4.0,1287,0,0,1287,1.0,0.0,1,0,3,1,3.0,7,Typ,1,4.0,Detchd,1997.0,3.0,2.0,576.0,3.0,2.0,364,17,0,0,182,0,NoFence,0,3,2010,WD ,Normal,162000,0,1,1,0,1,3,0,0,0,0,0,0,0,0,0,0,0
20,RL,116.0,13501,NoAlley,2.0,Lvl,Corner,2.0,Somerst,Norm,1Fam,1Story,8,5,2006,2006,Gable,VinylSd,VinylSd,Stone,208.0,3.0,2.0,PConc,4.0,3.0,1.0,6.0,63.0,1.0,0.0,1560.0,1623.0,4.0,Y,4.0,1636,0,0,1636,1.0,0.0,2,0,3,1,3.0,8,Typ,1,4.0,Attchd,2006.0,2.0,3.0,865.0,3.0,2.0,0,60,0,0,0,0,NoFence,0,6,2007,WD ,Normal,255000,0,1,1,0,1,3,0,0,0,0,0,0,0,0,0,0,0
20,RL,60.0,9600,NoAlley,3.0,Lvl,Inside,2.0,NAmes,Norm,1Fam,1Story,5,6,1950,1950,Gable,Wd Sdng,Wd Sdng,None,0.0,2.0,2.0,CBlock,3.0,3.0,1.0,4.0,390.0,1.0,0.0,810.0,1200.0,2.0,Y,4.0,1200,0,0,1200,0.0,0.0,1,0,3,1,2.0,6,Typ,0,0.0,Attchd,1950.0,3.0,1.0,246.0,3.0,2.0,126,0,0,0,0,0,GdWo,0,8,2009,WD ,Normal,129900,0,0,1,1,1,3,0,0,0,0,0,0,0,0,0,0,0
60,RL,75.0,9750,NoAlley,3.0,Lvl,Corner,2.0,CollgCr,Norm,1Fam,2Story,7,6,1998,1998,Gable,VinylSd,VinylSd,None,0.0,2.0,2.0,PConc,4.0,3.0,3.0,6.0,975.0,1.0,0.0,133.0,1108.0,4.0,Y,4.0,1108,989,0,2097,1.0,0.0,2,1,3,1,3.0,8,Typ,1,3.0,Detchd,1998.0,2.0,2.0,583.0,3.0,2.0,253,170,0,0,0,0,NoFence,0,6,2006,WD ,Normal,274300,0,1,1,0,1,3,0,0,0,0,0,0,0,0,0,0,0
60,RL,70.0,14171,NoAlley,1.0,Lvl,CulDSac,2.0,SawyerW,Norm,1Fam,2Story,7,5,1993,1994,Gable,VinylSd,VinylSd,None,0.0,3.0,2.0,PConc,4.0,3.0,1.0,6.0,355.0,1.0,0.0,457.0,812.0,4.0,Y,4.0,1101,1099,0,2200,0.0,0.0,2,1,4,1,3.0,9,Typ,1,3.0,Attchd,1993.0,2.0,2.0,453.0,3.0,2.0,168,98,0,0,0,0,NoFence,0,12,2008,WD ,Normal,225000,0,1,1,0,1,3,0,0,0,0,0,0,0,0,0,0,0
20,RL,70.0,9100,NoAlley,3.0,Lvl,Inside,2.0,NAmes,Norm,1Fam,1Story,5,6,1965,1965,Gable,VinylSd,VinylSd,None,0.0,2.0,2.0,CBlock,3.0,3.0,1.0,4.0,338.0,3.0,466.0,121.0,925.0,4.0,Y,4.0,925,0,0,925,0.0,1.0,1,0,2,1,2.0,5,Typ,0,0.0,Detchd,1965.0,1.0,1.0,429.0,3.0,2.0,0,0,0,0,0,0,GdWo,0,7,2009,WD ,Normal,117500,0,0,1,1,1,3,0,0,0,0,0,0,0,0,0,0,0
80,RL,80.0,16157,NoAlley,2.0,Lvl,FR2,2.0,Veenker,Feedr,1Fam,SLvl,5,7,1978,1978,Gable,Plywood,Plywood,None,0.0,2.0,2.0,PConc,4.0,3.0,4.0,5.0,680.0,3.0,391.0,289.0,1360.0,4.0,Y,4.0,1432,0,0,1432,1.0,0.0,1,1,2,1,3.0,5,Typ,1,3.0,Attchd,1978.0,1.0,2.0,588.0,3.0,2.0,168,180,0,0,0,0,NoFence,0,6,2007,WD ,Normal,194000,0,1,1,0,1,3,0,0,0,0,0,0,0,0,0,0,0
20,RL,73.0,8760,NoAlley,3.0,Lvl,Inside,2.0,NAmes,Norm,1Fam,1Story,6,7,1957,1999,Gable,VinylSd,VinylSd,None,0.0,2.0,2.0,CBlock,3.0,3.0,1.0,5.0,873.0,1.0,0.0,63.0,936.0,2.0,Y,4.0,936,0,0,936,1.0,0.0,1,0,2,1,3.0,4,Typ,0,0.0,Attchd,1957.0,2.0,1.0,315.0,3.0,2.0,0,0,0,219,0,0,NoFence,0,9,2007,WD ,Normal,141000,0,0,1,0,1,2,0,0,0,0,0,0,0,0,0,0,0
20,RL,74.0,8536,NoAlley,3.0,Lvl,Corner,2.0,Edwards,Norm,1Fam,1Story,5,5,2006,2007,Gable,VinylSd,VinylSd,None,0.0,2.0,2.0,PConc,4.0,3.0,1.0,1.0,0.0,1.0,0.0,1125.0,1125.0,3.0,Y,4.0,1125,0,0,1125,0.0,0.0,1,1,2,1,2.0,5,Typ,0,0.0,Attchd,2007.0,1.0,2.0,430.0,3.0,2.0,80,64,0,0,0,0,NoFence,0,4,2007,New,Partial,155000,0,0,1,0,1,2,0,0,0,0,0,0,0,0,0,0,0
80,RL,80.0,9600,NoAlley,3.0,Lvl,Inside,2.0,NAmes,Norm,1Fam,SLvl,6,6,1955,1972,Gable,AsbShng,AsbShng,BrkFace,164.0,2.0,2.0,CBlock,3.0,3.0,3.0,4.0,674.0,2.0,132.0,350.0,1156.0,4.0,Y,4.0,1520,0,0,1520,1.0,0.0,1,0,3,1,2.0,7,Typ,2,4.0,Basment,1955.0,2.0,1.0,364.0,3.0,2.0,0,0,189,0,0,0,NoFence,0,3,2010,WD ,Normal,153000,0,1,1,0,1,3,0,0,0,0,0,0,0,0,0,0,0
20,A (agr),125.0,31250,NoAlley,3.0,Lvl,Inside,2.0,Mitchel,Artery,1Fam,1Story,1,3,1951,1951,Gable,CBlock,VinylSd,None,0.0,2.0,1.0,CBlock,0.0,0.0,0.0,0.0,0.0,0.0,0.0,0.0,0.0,2.0,Y,3.0,1600,0,0,1600,0.0,0.0,1,1,3,1,2.0,6,Mod,0,0.0,Attchd,1951.0,1.0,1.0,270.0,2.0,0.0,0,0,135,0,0,0,NoFence,0,5,2006,WD ,Normal,81500,0,0,1,0,1,2,0,0,0,0,0,0,0,0,0,0,0
60,RL,80.0,53107,NoAlley,1.0,Low,Corner,1.0,ClearCr,Feedr,1Fam,2Story,6,5,1992,1992,Gable,HdBoard,HdBoard,None,0.0,3.0,2.0,PConc,4.0,3.0,3.0,6.0,985.0,1.0,0.0,595.0,1580.0,4.0,Y,4.0,1079,874,0,1953,1.0,0.0,2,1,3,1,3.0,9,Typ,2,2.0,Attchd,1992.0,3.0,2.0,501.0,3.0,2.0,216,231,0,0,0,0,NoFence,0,6,2007,WD ,Normal,240000,0,1,1,0,1,3,0,0,0,0,0,0,0,0,0,0,0
90,RL,60.0,9000,NoAlley,3.0,Lvl,FR2,2.0,NAmes,Norm,Duplex,2Story,5,5,1974,1974,Gable,VinylSd,VinylSd,None,0.0,2.0,2.0,CBlock,4.0,3.0,2.0,1.0,0.0,1.0,0.0,896.0,896.0,2.0,Y,4.0,896,896,0,1792,0.0,0.0,2,2,4,2,2.0,8,Typ,0,0.0,Detchd,1982.0,1.0,2.0,480.0,3.0,2.0,0,45,0,0,0,0,NoFence,0,6,2008,WD ,Normal,133000,0,0,1,0,1,2,0,0,0,0,0,0,0,0,0,0,0
20,RL,95.0,13618,NoAlley,3.0,Lvl,Corner,2.0,Timber,Norm,1Fam,1Story,8,5,2005,2006,Gable,VinylSd,VinylSd,Stone,198.0,3.0,2.0,PConc,5.0,4.0,3.0,6.0,1350.0,1.0,0.0,378.0,1728.0,4.0,Y,4.0,1960,0,0,1960,1.0,0.0,2,0,3,1,3.0,8,Typ,2,4.0,Attchd,2005.0,3.0,3.0,714.0,3.0,2.0,172,38,0,0,0,0,NoFence,0,11,2006,New,Partial,320000,0,1,1,0,1,3,0,0,0,0,0,0,0,0,0,0,0
50,RM,52.0,6240,NoAlley,3.0,Lvl,Inside,2.0,BrkSide,Norm,1Fam,1.5Fin,5,7,1936,1980,Gable,VinylSd,VinylSd,None,0.0,2.0,2.0,CBlock,3.0,2.0,1.0,3.0,276.0,1.0,0.0,252.0,528.0,3.0,Y,4.0,548,492,0,1040,0.0,0.0,1,0,2,1,2.0,5,Typ,0,0.0,Detchd,1979.0,3.0,2.0,624.0,3.0,1.0,306,0,32,0,0,0,NoFence,0,5,2010,WD ,Normal,123900,0,0,1,0,1,2,0,0,0,0,0,0,0,0,0,0,0
20,RL,65.0,8125,NoAlley,3.0,Lvl,Inside,2.0,NAmes,Norm,1Fam,1Story,5,7,1965,2005,Hip,HdBoard,HdBoard,None,0.0,3.0,2.0,CBlock,3.0,3.0,1.0,5.0,260.0,3.0,456.0,196.0,912.0,4.0,Y,4.0,925,0,0,925,1.0,0.0,1,0,3,1,2.0,5,Typ,0,0.0,Detchd,1978.0,1.0,2.0,576.0,3.0,2.0,233,0,0,0,0,0,NoFence,0,7,2008,WD ,Normal,135000,0,0,1,0,1,2,0,0,0,0,0,0,0,0,0,0,0
160,RM,21.0,1680,NoAlley,3.0,Lvl,Inside,2.0,BrDale,Norm,Twnhs,2Story,5,5,1972,1972,Gable,HdBoard,HdBoard,BrkFace,356.0,2.0,2.0,CBlock,3.0,3.0,1.0,3.0,350.0,1.0,0.0,280.0,630.0,2.0,Y,4.0,630,672,0,1302,0.0,0.0,2,1,3,1,2.0,6,Typ,0,0.0,Detchd,1972.0,1.0,1.0,264.0,3.0,2.0,0,0,0,0,0,0,NoFence,0,12,2008,WD ,Normal,111750,0,0,1,0,1,2,0,0,0,0,0,0,0,0,0,0,0
50,RM,50.0,6000,NoAlley,3.0,Lvl,Corner,2.0,BrkSide,Norm,1Fam,1.5Fin,5,8,1925,1997,Gable,Wd Sdng,Wd Sdng,None,0.0,2.0,2.0,BrkTil,3.0,3.0,1.0,1.0,0.0,1.0,0.0,884.0,884.0,4.0,Y,4.0,884,464,0,1348,1.0,0.0,1,0,3,1,2.0,5,Typ,1,2.0,Detchd,1960.0,1.0,1.0,216.0,3.0,0.0,0,0,208,0,0,0,NoFence,0,5,2009,WD ,Normal,117000,0,1,1,0,1,3,0,0,0,0,0,0,0,0,0,0,0
20,RL,66.0,9240,NoAlley,2.0,Lvl,Inside,2.0,NAmes,Norm,1Fam,1Story,6,8,1959,1998,Hip,MetalSd,MetalSd,None,0.0,3.0,2.0,CBlock,3.0,3.0,1.0,5.0,708.0,1.0,0.0,280.0,988.0,2.0,Y,4.0,988,0,0,988,1.0,0.0,2,0,3,1,3.0,6,Typ,0,0.0,Attchd,1959.0,1.0,1.0,297.0,3.0,2.0,156,0,0,0,0,0,NoFence,0,6,2009,WD ,Normal,149500,0,0,1,0,1,2,0,0,0,0,0,0,0,0,0,0,0
70,RM,60.0,7740,NoAlley,3.0,Lvl,Inside,2.0,OldTown,Norm,1Fam,2Story,4,7,1910,1950,Gable,VinylSd,VinylSd,None,0.0,2.0,2.0,CBlock,2.0,3.0,1.0,1.0,0.0,1.0,0.0,622.0,622.0,3.0,Y,4.0,741,622,0,1363,0.0,0.0,1,0,3,1,2.0,6,Typ,0,0.0,Detchd,1966.0,1.0,2.0,528.0,3.0,2.0,0,0,0,0,168,0,NoFence,0,6,2010,WD ,Normal,125500,0,0,1,0,1,2,0,0,0,0,0,0,0,0,0,0,0
60,RL,85.0,14191,NoAlley,3.0,Lvl,Inside,2.0,Timber,Norm,1Fam,2Story,8,5,2002,2002,Gable,VinylSd,VinylSd,None,0.0,3.0,2.0,PConc,4.0,3.0,1.0,1.0,0.0,1.0,0.0,967.0,967.0,4.0,Y,4.0,993,915,0,1908,0.0,0.0,2,1,4,1,3.0,9,Typ,0,0.0,Attchd,2002.0,3.0,2.0,431.0,3.0,2.0,135,0,0,0,0,0,NoFence,0,4,2010,WD ,Normal,202900,0,0,1,0,1,2,0,0,0,0,0,0,0,0,0,0,0
80,RL,80.0,10366,NoAlley,2.0,Lvl,Corner,2.0,Sawyer,Norm,1Fam,SLvl,6,7,1964,1964,Gable,HdBoard,Plywood,None,0.0,2.0,3.0,CBlock,3.0,3.0,3.0,6.0,456.0,1.0,0.0,456.0,912.0,2.0,Y,4.0,934,0,0,934,0.0,1.0,1,0,2,1,2.0,4,Typ,0,0.0,Attchd,1964.0,1.0,1.0,336.0,3.0,2.0,77,0,0,0,0,0,GdPrv,500,7,2006,WD ,Normal,132000,0,0,1,1,1,3,0,0,0,0,0,0,0,0,0,0,0
20,RL,74.0,13253,NoAlley,2.0,Lvl,Inside,2.0,Somerst,RRAn,1Fam,1Story,7,5,2006,2006,Gable,VinylSd,VinylSd,BrkFace,128.0,3.0,2.0,PConc,5.0,3.0,1.0,6.0,1096.0,1.0,0.0,482.0,1578.0,3.0,Y,4.0,1578,0,0,1578,1.0,0.0,2,0,3,1,3.0,7,Typ,1,4.0,Attchd,2006.0,1.0,3.0,642.0,3.0,2.0,0,26,0,0,0,0,NoFence,0,5,2008,WD ,Normal,240000,0,1,1,0,1,3,0,0,0,0,0,0,0,0,0,0,0
20,RL,86.0,11210,NoAlley,2.0,Lvl,Inside,2.0,CollgCr,Norm,1Fam,1Story,7,5,2005,2006,Gable,VinylSd,VinylSd,BrkFace,240.0,3.0,2.0,PConc,4.0,3.0,3.0,6.0,20.0,1.0,0.0,1594.0,1614.0,4.0,Y,4.0,1614,0,0,1614,0.0,0.0,2,0,3,1,3.0,7,Typ,0,0.0,Attchd,2005.0,2.0,3.0,865.0,3.0,2.0,144,59,0,0,0,0,NoFence,0,7,2006,New,Partial,221500,0,0,1,0,1,2,0,0,0,0,0,0,0,0,0,0,0
20,RL,70.0,9100,NoAlley,3.0,Lvl,Inside,2.0,CollgCr,Norm,1Fam,1Story,7,5,2004,2005,Hip,VinylSd,VinylSd,None,0.0,3.0,2.0,PConc,4.0,3.0,1.0,6.0,24.0,1.0,0.0,1836.0,1860.0,4.0,Y,4.0,1836,0,0,1836,0.0,0.0,2,0,3,1,3.0,8,Typ,1,4.0,Attchd,2004.0,3.0,2.0,484.0,3.0,2.0,120,33,0,0,0,0,NoFence,0,10,2006,WD ,Normal,216837,0,1,1,0,1,3,0,0,0,0,0,0,0,0,0,0,0
20,FV,95.0,11639,NoAlley,3.0,Lvl,Corner,2.0,Somerst,Norm,1Fam,1Story,7,5,2007,2008,Gable,CemntBd,CmentBd,None,0.0,3.0,2.0,PConc,4.0,3.0,1.0,1.0,0.0,1.0,0.0,1428.0,1428.0,4.0,Y,4.0,1428,0,0,1428,0.0,0.0,2,0,3,1,3.0,6,Typ,0,0.0,Attchd,2007.0,3.0,2.0,480.0,3.0,2.0,0,120,0,0,0,0,NoFence,0,12,2008,New,Partial,182000,0,0,1,0,1,2,0,0,0,0,0,0,0,0,0,0,1
60,RL,82.0,16052,NoAlley,2.0,Lvl,CulDSac,2.0,StoneBr,Norm,1Fam,2Story,10,5,2006,2006,Hip,VinylSd,VinylSd,Stone,734.0,4.0,2.0,PConc,5.0,3.0,1.0,6.0,1206.0,1.0,0.0,644.0,1850.0,4.0,Y,4.0,1850,848,0,2698,1.0,0.0,2,1,4,1,4.0,11,Typ,1,4.0,Attchd,2006.0,2.0,3.0,736.0,3.0,2.0,250,0,0,0,0,0,NoFence,0,7,2006,New,Partial,535000,0,1,1,0,1,3,0,0,0,0,0,0,0,0,0,0,0
20,RM,50.0,6000,NoAlley,3.0,Lvl,Corner,2.0,OldTown,Norm,1Fam,1Story,4,7,1954,2000,Gable,MetalSd,MetalSd,None,0.0,2.0,2.0,CBlock,3.0,3.0,1.0,1.0,0.0,1.0,0.0,901.0,901.0,4.0,Y,4.0,901,0,0,901,0.0,0.0,1,0,2,1,2.0,4,Typ,0,0.0,Detchd,1954.0,1.0,1.0,281.0,2.0,2.0,0,0,0,0,0,0,NoFence,0,8,2008,WD ,Normal,107900,0,0,1,0,1,2,0,0,0,0,0,0,0,0,0,0,0
50,RL,152.0,12134,NoAlley,2.0,Bnk,Inside,1.0,Gilbert,Norm,1Fam,1.5Fin,8,7,1988,2005,Gable,Wd Sdng,Wd Sdng,None,0.0,3.0,2.0,Wood,4.0,3.0,3.0,6.0,427.0,1.0,0.0,132.0,559.0,3.0,Y,4.0,1080,672,0,1752,0.0,0.0,2,0,4,1,2.0,8,Typ,0,0.0,Basment,1988.0,2.0,2.0,492.0,3.0,2.0,325,12,0,0,0,0,NoFence,0,6,2010,WD ,Normal,164000,0,0,1,0,1,2,0,0,0,0,0,0,0,0,0,0,0
120,RM,32.0,4500,NoAlley,3.0,Lvl,FR2,2.0,Mitchel,Norm,TwnhsE,1Story,6,5,1998,1998,Hip,VinylSd,VinylSd,BrkFace,443.0,2.0,3.0,PConc,5.0,4.0,1.0,6.0,1201.0,1.0,0.0,36.0,1237.0,4.0,Y,4.0,1337,0,0,1337,1.0,0.0,2,0,2,1,2.0,5,Typ,0,0.0,Attchd,1998.0,3.0,2.0,405.0,3.0,2.0,0,199,0,0,0,0,NoFence,0,3,2006,WD ,Normal,153500,0,0,1,0,1,2,0,0,0,0,0,0,0,0,0,0,0
160,FV,35.0,3768,NoAlley,3.0,Lvl,FR2,2.0,Somerst,Norm,TwnhsE,2Story,7,5,1999,1999,Hip,MetalSd,MetalSd,BrkFace,218.0,3.0,2.0,PConc,4.0,3.0,1.0,6.0,549.0,1.0,0.0,142.0,691.0,4.0,Y,4.0,713,739,0,1452,1.0,0.0,2,1,3,1,3.0,6,Typ,0,0.0,Detchd,1999.0,1.0,2.0,506.0,3.0,2.0,0,34,0,0,0,0,NoFence,0,9,2009,WD ,Normal,156000,0,0,1,0,1,2,0,0,0,0,0,0,0,0,0,0,0
50,RL,60.0,8064,NoAlley,3.0,Lvl,Corner,2.0,NAmes,Artery,1Fam,1.5Fin,6,7,1948,1994,Gable,MetalSd,MetalSd,None,0.0,2.0,2.0,CBlock,3.0,3.0,1.0,2.0,120.0,1.0,0.0,744.0,864.0,2.0,Y,4.0,1064,0,431,1495,0.0,0.0,1,0,3,1,2.0,6,Typ,0,0.0,Detchd,1994.0,1.0,2.0,576.0,3.0,2.0,180,36,0,0,0,0,NoFence,0,8,2009,COD,Abnorml,135000,0,0,1,0,1,2,0,0,0,0,0,0,0,0,0,0,0
20,RL,70.0,7000,NoAlley,3.0,Lvl,Inside,2.0,NAmes,Artery,1Fam,1Story,5,6,1962,1962,Gable,Wd Sdng,Wd Sdng,None,0.0,2.0,2.0,CBlock,3.0,3.0,1.0,4.0,468.0,1.0,0.0,396.0,864.0,3.0,Y,4.0,864,0,0,864,0.0,1.0,1,0,3,1,2.0,5,Typ,0,0.0,Attchd,1962.0,1.0,1.0,336.0,3.0,2.0,0,0,0,0,0,0,GdWo,0,2,2006,WD ,Normal,105000,0,0,1,1,1,3,0,0,0,0,0,0,0,0,0,0,0
70,RM,60.0,7200,NoAlley,3.0,Lvl,Corner,2.0,OldTown,Norm,1Fam,2Story,7,7,1920,1950,Hip,Wd Sdng,Wd Sdng,None,0.0,2.0,2.0,BrkTil,2.0,3.0,1.0,1.0,0.0,1.0,0.0,596.0,596.0,4.0,Y,4.0,998,764,0,1762,1.0,0.0,1,1,4,1,3.0,8,Typ,0,0.0,Detchd,1989.0,1.0,2.0,576.0,3.0,0.0,36,0,221,0,0,0,NoFence,0,10,2006,WD ,Normal,157000,0,0,1,0,1,2,0,0,0,0,0,0,0,0,0,0,0
180,RM,21.0,1974,NoAlley,3.0,Lvl,Inside,2.0,MeadowV,Norm,Twnhs,SFoyer,4,7,1973,2006,Gable,CemntBd,CmentBd,None,0.0,2.0,3.0,CBlock,4.0,3.0,3.0,6.0,501.0,1.0,0.0,25.0,526.0,3.0,Y,4.0,526,462,0,988,1.0,0.0,1,0,2,1,2.0,5,Typ,0,0.0,BuiltIn,1973.0,2.0,1.0,297.0,3.0,2.0,120,101,0,0,0,0,NoFence,0,6,2008,WD ,Normal,105000,0,0,1,0,1,2,0,0,0,0,0,0,0,0,0,0,0
20,RL,53.0,15401,NoAlley,2.0,HLS,CulDSac,2.0,StoneBr,Norm,1Fam,1Story,9,5,2004,2004,Hip,VinylSd,VinylSd,BrkFace,296.0,4.0,2.0,PConc,5.0,3.0,4.0,6.0,1337.0,1.0,0.0,547.0,1884.0,4.0,Y,4.0,1884,0,0,1884,1.0,0.0,2,0,2,1,4.0,7,Typ,1,4.0,Attchd,2004.0,3.0,3.0,670.0,3.0,2.0,214,76,0,0,0,0,NoFence,0,9,2008,WD ,Normal,387000,0,1,1,0,1,3,0,0,0,0,0,0,0,0,0,0,0
20,FV,81.0,11216,NoAlley,3.0,Lvl,Inside,2.0,Somerst,Norm,1Fam,1Story,8,5,2006,2006,Gable,VinylSd,VinylSd,None,0.0,3.0,2.0,PConc,4.0,4.0,1.0,1.0,0.0,1.0,0.0,1489.0,1489.0,4.0,Y,4.0,1489,0,0,1489,0.0,0.0,2,0,3,1,3.0,7,Typ,1,4.0,Attchd,2006.0,2.0,2.0,776.0,3.0,2.0,0,140,0,0,0,0,NoFence,0,6,2006,New,Partial,232600,0,1,1,0,1,3,0,0,0,0,0,0,0,0,0,0,0
60,RL,80.0,10400,NoAlley,3.0,Lvl,Corner,2.0,CollgCr,Norm,1Fam,2Story,7,5,1998,1998,Gable,VinylSd,VinylSd,None,0.0,2.0,2.0,PConc,4.0,3.0,3.0,1.0,0.0,1.0,0.0,866.0,866.0,4.0,Y,4.0,866,913,0,1779,0.0,0.0,2,1,3,1,3.0,6,Typ,0,0.0,Attchd,1998.0,2.0,2.0,546.0,3.0,2.0,198,36,0,0,0,0,NoFence,0,3,2009,WD ,Normal,197900,0,0,1,0,1,2,0,0,0,0,0,0,0,0,0,0,0
20,RL,83.0,10420,NoAlley,3.0,Lvl,Corner,2.0,Edwards,Norm,1Fam,1Story,6,5,2009,2009,Gable,VinylSd,VinylSd,None,0.0,2.0,2.0,PConc,4.0,3.0,2.0,6.0,36.0,1.0,0.0,1176.0,1212.0,4.0,Y,4.0,1212,0,0,1212,0.0,0.0,2,0,3,1,3.0,6,Typ,0,0.0,Attchd,2009.0,2.0,2.0,460.0,3.0,2.0,100,22,0,0,0,0,NoFence,0,3,2010,WD ,Normal,186000,0,0,1,0,1,2,0,0,0,0,0,0,0,0,0,0,0
20,RL,60.0,8172,NoAlley,3.0,Lvl,Inside,2.0,Edwards,Norm,1Fam,1Story,4,5,1955,1955,Gable,MetalSd,MetalSd,None,0.0,2.0,2.0,CBlock,3.0,3.0,1.0,4.0,544.0,1.0,0.0,224.0,768.0,2.0,Y,4.0,768,0,0,768,0.0,0.0,1,0,2,1,2.0,4,Typ,1,2.0,Detchd,1959.0,1.0,1.0,355.0,3.0,2.0,0,0,196,0,0,0,MnPrv,0,7,2007,WD ,Normal,125000,0,1,1,1,1,4,0,0,0,0,0,0,0,0,0,0,0
20,RL,73.0,14585,NoAlley,2.0,Lvl,CulDSac,2.0,NAmes,Norm,1Fam,1Story,6,6,1960,1987,Gable,Wd Sdng,Wd Sdng,BrkFace,85.0,2.0,2.0,CBlock,3.0,3.0,1.0,4.0,594.0,3.0,219.0,331.0,1144.0,4.0,Y,4.0,1429,0,0,1429,0.0,1.0,1,0,3,1,3.0,7,Typ,2,4.0,Attchd,1960.0,1.0,2.0,572.0,3.0,2.0,216,110,0,0,0,0,NoFence,0,6,2007,WD ,Normal,181900,0,1,1,0,1,3,0,0,0,0,0,0,0,0,0,0,0
90,RL,82.0,11070,NoAlley,3.0,Lvl,Inside,2.0,Mitchel,Norm,Duplex,1Story,7,5,1988,1989,Gable,VinylSd,VinylSd,BrkFace,70.0,2.0,2.0,CBlock,3.0,3.0,1.0,1.0,0.0,1.0,0.0,1907.0,1907.0,3.0,Y,4.0,1959,0,0,1959,0.0,0.0,3,0,5,2,2.0,9,Typ,0,0.0,2Types,1989.0,1.0,3.0,766.0,3.0,2.0,0,0,0,0,0,0,NoFence,0,7,2006,WD ,Family,171000,0,0,1,0,1,2,0,0,0,0,0,0,0,0,0,0,0
120,RL,48.0,6373,NoAlley,3.0,Lvl,Inside,2.0,NridgHt,Norm,TwnhsE,1Story,9,5,2006,2006,Hip,MetalSd,MetalSd,BrkFace,572.0,4.0,2.0,PConc,5.0,4.0,1.0,6.0,415.0,1.0,0.0,1251.0,1666.0,4.0,Y,4.0,1666,0,0,1666,1.0,0.0,2,0,2,1,3.0,6,Typ,1,4.0,Attchd,2006.0,2.0,2.0,575.0,3.0,2.0,228,75,0,0,0,0,NoFence,0,6,2006,New,Partial,310090,0,1,1,0,1,3,0,0,0,0,0,0,0,0,0,0,0
70,RL,53.0,7155,NoAlley,3.0,Lvl,Inside,2.0,Crawfor,Norm,1Fam,2Story,6,8,1926,1991,Gable,Wd Sdng,Wd Sdng,None,0.0,2.0,2.0,BrkTil,3.0,3.0,1.0,1.0,0.0,1.0,0.0,686.0,686.0,2.0,Y,4.0,686,775,0,1461,0.0,0.0,1,0,3,1,2.0,6,Typ,1,4.0,Detchd,1926.0,1.0,1.0,225.0,3.0,0.0,0,0,116,0,0,0,MnPrv,0,7,2007,WD ,Normal,135000,0,1,1,1,1,4,0,0,0,0,0,0,0,0,0,0,0
20,RL,76.0,9158,NoAlley,3.0,Lvl,Inside,2.0,Somerst,Norm,1Fam,1Story,8,5,2007,2007,Gable,CemntBd,CmentBd,Stone,140.0,3.0,2.0,PConc,4.0,3.0,3.0,1.0,0.0,1.0,0.0,1496.0,1496.0,4.0,Y,4.0,1496,0,0,1496,0.0,0.0,2,0,3,1,3.0,7,Typ,0,0.0,Attchd,2007.0,3.0,2.0,474.0,3.0,2.0,168,130,0,0,0,0,NoFence,0,6,2007,New,Partial,225000,0,0,1,0,1,2,0,0,0,0,0,0,0,0,0,0,0
75,RL,84.0,9660,NoAlley,3.0,Lvl,Inside,2.0,NoRidge,Norm,1Fam,2.5Unf,8,5,1997,1997,Hip,HdBoard,HdBoard,BrkFace,1290.0,3.0,2.0,PConc,4.0,3.0,1.0,1.0,0.0,1.0,0.0,1173.0,1173.0,4.0,Y,4.0,1182,1017,0,2199,0.0,0.0,2,1,3,1,3.0,9,Typ,1,3.0,Attchd,1997.0,3.0,2.0,516.0,3.0,2.0,0,131,0,0,0,0,NoFence,0,9,2008,WD ,Normal,284500,0,1,1,0,1,3,0,0,0,0,0,0,0,0,0,0,0
80,RL,64.0,7848,NoAlley,2.0,Lvl,Inside,2.0,Gilbert,Norm,1Fam,SLvl,7,6,1999,1999,Gable,VinylSd,VinylSd,None,0.0,2.0,2.0,PConc,3.0,3.0,1.0,1.0,0.0,1.0,0.0,384.0,384.0,4.0,Y,4.0,774,656,0,1430,0.0,0.0,2,1,3,1,2.0,7,Typ,1,3.0,BuiltIn,1999.0,3.0,2.0,410.0,3.0,2.0,0,0,0,0,0,0,NoFence,0,6,2009,WD ,Normal,168000,0,1,1,0,1,3,0,0,0,0,0,0,0,0,0,0,0
60,RL,64.0,14067,NoAlley,3.0,Lvl,FR3,2.0,Gilbert,Norm,1Fam,2Story,6,5,1991,1991,Gable,HdBoard,HdBoard,BrkFace,194.0,2.0,2.0,PConc,4.0,3.0,1.0,5.0,504.0,1.0,0.0,332.0,836.0,3.0,Y,4.0,851,858,0,1709,1.0,0.0,2,1,3,1,3.0,7,Typ,0,0.0,Attchd,1991.0,3.0,2.0,416.0,3.0,2.0,0,40,0,0,0,0,GdPrv,0,9,2008,WD ,Normal,185000,0,0,1,1,1,3,0,0,0,0,0,0,0,0,0,0,0
20,RL,88.0,11577,NoAlley,3.0,Lvl,Inside,2.0,Timber,Norm,1Fam,1Story,9,5,2005,2006,Hip,VinylSd,VinylSd,BrkFace,382.0,4.0,2.0,PConc,4.0,3.0,4.0,6.0,1455.0,1.0,0.0,383.0,1838.0,4.0,Y,4.0,1838,0,0,1838,1.0,0.0,2,0,3,1,4.0,9,Typ,1,4.0,Attchd,2005.0,3.0,3.0,682.0,3.0,2.0,161,225,0,0,0,0,NoFence,0,9,2006,New,Partial,359900,0,1,1,0,1,3,0,0,0,0,0,0,0,0,0,0,0
20,RL,83.0,10143,NoAlley,3.0,Lvl,Inside,2.0,NAmes,Norm,1Fam,1Story,6,7,1963,1963,Gable,HdBoard,HdBoard,BrkFace,295.0,2.0,2.0,CBlock,3.0,3.0,1.0,3.0,384.0,1.0,0.0,996.0,1380.0,1.0,Y,4.0,1380,0,0,1380,0.0,0.0,1,1,3,1,2.0,6,Typ,0,0.0,Attchd,1963.0,1.0,1.0,364.0,3.0,2.0,0,0,0,0,216,0,GdWo,0,6,2009,WD ,Normal,154000,0,0,1,1,1,3,0,0,0,0,0,0,0,0,0,0,0
160,RM,24.0,2522,NoAlley,3.0,Lvl,Inside,2.0,Edwards,Norm,Twnhs,2Story,7,5,2004,2004,Gable,VinylSd,VinylSd,Stone,50.0,3.0,2.0,PConc,4.0,3.0,1.0,1.0,0.0,1.0,0.0,970.0,970.0,4.0,Y,4.0,970,739,0,1709,0.0,0.0,2,0,3,1,3.0,7,Maj1,0,0.0,Detchd,2004.0,1.0,2.0,380.0,3.0,2.0,0,40,0,0,0,0,NoFence,0,5,2006,WD ,Normal,134000,0,0,1,0,1,2,0,0,0,0,0,0,0,0,0,0,0
45,RL,59.0,7227,NoAlley,3.0,HLS,Corner,1.0,NAmes,Artery,1Fam,1.5Unf,6,6,1954,1954,Gable,MetalSd,MetalSd,None,0.0,2.0,2.0,CBlock,3.0,3.0,1.0,1.0,0.0,1.0,0.0,832.0,832.0,3.0,Y,4.0,832,0,0,832,0.0,0.0,1,0,2,1,3.0,4,Typ,0,0.0,Detchd,1962.0,1.0,2.0,528.0,3.0,2.0,0,0,0,0,0,0,NoFence,0,6,2008,WD ,Normal,105500,0,0,1,0,1,2,0,0,0,0,0,0,0,0,0,0,0
80,RL,82.0,9020,NoAlley,3.0,Lvl,Corner,2.0,NAmes,Feedr,1Fam,SLvl,6,5,1964,1964,Gable,Plywood,Wd Sdng,BrkFace,259.0,2.0,2.0,CBlock,3.0,3.0,4.0,6.0,624.0,3.0,336.0,288.0,1248.0,2.0,Y,4.0,1350,0,0,1350,1.0,0.0,1,1,3,1,2.0,6,Typ,0,0.0,Attchd,1964.0,2.0,2.0,520.0,3.0,2.0,176,0,0,0,0,0,GdPrv,0,6,2008,WD ,Normal,168500,0,0,1,1,1,3,0,0,0,0,0,0,0,0,0,0,0
60,RL,60.0,6931,NoAlley,3.0,Lvl,Inside,2.0,Edwards,Norm,1Fam,2Story,7,5,2003,2004,Gable,VinylSd,VinylSd,Stone,92.0,3.0,2.0,PConc,4.0,3.0,1.0,1.0,0.0,1.0,0.0,746.0,746.0,4.0,Y,4.0,760,896,0,1656,0.0,0.0,2,1,3,1,3.0,7,Typ,1,4.0,BuiltIn,2003.0,3.0,2.0,397.0,3.0,2.0,178,128,0,0,0,0,NoFence,0,7,2008,WD ,Normal,165400,0,1,1,0,1,3,0,0,0,0,0,0,0,0,0,0,0
30,RM,70.0,5684,NoAlley,3.0,Lvl,Inside,2.0,OldTown,Norm,1Fam,1Story,6,8,1930,2005,Hip,Wd Sdng,Wd Sdng,None,0.0,2.0,2.0,BrkTil,3.0,3.0,1.0,1.0,0.0,1.0,0.0,813.0,813.0,4.0,Y,3.0,813,0,0,813,0.0,0.0,1,0,2,1,3.0,5,Typ,0,0.0,Detchd,1932.0,1.0,1.0,270.0,2.0,0.0,0,113,0,0,0,0,NoFence,0,6,2006,WD ,Normal,110000,0,0,1,0,1,2,0,0,0,0,0,0,0,0,0,0,0
80,RL,64.0,10147,NoAlley,2.0,Lvl,CulDSac,2.0,Gilbert,Norm,1Fam,SLvl,6,5,1994,1994,Gable,HdBoard,HdBoard,BrkFace,32.0,2.0,2.0,PConc,4.0,3.0,1.0,2.0,186.0,1.0,0.0,206.0,392.0,3.0,Y,4.0,924,770,0,1694,0.0,0.0,2,1,3,1,2.0,7,Typ,1,3.0,BuiltIn,1994.0,3.0,2.0,398.0,3.0,2.0,256,64,0,0,0,0,MnPrv,0,3,2007,WD ,Normal,160000,0,1,1,1,1,4,0,0,0,0,0,0,0,0,0,0,0
190,RH,58.0,6430,NoAlley,3.0,Bnk,Corner,2.0,SWISU,Feedr,2fmCon,1.5Fin,6,6,1945,1950,Gable,Wd Sdng,Wd Sdng,None,0.0,2.0,2.0,CBlock,3.0,3.0,3.0,4.0,780.0,1.0,0.0,0.0,780.0,2.0,N,1.0,816,524,0,1340,1.0,0.0,1,0,3,1,2.0,6,Typ,0,0.0,Attchd,1945.0,1.0,1.0,440.0,3.0,2.0,0,0,0,0,0,0,NoFence,0,7,2006,WD ,Abnorml,128000,0,0,0,0,1,1,0,0,0,0,0,0,0,0,0,0,0
30,RM,60.0,10320,NoAlley,3.0,Lvl,Inside,2.0,IDOTRR,RRNe,1Fam,1Story,5,8,1912,1991,Gable,Wd Sdng,Wd Sdng,None,0.0,2.0,2.0,BrkTil,2.0,3.0,1.0,1.0,0.0,1.0,0.0,451.0,451.0,2.0,Y,4.0,759,0,0,759,0.0,0.0,1,0,1,1,2.0,5,Typ,0,0.0,Detchd,1997.0,1.0,2.0,576.0,3.0,0.0,40,0,0,0,0,0,NoFence,0,8,2008,ConLD,Family,85000,0,0,1,0,1,2,0,0,0,0,0,0,0,0,0,0,0
60,RL,70.0,8726,NoAlley,3.0,Lvl,Inside,2.0,CollgCr,Norm,1Fam,2Story,7,5,2002,2002,Gable,VinylSd,VinylSd,None,0.0,3.0,2.0,PConc,4.0,3.0,1.0,1.0,0.0,1.0,0.0,872.0,872.0,4.0,Y,4.0,872,1037,0,1909,0.0,0.0,2,1,4,1,3.0,8,Typ,0,0.0,BuiltIn,2002.0,2.0,2.0,529.0,3.0,2.0,0,108,0,0,0,0,NoFence,0,9,2006,WD ,Normal,197000,0,0,1,0,1,2,0,0,0,0,0,0,0,0,0,0,0
60,RL,105.0,13693,NoAlley,3.0,Lvl,Inside,2.0,NridgHt,Norm,1Fam,2Story,9,5,2006,2006,Hip,VinylSd,VinylSd,BrkFace,772.0,4.0,2.0,PConc,4.0,3.0,3.0,1.0,0.0,1.0,0.0,2153.0,2153.0,4.0,Y,4.0,2069,574,0,2643,0.0,0.0,2,1,3,1,4.0,9,Typ,1,4.0,BuiltIn,2006.0,3.0,3.0,694.0,3.0,2.0,414,84,0,0,0,0,NoFence,0,3,2007,WD ,Normal,380000,0,1,1,0,1,3,0,0,0,0,0,0,0,0,0,0,0
20,RL,87.0,10000,NoAlley,2.0,Lvl,Corner,2.0,NAmes,Norm,1Fam,1Story,6,6,1962,1962,Hip,Wd Sdng,Wd Sdng,BrkFace,261.0,2.0,2.0,CBlock,3.0,3.0,1.0,1.0,0.0,1.0,0.0,1116.0,1116.0,2.0,Y,4.0,1116,0,0,1116,0.0,0.0,1,1,3,1,2.0,5,Typ,0,0.0,Attchd,1962.0,1.0,2.0,440.0,3.0,2.0,0,0,0,0,385,0,NoFence,0,2,2010,WD ,Normal,160000,0,0,1,0,1,2,0,0,0,0,0,0,0,0,0,0,0
60,FV,112.0,12217,NoAlley,2.0,Lvl,Inside,2.0,Somerst,Norm,1Fam,2Story,8,5,2007,2007,Hip,WdShing,Wd Shng,None,0.0,3.0,2.0,PConc,5.0,3.0,3.0,6.0,745.0,1.0,0.0,210.0,955.0,4.0,Y,4.0,955,925,0,1880,1.0,0.0,2,1,3,1,4.0,8,Typ,1,4.0,Attchd,2007.0,3.0,3.0,880.0,3.0,2.0,168,127,0,0,0,0,NoFence,0,12,2007,New,Partial,310013,0,1,1,0,1,3,0,0,0,0,0,0,0,0,0,0,1
120,RL,65.0,5950,NoAlley,2.0,HLS,Inside,1.0,StoneBr,Norm,TwnhsE,1Story,8,5,1989,1989,Gable,HdBoard,HdBoard,None,0.0,3.0,2.0,PConc,4.0,3.0,4.0,6.0,319.0,1.0,0.0,1018.0,1337.0,3.0,Y,4.0,1337,0,0,1337,1.0,0.0,2,0,2,1,3.0,5,Typ,1,3.0,Attchd,1989.0,2.0,2.0,462.0,3.0,2.0,0,73,154,0,0,0,NoFence,0,4,2008,WD ,Normal,188500,0,1,1,0,1,3,0,0,0,0,0,0,0,0,0,0,0
75,RL,60.0,6204,NoAlley,3.0,Bnk,Inside,2.0,SWISU,Norm,1Fam,2.5Fin,4,5,1912,1950,Gable,Wd Sdng,Wd Sdng,None,0.0,3.0,2.0,PConc,3.0,2.0,1.0,1.0,0.0,1.0,0.0,795.0,795.0,2.0,N,4.0,954,795,481,2230,1.0,0.0,1,0,5,1,2.0,10,Typ,0,0.0,Detchd,1997.0,1.0,1.0,440.0,3.0,2.0,0,188,0,0,0,0,NoFence,0,3,2006,WD ,Normal,118500,0,0,0,0,1,1,0,0,0,0,0,0,0,0,0,0,0
70,RL,75.0,12000,NoAlley,3.0,Bnk,Inside,2.0,Crawfor,Norm,1Fam,2Story,7,7,1941,1950,Gable,MetalSd,MetalSd,None,0.0,2.0,2.0,CBlock,3.0,3.0,1.0,3.0,275.0,1.0,0.0,429.0,704.0,4.0,Y,4.0,860,704,0,1564,0.0,0.0,1,1,3,1,1.0,7,Typ,1,4.0,Attchd,1941.0,1.0,1.0,234.0,3.0,2.0,0,0,0,0,0,0,NoFence,0,7,2009,WD ,Normal,174500,0,1,1,0,1,3,0,0,0,0,0,0,0,0,0,0,0
50,RL,60.0,8550,NoAlley,3.0,Lvl,Inside,2.0,BrkSide,RRAn,1Fam,1.5Fin,5,5,1926,1950,Gable,HdBoard,HdBoard,None,0.0,2.0,2.0,PConc,2.0,3.0,1.0,1.0,0.0,1.0,0.0,750.0,750.0,2.0,Y,4.0,960,356,0,1316,0.0,0.0,1,0,4,1,2.0,7,Typ,0,0.0,Detchd,1965.0,1.0,2.0,576.0,3.0,2.0,0,0,0,0,0,0,NoFence,0,10,2007,ConLw,Family,90000,0,0,1,0,1,2,0,0,0,0,0,0,0,0,0,0,0
70,RM,60.0,10337,Pave,2.0,Lvl,Inside,2.0,OldTown,Norm,1Fam,2Story,8,9,1910,1999,Hip,VinylSd,VinylSd,None,0.0,3.0,3.0,BrkTil,3.0,3.0,1.0,1.0,0.0,1.0,0.0,725.0,725.0,4.0,N,4.0,909,863,0,1772,0.0,0.0,2,1,3,1,3.0,7,Typ,0,0.0,Detchd,1992.0,1.0,2.0,816.0,3.0,2.0,0,0,0,0,0,0,MnPrv,0,5,2007,WD ,Normal,184900,0,0,0,1,1,2,0,0,0,0,0,0,0,0,0,0,0
60,RL,59.0,16023,NoAlley,2.0,HLS,CulDSac,2.0,StoneBr,Norm,1Fam,2Story,9,5,2005,2006,Hip,VinylSd,VinylSd,BrkFace,600.0,3.0,4.0,PConc,5.0,3.0,4.0,6.0,1218.0,1.0,0.0,180.0,1398.0,4.0,Y,4.0,1414,1384,0,2798,1.0,0.0,3,1,3,1,4.0,11,Typ,1,4.0,BuiltIn,2005.0,3.0,3.0,670.0,3.0,2.0,182,37,0,0,0,0,NoFence,0,3,2006,New,Partial,457347,0,1,1,0,1,3,0,0,0,0,0,0,0,0,0,0,0
20,FV,73.0,4403,NoAlley,1.0,Lvl,Inside,2.0,Somerst,Norm,1Fam,1Story,7,5,2009,2009,Gable,MetalSd,MetalSd,Stone,432.0,4.0,2.0,PConc,5.0,3.0,3.0,6.0,578.0,1.0,0.0,892.0,1470.0,4.0,Y,4.0,1478,0,0,1478,1.0,0.0,2,1,2,1,3.0,7,Typ,1,4.0,Attchd,2009.0,3.0,2.0,484.0,3.0,2.0,0,144,0,0,0,0,NoFence,0,6,2010,New,Partial,222000,0,1,1,0,1,3,0,0,0,0,0,0,0,0,0,0,0
60,RL,91.0,10984,NoAlley,2.0,Lvl,Corner,2.0,CollgCr,Norm,1Fam,2Story,7,5,2005,2006,Gable,VinylSd,VinylSd,None,0.0,3.0,2.0,PConc,4.0,3.0,4.0,1.0,0.0,1.0,0.0,945.0,945.0,4.0,Y,4.0,945,864,0,1809,0.0,0.0,2,1,3,1,3.0,8,Typ,0,0.0,Attchd,2005.0,2.0,2.0,638.0,3.0,2.0,144,54,0,0,0,0,NoFence,0,5,2006,New,Partial,209700,0,0,1,0,1,2,0,0,0,0,0,0,0,0,0,0,0
120,RM,70.0,4435,NoAlley,3.0,Lvl,Inside,2.0,CollgCr,Norm,TwnhsE,1Story,6,5,2003,2003,Gable,VinylSd,VinylSd,BrkFace,170.0,3.0,2.0,PConc,4.0,3.0,3.0,6.0,672.0,1.0,0.0,176.0,848.0,4.0,Y,4.0,848,0,0,848,1.0,0.0,1,0,1,1,3.0,4,Typ,0,0.0,Attchd,2003.0,3.0,2.0,420.0,3.0,2.0,140,0,0,0,0,0,NoFence,0,4,2010,WD ,Normal,143750,0,0,1,0,1,2,0,0,0,0,0,0,0,0,0,0,0
20,FV,57.0,12853,Pave,2.0,Lvl,Inside,2.0,Somerst,Norm,1Fam,1Story,8,5,2010,2010,Gable,CemntBd,CmentBd,None,0.0,3.0,2.0,PConc,5.0,1.0,1.0,6.0,1032.0,1.0,0.0,610.0,1642.0,4.0,Y,4.0,1418,0,0,1418,1.0,0.0,1,1,1,1,3.0,6,Typ,1,4.0,Attchd,2010.0,2.0,3.0,852.0,3.0,2.0,160,192,0,224,0,0,NoFence,0,4,2010,New,Partial,267916,0,1,1,0,1,3,0,0,0,0,0,0,0,0,0,0,0
50,RL,70.0,9260,Grvl,2.0,HLS,Inside,2.0,Crawfor,Feedr,1Fam,1.5Fin,5,4,1938,1950,Gable,Wd Sdng,Wd Sdng,None,0.0,2.0,2.0,BrkTil,3.0,3.0,1.0,1.0,0.0,1.0,0.0,884.0,884.0,2.0,Y,1.0,932,442,0,1374,0.0,0.0,1,0,3,1,2.0,6,Typ,0,0.0,Detchd,1938.0,1.0,1.0,225.0,3.0,2.0,64,0,0,0,100,0,NoFence,0,3,2008,WD ,Normal,110000,0,0,1,0,1,2,0,0,0,0,0,0,0,0,0,0,0
70,RL,74.0,11988,NoAlley,2.0,HLS,Inside,1.0,Crawfor,Norm,1Fam,2Story,6,7,1934,1995,Hip,Stucco,Stucco,None,0.0,2.0,2.0,CBlock,3.0,3.0,1.0,2.0,326.0,1.0,0.0,389.0,715.0,1.0,Y,3.0,849,811,0,1660,0.0,0.0,1,1,3,1,2.0,6,Typ,1,4.0,Detchd,1939.0,1.0,1.0,240.0,3.0,2.0,0,0,0,0,0,0,NoFence,0,8,2008,WD ,Normal,188700,0,1,1,0,1,3,0,0,0,0,0,0,0,0,0,0,0
120,RL,43.0,3621,NoAlley,3.0,Lvl,Inside,2.0,Blmngtn,Norm,TwnhsE,1Story,8,5,2003,2003,Hip,VinylSd,VinylSd,BrkFace,72.0,3.0,2.0,PConc,4.0,3.0,4.0,6.0,1084.0,1.0,0.0,322.0,1406.0,4.0,Y,4.0,1589,0,0,1589,1.0,0.0,2,0,2,1,3.0,7,Typ,1,3.0,Attchd,2003.0,3.0,3.0,630.0,3.0,2.0,143,20,0,0,0,0,NoFence,0,11,2007,WD ,Normal,226500,0,1,1,0,1,3,0,0,0,0,0,0,0,0,0,0,0
80,RL,85.0,11475,NoAlley,3.0,Lvl,Corner,2.0,NAmes,Norm,1Fam,SLvl,6,6,1961,1961,Hip,HdBoard,HdBoard,BrkFace,90.0,2.0,2.0,CBlock,3.0,3.0,4.0,5.0,568.0,1.0,0.0,640.0,1208.0,4.0,Y,4.0,1576,0,0,1576,1.0,0.0,1,0,4,1,3.0,7,Typ,1,1.0,BuiltIn,1961.0,3.0,2.0,368.0,3.0,2.0,85,0,0,0,0,0,NoFence,0,9,2009,WD ,Normal,174500,0,1,1,0,1,3,0,0,0,0,0,0,0,0,0,0,0
20,RL,53.0,5470,NoAlley,3.0,Lvl,Inside,2.0,OldTown,Norm,1Fam,1Story,3,5,1958,1958,Gable,MetalSd,MetalSd,None,0.0,2.0,2.0,CBlock,3.0,3.0,1.0,1.0,0.0,1.0,0.0,792.0,792.0,3.0,Y,3.0,792,0,0,792,0.0,0.0,1,0,2,1,2.0,4,Typ,0,0.0,Attchd,1958.0,1.0,1.0,366.0,2.0,2.0,0,90,0,0,0,0,NoFence,0,8,2009,WD ,Normal,99900,0,0,1,0,1,2,0,0,0,0,0,0,0,0,0,0,0
60,RL,70.0,9605,NoAlley,3.0,Lvl,Inside,2.0,Somerst,Norm,1Fam,2Story,7,5,2006,2006,Gable,VinylSd,VinylSd,None,0.0,3.0,2.0,PConc,4.0,3.0,1.0,1.0,0.0,1.0,0.0,982.0,982.0,4.0,Y,4.0,982,995,0,1977,0.0,0.0,2,1,3,1,3.0,7,Typ,0,0.0,Attchd,2006.0,2.0,3.0,574.0,3.0,2.0,240,53,0,0,0,0,NoFence,0,7,2007,WD ,Family,250000,0,0,1,0,1,2,0,0,0,0,0,0,0,0,0,0,0
20,RL,110.0,14442,NoAlley,3.0,Lvl,Inside,2.0,Crawfor,Norm,1Fam,1Story,6,7,1957,2004,Hip,CemntBd,CmentBd,BrkFace,106.0,2.0,2.0,PConc,3.0,3.0,1.0,6.0,1186.0,1.0,0.0,291.0,1477.0,4.0,Y,4.0,1839,0,0,1839,1.0,0.0,2,0,3,1,3.0,7,Typ,2,3.0,Attchd,1957.0,3.0,2.0,416.0,3.0,2.0,0,87,0,0,200,0,NoFence,0,6,2007,WD ,Normal,257500,0,1,1,0,1,3,0,0,0,0,0,0,0,0,0,0,0
120,RL,60.0,6563,NoAlley,2.0,Low,CulDSac,1.0,StoneBr,Norm,1Fam,1Story,8,5,1985,1985,Gable,HdBoard,HdBoard,None,0.0,3.0,2.0,PConc,4.0,3.0,4.0,6.0,1148.0,1.0,0.0,594.0,1742.0,2.0,Y,4.0,1742,0,0,1742,1.0,0.0,2,0,2,1,3.0,5,Typ,1,3.0,Attchd,1985.0,2.0,2.0,564.0,3.0,2.0,114,28,234,0,0,0,NoFence,0,12,2006,WD ,Normal,275000,0,1,1,0,1,3,0,0,0,0,0,0,0,0,0,0,0
60,RL,95.0,12350,NoAlley,3.0,Lvl,Inside,2.0,NridgHt,Norm,1Fam,2Story,9,5,2009,2009,Gable,VinylSd,VinylSd,None,0.0,3.0,2.0,PConc,5.0,3.0,1.0,6.0,986.0,1.0,0.0,379.0,1365.0,4.0,Y,4.0,1365,1325,0,2690,1.0,0.0,2,1,3,1,4.0,8,Typ,1,4.0,Attchd,2009.0,2.0,3.0,864.0,3.0,2.0,0,197,0,0,0,0,NoFence,0,7,2009,New,Partial,398800,0,1,1,0,1,3,0,0,0,0,0,0,0,0,0,0,0
80,RL,82.0,9020,NoAlley,3.0,Lvl,Inside,2.0,NAmes,Norm,1Fam,SLvl,6,7,1966,1966,Gable,HdBoard,HdBoard,BrkFace,183.0,2.0,2.0,CBlock,3.0,3.0,4.0,3.0,312.0,5.0,539.0,276.0,1127.0,2.0,Y,4.0,1165,0,0,1165,1.0,0.0,1,1,3,1,2.0,6,Typ,0,0.0,Attchd,1966.0,2.0,2.0,490.0,4.0,2.0,0,129,0,0,0,0,GdPrv,0,5,2008,WD ,Normal,174900,0,0,1,1,1,3,0,0,0,0,0,0,0,0,0,0,0
60,RL,101.0,14215,NoAlley,2.0,Lvl,Corner,2.0,NridgHt,Norm,1Fam,2Story,8,5,2005,2006,Gable,VinylSd,VinylSd,BrkFace,380.0,3.0,2.0,PConc,5.0,3.0,3.0,1.0,0.0,1.0,0.0,1158.0,1158.0,4.0,Y,4.0,1158,1218,0,2376,0.0,0.0,3,1,4,1,3.0,9,Typ,1,4.0,BuiltIn,2005.0,2.0,3.0,853.0,3.0,2.0,240,154,0,0,0,0,NoFence,0,11,2006,New,Partial,325300,0,1,1,0,1,3,0,0,0,0,0,0,0,0,0,0,0
20,RL,84.0,11670,NoAlley,2.0,Lvl,Corner,2.0,Somerst,RRNn,1Fam,1Story,9,5,2006,2006,Hip,VinylSd,ImStucc,Stone,302.0,4.0,2.0,PConc,5.0,4.0,1.0,1.0,0.0,1.0,0.0,1905.0,1905.0,4.0,Y,4.0,1905,0,0,1905,0.0,0.0,2,0,3,1,4.0,8,Typ,1,4.0,Attchd,2006.0,3.0,3.0,788.0,3.0,2.0,0,191,0,0,0,0,NoFence,0,3,2007,WD ,Normal,320000,0,1,1,0,1,3,0,0,0,0,0,0,0,0,0,0,0
20,RL,70.0,9170,NoAlley,3.0,Lvl,Corner,2.0,Edwards,Feedr,1Fam,1Story,5,7,1965,1965,Hip,MetalSd,MetalSd,None,0.0,2.0,2.0,CBlock,3.0,3.0,1.0,5.0,698.0,6.0,96.0,420.0,1214.0,4.0,Y,4.0,1214,0,0,1214,1.0,0.0,1,0,2,1,2.0,6,Typ,0,0.0,Detchd,1965.0,1.0,2.0,461.0,2.0,2.0,0,0,184,0,0,0,GdPrv,400,4,2007,WD ,Normal,140000,0,0,1,1,1,3,0,0,0,0,0,0,0,0,0,0,0
20,RL,78.0,10264,NoAlley,2.0,Lvl,Inside,2.0,CollgCr,Norm,1Fam,1Story,7,5,1999,1999,Gable,VinylSd,VinylSd,BrkFace,183.0,3.0,2.0,PConc,4.0,3.0,3.0,5.0,1162.0,1.0,0.0,426.0,1588.0,4.0,Y,4.0,1588,0,0,1588,0.0,0.0,2,0,3,1,3.0,6,Typ,0,0.0,Attchd,1999.0,2.0,2.0,472.0,3.0,2.0,158,29,0,0,0,0,NoFence,0,8,2006,WD ,Normal,214000,0,0,1,0,1,2,0,0,0,0,0,0,0,0,0,0,0
80,RL,59.0,9434,NoAlley,2.0,Lvl,Inside,2.0,Gilbert,Norm,1Fam,SLvl,7,5,2004,2005,Gable,WdShing,Wd Shng,None,0.0,3.0,2.0,PConc,4.0,3.0,2.0,1.0,0.0,1.0,0.0,384.0,384.0,4.0,Y,4.0,744,630,0,1374,0.0,0.0,2,1,3,1,3.0,6,Typ,1,4.0,BuiltIn,2004.0,3.0,2.0,400.0,3.0,2.0,100,0,0,0,0,0,NoFence,0,8,2009,WD ,Normal,170000,0,1,1,0,1,3,0,0,0,0,0,0,0,0,0,0,0
60,RL,74.0,9056,NoAlley,2.0,Lvl,Inside,2.0,Gilbert,Norm,1Fam,2Story,8,5,2004,2004,Gable,VinylSd,VinylSd,None,0.0,3.0,2.0,PConc,5.0,4.0,3.0,1.0,0.0,1.0,0.0,707.0,707.0,4.0,Y,4.0,707,707,0,1414,0.0,0.0,2,1,3,1,3.0,6,Typ,1,4.0,Attchd,2004.0,3.0,2.0,403.0,3.0,2.0,100,35,0,0,0,0,NoFence,0,10,2006,WD ,Normal,178000,0,1,1,0,1,3,0,0,0,0,0,0,0,0,0,0,0
120,RL,80.0,2887,NoAlley,3.0,HLS,Inside,2.0,ClearCr,Norm,1Fam,1Story,6,5,1996,1997,Gable,Wd Sdng,Wd Sdng,None,0.0,2.0,2.0,PConc,4.0,3.0,2.0,6.0,1003.0,1.0,0.0,288.0,1291.0,4.0,Y,4.0,1291,0,0,1291,1.0,0.0,1,0,2,1,3.0,6,Typ,1,4.0,Attchd,1996.0,1.0,2.0,431.0,3.0,2.0,307,0,0,0,0,0,NoFence,0,11,2008,WD ,Normal,173000,0,1,1,0,1,3,0,0,0,0,0,0,0,0,0,0,0
60,RL,70.0,8145,NoAlley,2.0,Lvl,Inside,2.0,CollgCr,Norm,1Fam,2Story,7,5,2007,2007,Gable,VinylSd,VinylSd,None,0.0,3.0,2.0,PConc,4.0,3.0,1.0,1.0,0.0,1.0,0.0,738.0,738.0,4.0,Y,4.0,738,738,0,1476,0.0,0.0,2,1,3,1,3.0,7,Typ,0,0.0,Attchd,2007.0,2.0,2.0,552.0,3.0,2.0,0,35,0,0,0,0,NoFence,0,6,2007,New,Partial,179400,0,0,1,0,1,2,0,0,0,0,0,0,0,0,0,0,0
20,RL,80.0,14000,NoAlley,3.0,Lvl,Inside,2.0,Crawfor,Norm,1Fam,1Story,6,8,1950,2004,Gable,HdBoard,HdBoard,None,0.0,2.0,3.0,CBlock,3.0,3.0,1.0,1.0,0.0,1.0,0.0,1092.0,1092.0,4.0,Y,4.0,1152,0,0,1152,0.0,1.0,1,0,3,1,3.0,6,Typ,1,4.0,Attchd,1950.0,1.0,1.0,300.0,3.0,2.0,0,36,0,0,0,0,GdPrv,0,8,2009,WD ,Family,158500,0,1,1,1,1,4,0,0,0,0,0,0,0,0,0,0,0
50,RL,76.0,11388,NoAlley,3.0,Low,Inside,1.0,Edwards,Norm,1Fam,1.5Fin,4,7,1910,1993,Gable,VinylSd,Wd Sdng,None,0.0,2.0,2.0,BrkTil,3.0,3.0,1.0,1.0,0.0,1.0,0.0,616.0,616.0,2.0,N,4.0,1055,218,0,1273,0.0,0.0,1,0,3,1,3.0,5,Min2,0,0.0,Detchd,1910.0,1.0,1.0,275.0,3.0,0.0,212,0,0,0,0,0,NoFence,0,9,2006,WD ,Normal,121000,0,0,0,0,1,1,0,0,0,0,0,0,0,0,0,0,0
190,RL,107.0,10615,NoAlley,2.0,Bnk,Corner,1.0,OldTown,Artery,2fmCon,2Story,3,5,1900,1970,Gable,HdBoard,HdBoard,None,0.0,2.0,2.0,CBlock,2.0,3.0,2.0,4.0,440.0,1.0,0.0,538.0,978.0,2.0,Y,4.0,1014,685,0,1699,1.0,0.0,2,0,3,2,2.0,7,Typ,0,0.0,CarPort,1920.0,1.0,2.0,420.0,2.0,2.0,0,74,0,0,0,0,NoFence,0,8,2009,WD ,Abnorml,95000,0,0,1,0,1,2,0,0,0,0,0,0,0,0,0,0,0
60,RL,80.0,11029,NoAlley,2.0,Lvl,Corner,2.0,NWAmes,PosA,1Fam,2Story,6,7,1968,1984,Gable,HdBoard,HdBoard,BrkFace,220.0,2.0,2.0,CBlock,3.0,3.0,2.0,4.0,619.0,1.0,0.0,435.0,1054.0,2.0,Y,4.0,1512,1142,0,2654,1.0,0.0,2,1,4,1,3.0,9,Typ,1,4.0,Attchd,1968.0,1.0,2.0,619.0,3.0,2.0,0,65,0,0,222,0,NoFence,0,8,2006,WD ,Normal,250000,0,1,1,0,1,3,0,0,0,0,0,0,0,0,0,0,0
20,RL,70.0,8414,NoAlley,3.0,Lvl,Inside,2.0,Sawyer,Norm,1Fam,1Story,6,8,1963,2003,Hip,HdBoard,HdBoard,None,0.0,2.0,2.0,CBlock,3.0,3.0,1.0,6.0,663.0,1.0,0.0,396.0,1059.0,2.0,Y,4.0,1068,0,0,1068,0.0,1.0,1,0,3,1,2.0,6,Typ,0,0.0,Attchd,1963.0,2.0,1.0,264.0,3.0,2.0,192,0,0,0,0,0,MnPrv,0,2,2006,WD ,Normal,154500,0,0,1,1,1,3,0,0,0,0,0,0,0,0,0,0,0
20,RL,70.0,7535,NoAlley,2.0,Lvl,Inside,2.0,NAmes,Norm,1Fam,1Story,5,7,1958,1985,Gable,MetalSd,MetalSd,None,0.0,2.0,2.0,CBlock,3.0,3.0,1.0,4.0,111.0,2.0,279.0,522.0,912.0,1.0,Y,4.0,912,0,0,912,0.0,1.0,1,0,2,1,2.0,5,Typ,0,0.0,Attchd,1958.0,3.0,1.0,297.0,3.0,2.0,12,285,0,0,0,0,MnWw,480,6,2007,WD ,Normal,120000,0,0,1,1,1,3,0,0,0,0,0,0,0,0,0,0,0
80,RL,65.0,6305,NoAlley,3.0,Lvl,Inside,2.0,Edwards,Norm,1Fam,SLvl,6,6,1975,1975,Gable,Plywood,Plywood,None,0.0,2.0,2.0,CBlock,3.0,3.0,3.0,5.0,528.0,1.0,0.0,480.0,1008.0,2.0,Y,4.0,1096,0,0,1096,1.0,0.0,1,0,3,1,2.0,5,Typ,1,2.0,Detchd,1975.0,1.0,1.0,352.0,3.0,2.0,0,0,0,0,0,0,NoFence,0,6,2010,WD ,Normal,125200,0,1,1,0,1,3,0,0,0,0,0,0,0,0,0,0,0
60,RL,65.0,10237,NoAlley,3.0,Lvl,Inside,2.0,Gilbert,RRAn,1Fam,2Story,6,5,2005,2007,Gable,VinylSd,VinylSd,None,0.0,3.0,2.0,PConc,4.0,3.0,1.0,1.0,0.0,1.0,0.0,783.0,783.0,4.0,Y,4.0,783,701,0,1484,0.0,0.0,2,1,3,1,3.0,8,Typ,1,4.0,Attchd,2005.0,3.0,2.0,393.0,3.0,2.0,0,72,0,0,0,0,NoFence,0,7,2007,New,Partial,178900,0,1,1,0,1,3,0,0,0,0,0,0,0,0,0,0,0
30,RL,52.0,6292,NoAlley,3.0,Bnk,Inside,2.0,SWISU,Norm,1Fam,1Story,6,5,1930,1950,Gable,Wd Sdng,Wd Sdng,None,0.0,2.0,2.0,BrkTil,4.0,3.0,2.0,3.0,384.0,1.0,0.0,384.0,768.0,2.0,N,4.0,790,0,0,790,0.0,0.0,1,0,2,1,2.0,4,Typ,0,0.0,Detchd,1925.0,1.0,1.0,160.0,2.0,2.0,0,141,0,0,0,0,NoFence,0,4,2008,WD ,Normal,91000,0,0,0,0,1,1,0,0,0,0,0,0,0,0,0,0,0
160,RL,44.0,5306,NoAlley,2.0,Lvl,Inside,2.0,StoneBr,Norm,TwnhsE,2Story,7,7,1987,1987,Gable,HdBoard,HdBoard,None,0.0,3.0,3.0,PConc,4.0,4.0,1.0,6.0,495.0,3.0,215.0,354.0,1064.0,3.0,Y,4.0,1064,703,0,1767,1.0,0.0,2,0,2,1,3.0,5,Typ,1,3.0,Attchd,1987.0,2.0,2.0,504.0,4.0,2.0,441,35,0,0,0,0,NoFence,0,6,2006,WD ,Normal,239000,0,1,1,0,1,3,0,0,0,0,0,0,0,0,0,0,0
20,RL,102.0,12671,NoAlley,2.0,Lvl,Corner,2.0,ClearCr,Norm,1Fam,1Story,6,7,1954,1994,Hip,MetalSd,MetalSd,Stone,300.0,2.0,3.0,CBlock,4.0,2.0,1.0,2.0,353.0,1.0,0.0,935.0,1288.0,4.0,Y,4.0,2422,0,0,2422,0.0,0.0,3,0,4,1,3.0,6,Min2,2,4.0,Attchd,1954.0,3.0,2.0,527.0,3.0,2.0,0,63,0,0,144,0,NoFence,0,7,2007,WD ,Normal,255000,0,1,1,0,1,3,0,0,0,0,0,0,0,0,0,0,0
70,RM,60.0,9600,Grvl,3.0,Lvl,Inside,2.0,OldTown,Norm,1Fam,2Story,4,2,1900,1950,Gable,AsbShng,Stucco,None,0.0,2.0,2.0,BrkTil,3.0,2.0,1.0,1.0,0.0,1.0,0.0,1095.0,1095.0,1.0,N,4.0,1095,679,0,1774,1.0,0.0,2,0,4,2,2.0,8,Min2,0,0.0,2Types,1920.0,1.0,3.0,779.0,2.0,0.0,0,0,90,0,0,0,NoFence,0,5,2006,WD ,Normal,87000,0,0,0,0,1,1,0,0,0,0,0,0,0,0,0,0,0
20,RL,57.0,8280,NoAlley,2.0,Lvl,Inside,2.0,NAmes,Norm,1Fam,1Story,6,5,1950,1950,Gable,BrkFace,BrkFace,None,0.0,2.0,2.0,CBlock,3.0,3.0,1.0,1.0,0.0,1.0,0.0,932.0,932.0,4.0,Y,3.0,932,0,0,932,0.0,0.0,1,0,2,1,3.0,4,Typ,1,4.0,Attchd,1950.0,1.0,1.0,306.0,3.0,2.0,0,0,214,0,0,0,GdPrv,0,11,2007,WD ,Normal,124000,0,1,1,1,1,4,0,0,0,0,0,0,0,0,0,0,0
20,RL,77.0,11500,NoAlley,2.0,Lvl,Inside,2.0,NAmes,Norm,1Fam,1Story,6,4,1967,1967,Gable,HdBoard,HdBoard,None,0.0,1.0,2.0,CBlock,3.0,2.0,1.0,4.0,872.0,3.0,60.0,108.0,1040.0,3.0,Y,4.0,1040,0,0,1040,1.0,0.0,1,0,3,1,2.0,6,Min1,1,1.0,Attchd,1967.0,2.0,2.0,480.0,3.0,2.0,0,0,156,0,0,0,MnPrv,0,5,2009,WD ,Normal,163000,0,1,1,1,1,4,0,0,0,0,0,0,0,0,0,0,0
120,RL,36.0,3640,NoAlley,2.0,Lvl,CulDSac,2.0,Greens,Norm,Twnhs,1Story,8,5,1980,1980,Gable,Wd Sdng,Wd Sdng,None,0.0,3.0,2.0,CBlock,4.0,3.0,4.0,6.0,860.0,1.0,0.0,176.0,1036.0,2.0,Y,4.0,1036,0,0,1036,1.0,0.0,1,0,1,1,3.0,4,Typ,1,3.0,Detchd,1980.0,3.0,2.0,484.0,3.0,2.0,133,108,0,0,0,0,NoFence,0,9,2006,WD ,Normal,188000,0,1,1,0,1,3,0,0,0,0,0,0,0,0,0,0,0
60,RL,80.0,10041,NoAlley,2.0,Lvl,Inside,2.0,SawyerW,Norm,1Fam,2Story,8,5,1992,1992,Gable,HdBoard,HdBoard,None,0.0,3.0,2.0,PConc,4.0,3.0,2.0,6.0,789.0,1.0,0.0,119.0,908.0,4.0,Y,4.0,927,988,0,1915,1.0,0.0,2,1,3,1,3.0,8,Typ,1,3.0,Attchd,1992.0,3.0,2.0,506.0,3.0,2.0,120,150,0,0,0,0,NoFence,0,2,2006,WD ,Abnorml,220000,0,1,1,0,1,3,0,0,0,0,0,0,0,0,0,0,0
50,RL,70.0,6960,NoAlley,3.0,Lvl,Inside,2.0,Sawyer,Norm,1Fam,1.5Fin,7,8,1940,1998,Gable,Wd Sdng,Wd Sdng,None,0.0,2.0,2.0,BrkTil,3.0,3.0,1.0,5.0,258.0,1.0,0.0,422.0,680.0,4.0,Y,3.0,798,504,0,1302,0.0,0.0,1,1,2,1,3.0,6,Typ,2,4.0,Attchd,1940.0,1.0,1.0,224.0,3.0,2.0,0,0,0,0,126,0,MnPrv,0,7,2007,WD ,Normal,165250,0,1,1,1,1,4,0,0,0,0,0,0,0,0,0,0,0
60,RL,75.0,9675,NoAlley,3.0,Lvl,Inside,2.0,Somerst,Norm,1Fam,2Story,7,5,2005,2005,Gable,VinylSd,VinylSd,None,0.0,3.0,2.0,PConc,4.0,3.0,2.0,6.0,341.0,1.0,0.0,772.0,1113.0,4.0,Y,4.0,1113,858,0,1971,0.0,0.0,2,1,3,1,3.0,8,Typ,1,4.0,Attchd,2005.0,2.0,2.0,689.0,3.0,2.0,0,48,0,0,0,0,NoFence,0,2,2009,WD ,Normal,253000,0,1,1,0,1,3,0,0,0,0,0,0,0,0,0,0,0
50,RL,73.0,12099,NoAlley,2.0,Lvl,Inside,2.0,NAmes,Norm,1Fam,1.5Fin,5,6,1953,2004,Gable,MetalSd,MetalSd,None,0.0,2.0,2.0,CBlock,3.0,2.0,1.0,2.0,198.0,1.0,0.0,1018.0,1216.0,4.0,Y,4.0,1216,0,512,1728,1.0,0.0,1,0,3,1,2.0,7,Typ,1,4.0,Attchd,1953.0,1.0,1.0,371.0,3.0,2.0,200,0,0,0,0,0,GdWo,0,6,2007,WD ,Normal,156000,0,1,1,1,1,4,0,0,0,0,0,0,0,0,0,0,0
20,RL,43.0,12712,NoAlley,2.0,Lvl,CulDSac,2.0,Sawyer,RRAe,1Fam,1Story,6,7,1973,2006,Gable,CemntBd,CmentBd,None,0.0,2.0,2.0,CBlock,4.0,3.0,2.0,5.0,968.0,1.0,0.0,76.0,1044.0,2.0,Y,4.0,1055,0,0,1055,1.0,0.0,1,0,2,1,3.0,5,Typ,1,3.0,Attchd,1973.0,2.0,2.0,542.0,3.0,2.0,455,0,0,0,0,0,NoFence,0,1,2007,WD ,Abnorml,147000,0,1,1,0,1,3,0,0,0,0,0,0,0,0,0,0,0
190,RL,70.0,13587,NoAlley,3.0,Lvl,Inside,2.0,NAmes,Norm,2fmCon,1Story,5,5,1958,1958,Gable,MetalSd,MetalSd,None,0.0,2.0,2.0,CBlock,3.0,3.0,3.0,3.0,532.0,1.0,0.0,456.0,988.0,2.0,Y,4.0,988,0,0,988,1.0,0.0,1,0,2,1,2.0,5,Typ,0,0.0,Attchd,1958.0,1.0,1.0,264.0,3.0,2.0,0,0,0,0,0,0,NoFence,0,4,2010,WD ,Abnorml,119000,0,0,1,0,1,2,0,0,0,0,0,0,0,0,0,0,0
80,RL,64.0,9125,NoAlley,2.0,Lvl,Inside,2.0,Gilbert,Norm,1Fam,SLvl,7,5,1992,1992,Gable,HdBoard,HdBoard,BrkFace,170.0,2.0,2.0,PConc,4.0,3.0,1.0,1.0,0.0,1.0,0.0,384.0,384.0,3.0,Y,4.0,812,670,0,1482,0.0,0.0,2,1,3,1,3.0,7,Typ,1,3.0,Attchd,1992.0,3.0,2.0,392.0,3.0,2.0,100,25,0,0,0,0,NoFence,0,7,2007,WD ,Normal,163900,0,1,1,0,1,3,0,0,0,0,0,0,0,0,0,0,0
60,RL,77.0,9965,NoAlley,3.0,Lvl,Inside,2.0,CollgCr,Norm,1Fam,2Story,7,5,2007,2007,Gable,VinylSd,VinylSd,Stone,220.0,3.0,2.0,PConc,5.0,3.0,3.0,6.0,984.0,1.0,0.0,280.0,1264.0,4.0,Y,4.0,1282,1414,0,2696,1.0,0.0,2,1,4,1,4.0,10,Typ,1,4.0,BuiltIn,2007.0,3.0,3.0,792.0,3.0,2.0,120,184,0,0,168,0,NoFence,0,10,2007,New,Partial,383970,0,1,1,0,1,3,0,0,0,0,0,0,0,0,0,0,0
20,RL,70.0,9200,NoAlley,2.0,Lvl,CulDSac,2.0,CollgCr,Norm,1Fam,1Story,5,6,1975,1980,Hip,VinylSd,VinylSd,None,0.0,2.0,2.0,CBlock,4.0,3.0,3.0,2.0,280.0,4.0,491.0,167.0,938.0,2.0,Y,4.0,938,0,0,938,1.0,0.0,1,0,3,1,2.0,5,Typ,0,0.0,Detchd,1977.0,1.0,1.0,308.0,3.0,2.0,145,0,0,0,0,0,MnPrv,0,7,2008,WD ,Normal,130250,0,0,1,1,1,3,0,0,0,0,0,0,0,0,0,0,0
20,RL,75.0,10170,NoAlley,3.0,Lvl,Corner,2.0,NAmes,Norm,1Fam,1Story,6,6,1951,1951,Hip,Wd Sdng,Wd Sdng,BrkFace,522.0,2.0,2.0,CBlock,3.0,3.0,1.0,1.0,0.0,1.0,0.0,216.0,216.0,2.0,Y,4.0,1575,0,0,1575,0.0,0.0,1,1,2,1,3.0,5,Typ,1,4.0,Attchd,1951.0,1.0,2.0,400.0,3.0,2.0,0,0,0,0,0,0,NoFence,0,6,2006,WD ,Normal,155000,0,1,1,0,1,3,0,0,0,0,0,0,0,0,0,0,0
50,RL,81.0,8170,NoAlley,2.0,Lvl,Inside,2.0,Crawfor,Norm,1Fam,1.5Fin,7,7,1929,1950,Gable,Stucco,Wd Sdng,BrkFace,270.0,3.0,3.0,BrkTil,3.0,3.0,1.0,5.0,526.0,1.0,0.0,496.0,1022.0,4.0,Y,3.0,1122,549,0,1671,0.0,0.0,2,0,4,1,2.0,7,Typ,1,4.0,Detchd,1963.0,1.0,2.0,451.0,3.0,2.0,0,0,0,0,0,0,NoFence,0,2,2006,WD ,Normal,218000,0,1,1,0,1,3,0,0,0,0,0,0,0,0,0,0,0
60,RL,76.0,7570,NoAlley,3.0,Lvl,Corner,2.0,NAmes,Norm,1Fam,2Story,6,5,1964,1964,Gable,HdBoard,HdBoard,BrkFace,420.0,2.0,2.0,CBlock,3.0,3.0,1.0,1.0,0.0,1.0,0.0,780.0,780.0,2.0,Y,4.0,993,813,0,1806,0.0,0.0,1,1,4,1,2.0,8,Typ,0,0.0,Attchd,1964.0,1.0,2.0,483.0,3.0,2.0,0,55,0,0,0,0,NoFence,0,3,2009,WD ,Normal,144750,0,0,1,0,1,2,0,0,0,0,0,0,0,0,0,0,0
80,RL,80.0,9200,NoAlley,3.0,Lvl,Inside,2.0,NAmes,Norm,1Fam,SLvl,6,5,1965,1965,Gable,HdBoard,HdBoard,BrkFace,98.0,2.0,2.0,CBlock,3.0,3.0,4.0,6.0,494.0,1.0,0.0,548.0,1042.0,2.0,Y,4.0,1042,0,0,1042,0.0,0.0,2,0,3,1,2.0,5,Typ,0,0.0,Attchd,1965.0,2.0,2.0,440.0,3.0,2.0,192,0,0,0,0,0,GdPrv,0,5,2007,WD ,Normal,161000,0,0,1,1,1,3,0,0,0,0,0,0,0,0,0,0,0
50,RM,40.0,4400,NoAlley,3.0,Lvl,Inside,2.0,OldTown,Norm,1Fam,1.5Fin,6,8,1920,1950,Gable,Stucco,Stucco,None,0.0,2.0,2.0,BrkTil,2.0,3.0,1.0,1.0,0.0,1.0,0.0,648.0,648.0,2.0,Y,3.0,734,384,0,1118,0.0,0.0,1,0,2,1,2.0,6,Typ,0,0.0,Detchd,1990.0,1.0,2.0,440.0,3.0,2.0,0,0,0,0,0,0,NoFence,0,10,2006,WD ,Normal,116000,0,0,1,0,1,2,0,0,0,0,0,0,0,0,0,0,0
50,RM,50.0,6000,NoAlley,3.0,Lvl,Inside,2.0,BrkSide,Norm,1Fam,1.5Fin,6,7,1939,1950,Gable,MetalSd,MetalSd,None,0.0,2.0,2.0,BrkTil,3.0,4.0,1.0,4.0,452.0,2.0,12.0,144.0,608.0,2.0,Y,4.0,608,524,0,1132,1.0,0.0,1,0,2,1,2.0,5,Typ,0,0.0,Detchd,1939.0,1.0,1.0,240.0,3.0,2.0,0,0,128,0,0,0,MnPrv,0,4,2010,WD ,Abnorml,134000,0,0,1,1,1,3,0,0,0,0,0,0,0,0,0,0,0
85,RL,73.0,12122,NoAlley,2.0,Lvl,Corner,2.0,NAmes,Norm,1Fam,SFoyer,7,9,1961,2007,Gable,CemntBd,CmentBd,Stone,210.0,4.0,2.0,CBlock,3.0,3.0,3.0,5.0,867.0,1.0,0.0,77.0,944.0,3.0,Y,4.0,999,0,0,999,1.0,0.0,1,0,3,1,4.0,6,Typ,0,0.0,Attchd,1961.0,2.0,2.0,588.0,3.0,2.0,144,76,0,0,0,0,NoFence,0,7,2008,WD ,Normal,178400,0,0,1,0,1,2,0,0,0,0,0,0,0,0,0,0,0
20,RL,66.0,12400,NoAlley,2.0,Lvl,Inside,2.0,NAmes,Feedr,1Fam,1Story,6,7,1958,1998,Hip,Wd Sdng,Wd Sdng,BrkFace,176.0,2.0,2.0,CBlock,3.0,2.0,1.0,3.0,585.0,1.0,0.0,630.0,1215.0,2.0,Y,3.0,1215,0,0,1215,0.0,0.0,1,0,3,1,2.0,6,Typ,0,0.0,Attchd,1958.0,1.0,1.0,297.0,3.0,2.0,0,0,0,0,234,0,NoFence,0,6,2009,WD ,Normal,155000,0,0,1,0,1,2,0,0,0,0,0,0,0,0,0,0,0
60,RL,42.0,13751,NoAlley,2.0,HLS,CulDSac,2.0,Gilbert,Norm,1Fam,2Story,7,5,2005,2006,Gable,VinylSd,VinylSd,BrkFace,248.0,3.0,2.0,PConc,4.0,3.0,3.0,6.0,60.0,1.0,0.0,1640.0,1700.0,4.0,Y,4.0,1700,512,0,2212,1.0,0.0,2,1,3,1,3.0,9,Typ,1,4.0,Attchd,2006.0,3.0,3.0,773.0,3.0,2.0,237,38,0,0,115,0,NoFence,0,5,2006,New,Partial,309000,0,1,1,0,1,3,0,0,0,0,0,0,0,0,0,0,0
50,RM,60.0,10320,Grvl,3.0,Lvl,Inside,2.0,IDOTRR,Norm,1Fam,1.5Fin,6,5,1915,1950,Gable,MetalSd,MetalSd,None,0.0,2.0,2.0,CBlock,3.0,2.0,1.0,2.0,375.0,1.0,0.0,763.0,1138.0,3.0,Y,4.0,1138,1042,0,2180,0.0,0.0,1,1,3,1,2.0,7,Typ,1,4.0,Detchd,2006.0,1.0,2.0,720.0,3.0,0.0,0,0,170,0,0,0,NoFence,0,5,2007,WD ,Normal,161000,0,1,1,0,1,3,0,0,0,0,0,0,0,0,0,0,0
190,RM,76.0,7630,NoAlley,3.0,Lvl,Inside,2.0,OldTown,Feedr,2fmCon,2Story,5,9,1900,1996,Gable,Wd Sdng,Wd Sdng,None,0.0,2.0,3.0,BrkTil,4.0,3.0,1.0,1.0,0.0,1.0,0.0,360.0,360.0,3.0,Y,4.0,1032,780,0,1812,0.0,0.0,2,0,4,2,3.0,8,Typ,1,1.0,Detchd,1999.0,1.0,2.0,672.0,3.0,0.0,344,0,40,0,0,0,MnPrv,0,5,2010,WD ,Normal,140000,0,1,1,1,1,4,0,0,0,0,0,0,0,0,0,0,0
20,RL,73.0,8688,NoAlley,3.0,Lvl,Inside,2.0,Somerst,Norm,1Fam,1Story,7,5,2005,2005,Gable,VinylSd,VinylSd,BrkFace,228.0,3.0,2.0,PConc,4.0,3.0,3.0,1.0,0.0,1.0,0.0,1616.0,1616.0,4.0,Y,4.0,1616,0,0,1616,0.0,0.0,2,0,3,1,3.0,7,Typ,0,0.0,Attchd,2005.0,2.0,3.0,834.0,3.0,2.0,208,59,0,0,0,0,NoFence,0,4,2006,WD ,Normal,232000,0,0,1,0,1,2,0,0,0,0,0,0,0,0,0,0,0
80,RL,72.0,12328,NoAlley,2.0,Lvl,Inside,2.0,Mitchel,Norm,1Fam,SLvl,6,5,1976,1976,Gable,HdBoard,HdBoard,BrkFace,335.0,2.0,2.0,CBlock,3.0,3.0,3.0,6.0,539.0,1.0,0.0,473.0,1012.0,2.0,Y,4.0,1034,0,0,1034,1.0,0.0,1,0,3,1,2.0,6,Typ,0,0.0,Attchd,1976.0,1.0,3.0,888.0,3.0,2.0,0,0,0,0,0,0,NoFence,0,5,2010,WD ,Normal,169900,0,0,1,0,1,2,0,0,0,0,0,0,0,0,0,0,0
90,RL,64.0,7018,NoAlley,3.0,Bnk,Inside,2.0,SawyerW,Norm,Duplex,1Story,5,5,1979,1979,Gable,Plywood,Plywood,None,0.0,2.0,2.0,Slab,0.0,0.0,0.0,0.0,0.0,0.0,0.0,0.0,0.0,2.0,Y,4.0,1535,0,0,1535,0.0,0.0,2,0,4,2,2.0,8,Typ,0,0.0,Attchd,1979.0,1.0,2.0,400.0,3.0,2.0,0,0,0,0,0,0,NoFence,0,6,2009,WD ,Alloca,118858,0,0,1,0,1,2,0,0,0,0,0,0,0,0,0,0,0
20,RL,108.0,13173,NoAlley,2.0,Lvl,Corner,2.0,NridgHt,Norm,1Fam,1Story,9,5,2006,2007,Hip,VinylSd,VinylSd,Stone,300.0,3.0,2.0,PConc,5.0,3.0,1.0,6.0,1572.0,1.0,0.0,80.0,1652.0,4.0,Y,4.0,1652,0,0,1652,1.0,0.0,2,0,2,1,4.0,6,Typ,2,5.0,Attchd,2006.0,3.0,2.0,840.0,3.0,2.0,404,102,0,0,0,0,NoFence,0,11,2009,WD ,Normal,325000,0,1,1,0,1,3,0,0,0,0,0,0,0,0,0,0,0
85,RL,80.0,8800,NoAlley,3.0,Lvl,Inside,2.0,NAmes,Feedr,1Fam,SFoyer,6,7,1963,1963,Gable,MetalSd,MetalSd,BrkFace,156.0,2.0,3.0,PConc,3.0,3.0,4.0,6.0,763.0,1.0,0.0,173.0,936.0,4.0,Y,4.0,1054,0,0,1054,1.0,0.0,1,0,3,1,3.0,6,Typ,0,0.0,Attchd,1963.0,2.0,2.0,480.0,3.0,2.0,120,0,0,0,0,0,MnPrv,0,5,2010,WD ,Abnorml,137500,0,0,1,1,1,3,0,0,0,0,0,0,0,0,0,0,0
190,RH,60.0,6048,NoAlley,3.0,Lvl,Corner,2.0,SWISU,Artery,2fmCon,1.5Fin,5,7,1910,1950,Gable,Wd Sdng,Wd Sdng,None,0.0,2.0,3.0,BrkTil,3.0,3.0,2.0,2.0,736.0,1.0,0.0,120.0,856.0,3.0,Y,4.0,936,744,0,1680,1.0,0.0,2,0,2,2,2.0,7,Typ,1,4.0,Detchd,1910.0,1.0,2.0,450.0,3.0,1.0,56,144,0,0,0,0,NoFence,0,6,2010,COD,Normal,114900,0,1,1,0,1,3,0,0,0,0,0,0,0,0,0,0,0
60,RL,64.0,8633,NoAlley,3.0,Lvl,FR2,2.0,CollgCr,Norm,1Fam,2Story,6,5,2005,2005,Gable,VinylSd,VinylSd,None,0.0,3.0,2.0,PConc,4.0,3.0,1.0,6.0,193.0,1.0,0.0,545.0,738.0,4.0,Y,4.0,738,738,0,1476,1.0,0.0,2,1,3,1,3.0,7,Typ,0,0.0,Attchd,2005.0,3.0,2.0,540.0,3.0,2.0,100,35,0,0,0,0,NoFence,0,2,2009,WD ,Normal,173500,0,0,1,0,1,2,0,0,0,0,0,0,0,0,0,0,0
120,RL,43.0,3010,NoAlley,3.0,Lvl,Inside,2.0,Blmngtn,Norm,TwnhsE,1Story,7,5,2005,2006,Gable,VinylSd,VinylSd,BrkFace,16.0,3.0,2.0,PConc,4.0,3.0,3.0,6.0,16.0,1.0,0.0,1232.0,1248.0,4.0,Y,4.0,1248,0,0,1248,0.0,0.0,2,0,2,1,3.0,5,Typ,0,0.0,Attchd,2005.0,3.0,2.0,438.0,3.0,2.0,108,0,0,0,0,0,NoFence,0,3,2006,New,Partial,167240,0,0,1,0,1,2,0,0,0,0,0,0,0,0,0,0,0
70,RL,54.0,7609,NoAlley,3.0,Lvl,Corner,2.0,Crawfor,Norm,1Fam,2Story,8,9,1925,1997,Gable,Stucco,Stucco,None,0.0,3.0,3.0,PConc,2.0,3.0,1.0,5.0,406.0,1.0,0.0,392.0,798.0,4.0,Y,4.0,798,714,0,1512,1.0,0.0,2,0,3,1,3.0,7,Typ,1,4.0,Detchd,1925.0,1.0,1.0,180.0,3.0,1.0,85,16,41,0,0,0,GdPrv,0,6,2008,WD ,Normal,231000,0,1,1,1,1,4,0,0,0,0,0,0,0,0,0,0,0
85,RL,74.0,16647,NoAlley,2.0,Lvl,CulDSac,2.0,Sawyer,RRAe,1Fam,SFoyer,5,5,1975,1981,Gable,HdBoard,HdBoard,None,0.0,2.0,2.0,CBlock,4.0,3.0,4.0,5.0,1390.0,1.0,0.0,0.0,1390.0,2.0,Y,4.0,1701,0,0,1701,1.0,0.0,2,0,3,1,2.0,6,Min2,2,3.0,Basment,1975.0,3.0,2.0,611.0,3.0,2.0,0,0,0,0,0,0,NoFence,0,1,2007,WD ,Normal,171000,0,1,1,0,1,3,0,0,0,0,0,0,0,0,0,0,0
20,RL,75.0,10084,NoAlley,3.0,Lvl,Inside,2.0,Somerst,Norm,1Fam,1Story,8,5,2004,2005,Gable,VinylSd,VinylSd,Stone,186.0,3.0,2.0,PConc,5.0,3.0,3.0,6.0,1369.0,1.0,0.0,317.0,1686.0,4.0,Y,4.0,1694,0,0,1694,1.0,0.0,2,0,3,1,3.0,7,Typ,1,4.0,Attchd,2004.0,2.0,2.0,636.0,3.0,2.0,255,57,0,0,0,0,NoFence,0,8,2007,WD ,Normal,307000,0,1,1,0,1,3,0,0,0,0,0,0,0,0,0,0,0
20,FV,84.0,10440,NoAlley,3.0,Lvl,Corner,2.0,Somerst,Norm,1Fam,1Story,8,5,2007,2007,Gable,CemntBd,CmentBd,None,0.0,4.0,2.0,PConc,4.0,3.0,2.0,1.0,0.0,1.0,0.0,1574.0,1574.0,4.0,Y,4.0,1584,0,0,1584,0.0,0.0,2,0,2,1,4.0,6,Typ,1,4.0,Attchd,2007.0,3.0,2.0,594.0,3.0,2.0,0,256,0,0,0,0,NoFence,0,5,2007,New,Partial,261329,0,1,1,0,1,3,0,0,0,0,0,0,0,0,0,0,0
20,RL,60.0,16012,NoAlley,2.0,Lvl,Inside,2.0,Edwards,Norm,1Fam,1Story,4,4,1954,1968,Hip,Wd Sdng,Wd Sdng,BrkFace,60.0,2.0,2.0,CBlock,3.0,3.0,1.0,3.0,691.0,1.0,0.0,263.0,954.0,4.0,Y,4.0,1482,0,0,1482,0.0,1.0,2,0,3,1,2.0,6,Min1,1,4.0,2Types,1956.0,1.0,2.0,609.0,3.0,2.0,0,30,0,0,0,0,MnPrv,0,10,2006,WD ,Abnorml,125000,0,1,1,1,1,4,0,0,0,0,0,0,0,0,0,0,0
20,RL,100.0,10175,NoAlley,2.0,Lvl,Inside,2.0,NAmes,Norm,1Fam,1Story,6,5,1964,1964,Gable,HdBoard,Plywood,BrkFace,272.0,2.0,2.0,CBlock,3.0,3.0,1.0,4.0,490.0,1.0,0.0,935.0,1425.0,3.0,Y,4.0,1425,0,0,1425,0.0,0.0,2,0,3,1,2.0,7,Typ,1,4.0,Attchd,1964.0,2.0,2.0,576.0,3.0,2.0,0,0,0,407,0,0,NoFence,0,7,2008,WD ,Normal,180500,0,1,1,0,1,3,0,0,0,0,0,0,0,0,0,0,0
80,RL,76.0,9967,NoAlley,2.0,Lvl,Inside,2.0,Gilbert,Norm,1Fam,SLvl,7,5,2000,2000,Gable,VinylSd,VinylSd,None,0.0,2.0,2.0,PConc,4.0,3.0,1.0,1.0,0.0,1.0,0.0,384.0,384.0,4.0,Y,4.0,774,656,0,1430,0.0,0.0,2,1,3,1,2.0,8,Typ,1,3.0,BuiltIn,2000.0,2.0,2.0,400.0,3.0,2.0,100,0,0,0,0,0,NoFence,0,12,2007,WD ,Normal,170000,0,1,1,0,1,3,0,0,0,0,0,0,0,0,0,0,0
20,RL,85.0,8500,NoAlley,3.0,Lvl,Inside,2.0,NAmes,Norm,1Fam,1Story,5,3,1961,1961,Hip,HdBoard,HdBoard,BrkCmn,203.0,2.0,2.0,CBlock,3.0,3.0,1.0,3.0,600.0,1.0,0.0,635.0,1235.0,2.0,Y,4.0,1235,0,0,1235,0.0,0.0,1,0,2,1,2.0,6,Typ,0,0.0,Attchd,1961.0,1.0,2.0,480.0,3.0,2.0,0,0,0,0,0,0,GdWo,0,12,2006,WD ,Abnorml,98600,0,0,1,1,1,3,0,0,0,0,0,0,0,0,0,0,0
20,RL,90.0,10768,NoAlley,2.0,Lvl,Corner,2.0,Veenker,Norm,1Fam,1Story,5,8,1976,2004,Gable,Plywood,Plywood,None,0.0,3.0,3.0,CBlock,4.0,3.0,4.0,5.0,1157.0,1.0,0.0,280.0,1437.0,2.0,Y,4.0,1437,0,0,1437,1.0,0.0,2,0,3,1,3.0,6,Typ,1,2.0,Attchd,1976.0,2.0,2.0,528.0,3.0,2.0,0,21,0,0,180,0,NoFence,0,7,2007,WD ,Normal,218000,0,1,1,0,1,3,0,0,0,0,0,0,0,0,0,0,0
50,RL,60.0,10998,Grvl,3.0,Lvl,Inside,2.0,Edwards,Norm,1Fam,1.5Fin,5,5,1941,1960,Gable,Wd Sdng,Wd Sdng,None,0.0,2.0,2.0,CBlock,3.0,3.0,1.0,2.0,408.0,4.0,420.0,156.0,984.0,4.0,Y,4.0,984,620,0,1604,0.0,0.0,2,0,3,1,2.0,6,Min2,0,0.0,Detchd,1977.0,1.0,2.0,660.0,3.0,2.0,0,68,0,0,0,0,NoFence,0,7,2009,WD ,Normal,117000,0,0,1,0,1,2,0,0,0,0,0,0,0,0,0,0,0
20,RL,65.0,7150,NoAlley,3.0,Lvl,Inside,2.0,NAmes,Norm,1Fam,1Story,5,6,1966,1966,Hip,HdBoard,HdBoard,BrkFace,52.0,2.0,2.0,CBlock,3.0,3.0,1.0,4.0,725.0,1.0,0.0,263.0,988.0,2.0,Y,4.0,988,0,0,988,1.0,0.0,1,0,3,1,2.0,5,Typ,0,0.0,Detchd,1974.0,1.0,1.0,360.0,3.0,2.0,0,0,0,0,0,0,NoFence,0,11,2007,WD ,Normal,129250,0,0,1,0,1,2,0,0,0,0,0,0,0,0,0,0,0
20,RL,131.0,14828,NoAlley,2.0,Lvl,Corner,2.0,NridgHt,Norm,1Fam,1Story,9,5,2004,2005,Hip,MetalSd,MetalSd,BrkFace,674.0,4.0,2.0,PConc,5.0,3.0,4.0,6.0,1383.0,1.0,0.0,397.0,1780.0,4.0,Y,4.0,1780,0,0,1780,1.0,0.0,2,0,2,1,4.0,7,Typ,1,4.0,Attchd,2004.0,3.0,3.0,816.0,3.0,2.0,144,68,0,0,0,0,NoFence,0,8,2006,WD ,Normal,378000,0,1,1,0,1,3,0,0,0,0,0,0,0,0,0,0,0
90,RL,91.0,11643,NoAlley,3.0,Lvl,Inside,2.0,NAmes,Artery,Duplex,2Story,5,5,1969,1969,Gable,MetalSd,MetalSd,BrkFace,368.0,2.0,2.0,CBlock,3.0,3.0,1.0,2.0,500.0,1.0,0.0,748.0,1248.0,2.0,Y,4.0,1338,1296,0,2634,1.0,1.0,2,2,6,2,2.0,12,Typ,0,0.0,Detchd,1969.0,1.0,4.0,968.0,3.0,2.0,0,0,0,0,0,0,NoFence,0,8,2009,WD ,Normal,200000,0,0,1,0,1,2,0,0,0,0,0,0,0,0,0,0,0
20,RH,80.0,11622,NoAlley,3.0,Lvl,Inside,2.0,NAmes,Feedr,1Fam,1Story,5,6,1961,1961,Gable,VinylSd,VinylSd,None,0.0,2.0,2.0,CBlock,3.0,3.0,1.0,3.0,468.0,2.0,144.0,270.0,882.0,2.0,Y,4.0,896,0,0,896,0.0,0.0,1,0,2,1,2.0,5,Typ,0,0.0,Attchd,1961.0,1.0,1.0,730.0,3.0,2.0,140,0,0,0,120,0,MnPrv,0,6,2010,WD ,Normal,105000,0,0,1,1,1,3,0,0,0,0,0,0,0,0,0,0,0
160,RM,21.0,1504,NoAlley,3.0,Lvl,Inside,2.0,MeadowV,Norm,Twnhs,2Story,4,4,1972,1972,Gable,CemntBd,CmentBd,None,0.0,2.0,2.0,CBlock,3.0,3.0,1.0,4.0,252.0,1.0,0.0,294.0,546.0,2.0,Y,4.0,546,546,0,1092,0.0,0.0,1,1,3,1,2.0,5,Typ,0,0.0,Attchd,1972.0,1.0,1.0,253.0,3.0,2.0,0,0,0,0,0,0,NoFence,0,5,2007,WD ,Normal,85500,0,0,1,0,1,2,0,0,0,0,0,0,0,0,0,0,0
50,RM,50.0,6000,NoAlley,3.0,Lvl,Inside,2.0,BrkSide,Norm,1Fam,1.5Fin,6,9,1937,2000,Gable,MetalSd,MetalSd,None,0.0,3.0,2.0,BrkTil,3.0,3.0,1.0,1.0,0.0,1.0,0.0,698.0,698.0,2.0,Y,4.0,786,390,0,1176,0.0,0.0,1,0,2,1,2.0,4,Typ,0,0.0,Detchd,1999.0,1.0,2.0,624.0,3.0,0.0,210,0,0,0,0,0,NoFence,0,7,2009,WD ,Normal,134900,0,0,1,0,1,2,0,0,0,0,0,0,0,0,0,0,0
60,RL,62.0,8857,NoAlley,2.0,Lvl,Inside,2.0,Gilbert,Norm,1Fam,2Story,6,5,2006,2006,Gable,VinylSd,VinylSd,None,0.0,3.0,2.0,PConc,4.0,3.0,1.0,1.0,0.0,1.0,0.0,738.0,738.0,4.0,Y,4.0,738,757,0,1495,0.0,0.0,2,1,3,1,3.0,7,Typ,1,4.0,Attchd,2006.0,2.0,2.0,440.0,3.0,2.0,100,30,0,0,0,0,NoFence,0,3,2007,New,Partial,171925,0,1,1,0,1,3,0,0,0,0,0,0,0,0,0,0,0
70,RM,60.0,5100,Grvl,3.0,Lvl,Inside,2.0,OldTown,Norm,1Fam,2Story,8,7,1925,1996,Hip,Stucco,Wd Shng,None,0.0,2.0,3.0,PConc,3.0,3.0,1.0,1.0,0.0,1.0,0.0,588.0,588.0,1.0,Y,4.0,833,833,0,1666,0.0,0.0,1,0,3,1,3.0,7,Typ,1,4.0,Detchd,1925.0,1.0,1.0,228.0,3.0,2.0,192,63,0,0,0,0,MnPrv,0,6,2008,WD ,Normal,161000,0,1,1,1,1,4,0,0,0,0,0,0,0,0,0,0,0
20,RL,67.0,8877,NoAlley,3.0,Lvl,Inside,2.0,Edwards,Norm,1Fam,1Story,4,5,1951,1951,Gable,Wd Sdng,Wd Sdng,None,0.0,2.0,2.0,CBlock,2.0,2.0,1.0,2.0,836.0,1.0,0.0,0.0,836.0,2.0,Y,1.0,1220,0,0,1220,0.0,0.0,1,0,2,1,2.0,6,Typ,0,0.0,Detchd,1951.0,1.0,2.0,396.0,3.0,2.0,0,0,0,0,0,0,NoFence,0,4,2006,COD,Normal,102000,0,0,1,0,1,2,0,0,0,0,0,0,0,0,0,0,0
90,RL,73.0,8544,NoAlley,3.0,Lvl,Inside,2.0,NAmes,Norm,Duplex,1Story,3,4,1949,1950,Gable,Stucco,Stucco,BrkFace,340.0,2.0,2.0,Slab,0.0,0.0,0.0,0.0,0.0,0.0,0.0,0.0,0.0,1.0,N,3.0,1040,0,0,1040,0.0,0.0,2,0,2,2,2.0,6,Typ,0,0.0,Detchd,1949.0,1.0,2.0,400.0,3.0,2.0,0,0,0,0,0,0,NoFence,0,5,2006,WD ,Normal,87500,0,0,0,0,1,1,0,0,0,0,0,0,0,0,0,0,0
20,RL,95.0,15865,NoAlley,2.0,Lvl,Inside,1.0,NAmes,Norm,1Fam,1Story,8,6,1970,1970,Flat,Wd Sdng,Wd Sdng,None,0.0,3.0,3.0,PConc,3.0,4.0,4.0,5.0,351.0,3.0,823.0,1043.0,2217.0,4.0,Y,4.0,2217,0,0,2217,1.0,0.0,2,0,4,1,3.0,8,Typ,1,3.0,Attchd,1970.0,1.0,2.0,621.0,3.0,2.0,81,207,0,0,224,0,NoFence,0,10,2007,WD ,Normal,268000,0,1,1,0,1,3,0,0,0,0,0,0,0,0,0,0,0
50,RL,60.0,8064,NoAlley,3.0,Lvl,Corner,2.0,NAmes,Artery,1Fam,1.5Fin,5,7,1949,2006,Gable,MetalSd,MetalSd,None,0.0,2.0,3.0,CBlock,3.0,3.0,2.0,1.0,0.0,1.0,0.0,672.0,672.0,4.0,Y,4.0,672,252,0,924,0.0,0.0,1,0,3,1,2.0,6,Typ,1,1.0,Detchd,2003.0,1.0,2.0,576.0,3.0,2.0,0,0,0,0,0,0,MnPrv,2000,7,2007,WD ,Normal,122900,0,1,1,1,1,4,0,0,0,0,0,0,0,0,0,0,0
60,RL,90.0,10800,NoAlley,3.0,Lvl,Inside,2.0,NWAmes,Norm,1Fam,2Story,6,7,1974,1997,Gable,HdBoard,HdBoard,None,0.0,2.0,2.0,CBlock,3.0,3.0,1.0,5.0,956.0,3.0,182.0,384.0,1522.0,2.0,Y,4.0,1548,1066,0,2614,0.0,0.0,2,1,4,1,2.0,9,Typ,1,3.0,Attchd,1974.0,2.0,2.0,624.0,3.0,2.0,38,243,0,0,0,0,NoFence,0,6,2008,WD ,Normal,240000,0,1,1,0,1,3,0,0,0,0,0,0,0,0,0,0,0
60,RL,90.0,11060,NoAlley,2.0,Lvl,Corner,2.0,Edwards,Norm,1Fam,2Story,7,5,2003,2005,Gable,VinylSd,VinylSd,None,0.0,3.0,2.0,PConc,5.0,3.0,1.0,1.0,0.0,1.0,0.0,1150.0,1150.0,4.0,Y,4.0,1164,1150,0,2314,0.0,0.0,2,1,3,1,3.0,9,Typ,1,5.0,BuiltIn,2003.0,3.0,2.0,502.0,3.0,2.0,0,274,0,0,0,0,NoFence,0,2,2006,ConLD,Normal,229000,0,1,1,0,1,3,0,0,0,0,0,0,0,0,0,0,0
120,RL,48.0,3242,NoAlley,3.0,Lvl,Inside,2.0,NridgHt,Norm,TwnhsE,1Story,7,5,2003,2003,Gable,VinylSd,Wd Shng,Stone,235.0,3.0,2.0,PConc,4.0,3.0,1.0,6.0,1000.0,1.0,0.0,405.0,1405.0,4.0,Y,4.0,1405,0,0,1405,1.0,0.0,2,0,2,1,3.0,6,Typ,1,4.0,Attchd,2003.0,2.0,2.0,478.0,3.0,2.0,136,36,0,0,0,0,NoFence,0,3,2007,WD ,Normal,200000,0,1,1,0,1,3,0,0,0,0,0,0,0,0,0,0,0
20,RL,75.0,11750,NoAlley,2.0,Lvl,Inside,2.0,CollgCr,Norm,1Fam,1Story,7,5,2005,2006,Gable,VinylSd,VinylSd,BrkFace,204.0,3.0,2.0,PConc,4.0,3.0,2.0,6.0,20.0,1.0,0.0,1526.0,1546.0,4.0,Y,4.0,1546,0,0,1546,0.0,0.0,2,0,3,1,3.0,7,Typ,0,0.0,Attchd,2005.0,2.0,3.0,796.0,3.0,2.0,144,42,0,0,0,0,NoFence,0,6,2007,WD ,Normal,217000,0,0,1,0,1,2,0,0,0,0,0,0,0,0,0,0,0
50,RM,60.0,3950,Grvl,3.0,Bnk,Inside,2.0,OldTown,Artery,1Fam,1.5Fin,6,8,1926,2004,Gable,MetalSd,MetalSd,None,0.0,2.0,2.0,CBlock,3.0,3.0,1.0,3.0,468.0,1.0,0.0,350.0,818.0,2.0,Y,4.0,818,406,0,1224,0.0,0.0,1,0,3,1,2.0,5,Typ,0,0.0,Detchd,1926.0,1.0,1.0,210.0,3.0,0.0,0,0,116,0,0,0,NoFence,0,12,2009,WD ,Normal,115000,0,0,1,0,1,2,0,0,0,0,0,0,0,0,0,0,0
70,RM,65.0,11700,Pave,2.0,Lvl,Corner,2.0,OldTown,Norm,1Fam,2Story,7,7,1880,2003,Mansard,Stucco,Stucco,None,0.0,3.0,2.0,Stone,3.0,2.0,1.0,1.0,0.0,1.0,0.0,1240.0,1240.0,2.0,N,4.0,1320,1320,0,2640,0.0,0.0,1,1,4,1,3.0,8,Typ,1,4.0,Detchd,1950.0,1.0,4.0,864.0,3.0,0.0,181,0,386,0,0,0,NoFence,0,5,2009,WD ,Normal,265979,0,1,0,0,1,2,0,0,0,0,0,0,0,0,0,0,0
70,RM,60.0,10800,NoAlley,3.0,Lvl,Inside,2.0,OldTown,Norm,1Fam,2Story,7,7,1890,1999,Gable,Wd Sdng,Wd Shng,None,0.0,2.0,2.0,BrkTil,3.0,3.0,2.0,1.0,0.0,1.0,0.0,1313.0,1313.0,3.0,Y,4.0,1313,1182,0,2495,0.0,0.0,2,0,5,1,2.0,10,Typ,1,4.0,Detchd,1950.0,1.0,2.0,342.0,3.0,2.0,0,299,0,0,0,0,NoFence,0,12,2008,WD ,Normal,184000,0,1,1,0,1,3,0,0,0,0,0,0,0,0,0,0,0
60,RL,74.0,12961,NoAlley,3.0,Lvl,Inside,2.0,Mitchel,Norm,1Fam,2Story,6,5,1993,1994,Gable,VinylSd,VinylSd,None,0.0,3.0,3.0,PConc,4.0,3.0,2.0,6.0,944.0,1.0,0.0,208.0,1152.0,4.0,Y,4.0,1152,645,0,1797,1.0,0.0,2,1,3,1,3.0,7,Typ,1,2.0,Attchd,1993.0,3.0,2.0,616.0,3.0,2.0,162,312,0,0,0,0,NoFence,0,3,2010,WD ,Normal,231000,0,1,1,0,1,3,0,0,0,0,0,0,0,0,0,0,0
90,RL,60.0,8544,NoAlley,3.0,Lvl,Corner,2.0,NAmes,Norm,Duplex,1Story,3,4,1950,1950,Gable,BrkFace,BrkFace,None,0.0,2.0,2.0,Slab,0.0,0.0,0.0,0.0,0.0,0.0,0.0,0.0,0.0,1.0,N,3.0,1040,0,0,1040,0.0,0.0,2,0,2,2,2.0,6,Typ,0,0.0,Detchd,1987.0,1.0,2.0,400.0,3.0,2.0,0,0,0,0,0,0,NoFence,0,6,2009,WD ,Normal,92900,0,0,0,0,1,1,0,0,0,0,0,0,0,0,0,0,0
70,RL,66.0,8969,NoAlley,3.0,Bnk,Inside,2.0,Crawfor,Norm,1Fam,2Story,6,6,1926,1950,Gambrel,Wd Sdng,Wd Sdng,None,0.0,2.0,2.0,BrkTil,3.0,3.0,1.0,4.0,379.0,1.0,0.0,265.0,644.0,4.0,Y,4.0,672,644,0,1316,1.0,0.0,1,0,2,1,2.0,6,Typ,1,4.0,Detchd,2001.0,1.0,1.0,369.0,3.0,1.0,0,0,0,0,192,0,MnPrv,0,7,2008,WD ,Normal,145000,0,1,1,1,1,4,0,0,0,0,0,0,0,0,0,0,0
190,RL,85.0,164660,NoAlley,2.0,HLS,Corner,0.0,Timber,Norm,2fmCon,1.5Fin,5,6,1965,1965,Gable,Plywood,Plywood,None,0.0,2.0,2.0,CBlock,3.0,3.0,4.0,5.0,1249.0,4.0,147.0,103.0,1499.0,4.0,Y,4.0,1619,167,0,1786,2.0,0.0,2,0,3,1,2.0,7,Typ,2,4.0,Attchd,1965.0,3.0,2.0,529.0,3.0,2.0,670,0,0,0,0,0,NoFence,700,8,2008,WD ,Normal,228950,0,1,1,0,1,3,0,0,0,0,0,0,0,0,0,0,0
30,RM,50.0,8635,NoAlley,3.0,Lvl,Inside,2.0,BrkSide,Norm,1Fam,1Story,5,5,1925,1950,Hip,Wd Sdng,Wd Sdng,None,0.0,2.0,1.0,BrkTil,3.0,3.0,1.0,2.0,134.0,1.0,0.0,938.0,1072.0,2.0,Y,4.0,1072,0,0,1072,1.0,0.0,1,0,2,1,2.0,5,Typ,0,0.0,Detchd,1982.0,1.0,5.0,1184.0,2.0,1.0,0,0,105,0,0,0,NoFence,0,8,2009,WD ,Normal,126500,0,0,1,0,1,2,0,0,0,0,0,0,0,0,0,0,0
70,RM,60.0,6155,NoAlley,2.0,Lvl,FR3,2.0,BrkSide,RRNn,1Fam,2Story,6,8,1920,1999,Gable,Wd Sdng,Wd Sdng,None,0.0,2.0,2.0,BrkTil,2.0,2.0,2.0,1.0,0.0,1.0,0.0,611.0,611.0,4.0,Y,4.0,751,611,0,1362,0.0,0.0,2,0,3,1,2.0,6,Typ,0,0.0,Detchd,1920.0,3.0,2.0,502.0,3.0,2.0,0,0,84,0,0,0,NoFence,0,6,2008,WD ,Normal,128000,0,0,1,0,1,2,0,0,0,0,0,0,0,0,0,0,0
85,RL,80.0,8723,NoAlley,2.0,Lvl,Inside,2.0,NWAmes,PosN,1Fam,SFoyer,6,6,1969,1969,Gable,HdBoard,HdBoard,None,0.0,2.0,2.0,PConc,4.0,3.0,3.0,4.0,973.0,1.0,0.0,0.0,973.0,4.0,Y,4.0,1082,0,0,1082,1.0,0.0,1,0,3,1,2.0,6,Typ,0,0.0,Attchd,1969.0,1.0,2.0,480.0,3.0,2.0,160,0,0,0,0,0,NoFence,0,1,2007,WD ,Normal,162500,0,0,1,0,1,2,0,0,0,0,0,0,0,0,0,0,0
60,RL,80.0,10400,NoAlley,3.0,Lvl,Inside,2.0,NWAmes,Norm,1Fam,2Story,7,6,1980,1988,Gable,HdBoard,HdBoard,BrkFace,280.0,2.0,2.0,CBlock,4.0,3.0,2.0,1.0,0.0,1.0,0.0,738.0,738.0,2.0,Y,4.0,1277,767,0,2044,0.0,0.0,2,1,3,1,2.0,7,Min1,1,3.0,Attchd,1980.0,1.0,2.0,489.0,3.0,2.0,28,73,0,0,0,0,NoFence,0,3,2008,WD ,Normal,185000,0,1,1,0,1,3,0,0,0,0,0,0,0,0,0,0,0
85,RL,74.0,11235,NoAlley,3.0,Lvl,Corner,2.0,Sawyer,Feedr,1Fam,SFoyer,5,6,1963,1963,Gable,HdBoard,Wd Sdng,None,0.0,2.0,2.0,CBlock,4.0,3.0,3.0,5.0,784.0,1.0,0.0,197.0,981.0,2.0,Y,4.0,1075,0,0,1075,1.0,0.0,1,0,3,1,3.0,6,Typ,0,0.0,Detchd,1996.0,1.0,2.0,440.0,3.0,2.0,64,0,0,0,64,0,MnPrv,0,5,2008,WD ,Abnorml,148000,0,0,1,1,1,3,0,0,0,0,0,0,0,0,0,0,0
20,RL,65.0,8450,NoAlley,3.0,Lvl,Inside,2.0,CollgCr,Norm,1Fam,1Story,7,5,2004,2004,Gable,VinylSd,VinylSd,BrkFace,266.0,3.0,2.0,PConc,4.0,3.0,2.0,6.0,946.0,1.0,0.0,490.0,1436.0,4.0,Y,4.0,1436,0,0,1436,1.0,0.0,2,0,3,1,3.0,8,Typ,0,0.0,Attchd,2004.0,1.0,2.0,484.0,3.0,2.0,139,98,0,0,0,0,NoFence,0,4,2008,WD ,Normal,210000,0,0,1,0,1,2,0,0,0,0,0,0,0,0,0,0,0
120,RM,70.0,4438,NoAlley,3.0,Lvl,Inside,2.0,CollgCr,Norm,TwnhsE,1Story,6,5,2004,2004,Gable,VinylSd,VinylSd,BrkFace,205.0,3.0,2.0,PConc,4.0,3.0,3.0,6.0,662.0,1.0,0.0,186.0,848.0,4.0,Y,4.0,848,0,0,848,1.0,0.0,1,0,1,1,3.0,3,Typ,1,4.0,Attchd,2004.0,2.0,2.0,420.0,3.0,2.0,149,0,0,0,0,0,NoFence,0,1,2008,WD ,Normal,149000,0,1,1,0,1,3,0,0,0,0,0,0,0,0,0,0,0
160,RM,21.0,1890,NoAlley,3.0,Lvl,Inside,2.0,BrDale,Norm,Twnhs,2Story,6,7,1972,1972,Gable,HdBoard,HdBoard,BrkFace,380.0,2.0,2.0,CBlock,3.0,3.0,1.0,5.0,282.0,1.0,0.0,212.0,494.0,4.0,Y,4.0,494,536,0,1030,0.0,0.0,1,1,3,1,2.0,6,Typ,0,0.0,Detchd,1973.0,1.0,1.0,264.0,3.0,2.0,0,0,0,0,0,0,NoFence,0,7,2006,WD ,Normal,116000,0,0,1,0,1,2,0,0,0,0,0,0,0,0,0,0,0
20,RL,85.0,11447,NoAlley,2.0,Lvl,Inside,2.0,Timber,Norm,1Fam,1Story,8,5,2005,2006,Gable,VinylSd,VinylSd,BrkFace,674.0,3.0,2.0,PConc,5.0,3.0,3.0,6.0,1571.0,1.0,0.0,393.0,1964.0,4.0,Y,4.0,1964,0,0,1964,1.0,0.0,2,1,3,1,3.0,7,Typ,1,4.0,Attchd,2005.0,3.0,3.0,892.0,3.0,2.0,0,265,0,0,0,0,NoFence,0,6,2008,WD ,Normal,370000,0,1,1,0,1,3,0,0,0,0,0,0,0,0,0,0,0
60,RL,65.0,8158,NoAlley,3.0,Lvl,Inside,2.0,CollgCr,Norm,1Fam,2Story,7,5,2002,2002,Gable,VinylSd,VinylSd,BrkFace,214.0,3.0,2.0,PConc,4.0,3.0,1.0,1.0,0.0,1.0,0.0,860.0,860.0,4.0,Y,4.0,860,869,0,1729,0.0,0.0,2,1,3,1,3.0,7,Typ,0,0.0,Attchd,2002.0,3.0,2.0,542.0,3.0,2.0,386,63,0,0,0,0,NoFence,0,8,2007,WD ,Normal,200000,0,0,1,0,1,2,0,0,0,0,0,0,0,0,0,0,0
60,RL,63.0,7875,NoAlley,3.0,Lvl,Inside,2.0,Gilbert,Norm,1Fam,2Story,7,5,1996,1996,Gable,HdBoard,HdBoard,None,0.0,3.0,2.0,PConc,4.0,3.0,1.0,3.0,414.0,1.0,0.0,277.0,691.0,3.0,Y,4.0,691,862,0,1553,0.0,0.0,2,1,3,1,3.0,6,Typ,0,0.0,Attchd,1996.0,3.0,2.0,420.0,3.0,2.0,0,44,0,0,0,0,NoFence,0,8,2007,WD ,Normal,178750,0,0,1,0,1,2,0,0,0,0,0,0,0,0,0,0,0
60,RL,58.0,9487,NoAlley,2.0,Lvl,Inside,2.0,Gilbert,Norm,1Fam,2Story,6,5,2000,2000,Gable,VinylSd,VinylSd,None,0.0,2.0,2.0,PConc,4.0,3.0,1.0,6.0,520.0,1.0,0.0,395.0,915.0,4.0,Y,4.0,940,750,0,1690,1.0,0.0,2,1,3,1,2.0,7,Typ,1,3.0,Attchd,2000.0,2.0,2.0,442.0,3.0,2.0,0,50,0,0,0,0,NoFence,0,6,2007,WD ,Normal,187000,0,1,1,0,1,3,0,0,0,0,0,0,0,0,0,0,0
20,RL,80.0,11500,NoAlley,2.0,Bnk,CulDSac,2.0,ClearCr,Norm,1Fam,1Story,6,6,1966,1966,Flat,Plywood,Plywood,None,0.0,2.0,2.0,CBlock,4.0,4.0,4.0,2.0,262.0,5.0,723.0,197.0,1182.0,4.0,Y,4.0,1643,0,0,1643,1.0,0.0,2,0,2,1,2.0,6,Typ,1,4.0,Attchd,1966.0,1.0,2.0,438.0,3.0,2.0,339,0,0,0,0,0,NoFence,0,3,2008,WD ,Normal,195000,0,1,1,0,1,3,0,0,0,0,0,0,0,0,0,0,0
70,RL,69.0,4899,NoAlley,3.0,HLS,Corner,2.0,SWISU,Norm,1Fam,2Story,6,8,1920,1950,Gable,MetalSd,MetalSd,None,0.0,2.0,2.0,PConc,3.0,3.0,1.0,4.0,305.0,1.0,0.0,450.0,755.0,4.0,Y,4.0,755,755,0,1510,0.0,0.0,1,0,3,1,2.0,6,Typ,0,0.0,Detchd,1920.0,1.0,1.0,216.0,3.0,2.0,0,0,164,0,0,0,NoFence,0,6,2006,WD ,Normal,149000,0,0,1,0,1,2,0,0,0,0,0,0,0,0,0,0,0
20,RL,70.0,16381,NoAlley,2.0,Lvl,Inside,2.0,Crawfor,Norm,1Fam,1Story,6,5,1969,1969,Gable,Plywood,Plywood,BrkFace,312.0,3.0,3.0,CBlock,3.0,3.0,3.0,3.0,1110.0,1.0,0.0,734.0,1844.0,3.0,Y,4.0,1844,0,0,1844,1.0,0.0,2,0,3,1,3.0,7,Typ,1,3.0,Attchd,1969.0,2.0,2.0,540.0,3.0,2.0,0,73,216,0,0,0,NoFence,0,12,2006,WD ,Normal,223000,0,1,1,0,1,3,0,0,0,0,0,0,0,0,0,0,0
60,RL,72.0,8229,NoAlley,2.0,Lvl,Inside,2.0,Gilbert,Norm,1Fam,2Story,6,5,2007,2007,Gable,VinylSd,VinylSd,Stone,22.0,3.0,2.0,PConc,4.0,3.0,3.0,1.0,0.0,1.0,0.0,752.0,752.0,4.0,Y,4.0,752,752,0,1504,0.0,0.0,2,1,3,1,3.0,6,Typ,0,0.0,Attchd,2007.0,3.0,2.0,440.0,3.0,2.0,100,32,0,0,0,0,NoFence,0,12,2007,New,Partial,166000,0,0,1,0,1,2,0,0,0,0,0,0,0,0,0,0,0
60,RL,91.0,11929,NoAlley,2.0,Lvl,CulDSac,2.0,NoRidge,Norm,1Fam,2Story,8,7,1995,1995,Gable,VinylSd,VinylSd,BrkFace,466.0,3.0,2.0,PConc,4.0,3.0,3.0,1.0,0.0,1.0,0.0,1242.0,1242.0,4.0,Y,4.0,1251,1250,0,2501,0.0,0.0,2,1,4,1,3.0,9,Typ,1,3.0,Attchd,1995.0,2.0,3.0,751.0,3.0,2.0,192,87,0,0,0,0,NoFence,0,6,2008,WD ,Normal,290000,0,1,1,0,1,3,0,0,0,0,0,0,0,0,0,0,0
20,RL,112.0,10859,NoAlley,3.0,Lvl,Corner,2.0,CollgCr,Norm,1Fam,1Story,5,5,1994,1995,Gable,VinylSd,VinylSd,None,0.0,2.0,2.0,PConc,4.0,3.0,1.0,1.0,0.0,1.0,0.0,1097.0,1097.0,4.0,Y,4.0,1097,0,0,1097,0.0,0.0,1,1,3,1,2.0,6,Typ,0,0.0,Attchd,1995.0,1.0,2.0,672.0,3.0,2.0,392,64,0,0,0,0,NoFence,0,6,2009,WD ,Normal,145000,0,0,1,0,1,2,0,0,0,0,0,0,0,0,0,0,0
60,RL,107.0,13641,NoAlley,3.0,Lvl,Inside,2.0,NridgHt,Norm,1Fam,2Story,9,5,2007,2007,Hip,CemntBd,CmentBd,BrkFace,456.0,4.0,2.0,PConc,5.0,3.0,4.0,6.0,1304.0,1.0,0.0,630.0,1934.0,4.0,Y,4.0,1943,713,0,2656,1.0,0.0,2,1,3,1,4.0,8,Typ,1,4.0,Attchd,2007.0,2.0,3.0,1040.0,3.0,2.0,268,58,0,0,0,0,NoFence,0,12,2007,New,Partial,492000,0,1,1,0,1,3,0,0,0,0,0,0,0,0,0,0,0
60,RL,133.0,11003,NoAlley,1.0,Lvl,Inside,2.0,CollgCr,Norm,1Fam,2Story,7,5,2005,2006,Gable,VinylSd,VinylSd,None,0.0,3.0,2.0,PConc,4.0,3.0,1.0,1.0,0.0,1.0,0.0,1308.0,1308.0,4.0,Y,4.0,1308,568,0,1876,0.0,0.0,2,1,3,1,3.0,7,Typ,0,0.0,BuiltIn,2005.0,2.0,3.0,848.0,3.0,2.0,0,40,0,0,0,0,NoFence,0,7,2006,New,Partial,229800,0,0,1,0,1,2,0,0,0,0,0,0,0,0,0,0,0
20,RL,70.0,8685,NoAlley,2.0,Lvl,CulDSac,2.0,CollgCr,Norm,1Fam,1Story,7,5,1998,1998,Gable,VinylSd,VinylSd,None,0.0,2.0,2.0,PConc,4.0,3.0,2.0,6.0,846.0,1.0,0.0,579.0,1425.0,4.0,Y,4.0,1425,0,0,1425,1.0,0.0,2,0,3,1,2.0,5,Typ,0,0.0,Attchd,1998.0,2.0,2.0,591.0,3.0,2.0,0,130,0,0,0,0,NoFence,0,5,2006,WD ,Normal,193000,0,0,1,0,1,2,0,0,0,0,0,0,0,0,0,0,0
20,RL,70.0,8176,NoAlley,3.0,Lvl,Inside,2.0,NAmes,Norm,1Fam,1Story,5,6,1958,1992,Gable,Wd Sdng,Wd Sdng,None,0.0,2.0,2.0,CBlock,3.0,3.0,1.0,3.0,846.0,1.0,0.0,210.0,1056.0,1.0,Y,4.0,1056,0,0,1056,1.0,0.0,1,0,3,1,2.0,6,Typ,0,0.0,Attchd,1958.0,2.0,1.0,308.0,3.0,2.0,0,0,0,0,0,0,NoFence,0,8,2007,WD ,Normal,139000,0,0,1,0,1,2,0,0,0,0,0,0,0,0,0,0,0
20,RL,80.0,8480,NoAlley,3.0,Lvl,Corner,2.0,Sawyer,Norm,1Fam,1Story,5,6,1963,1963,Hip,HdBoard,HdBoard,None,0.0,2.0,2.0,CBlock,3.0,3.0,1.0,6.0,630.0,1.0,0.0,340.0,970.0,2.0,Y,4.0,970,0,0,970,1.0,0.0,1,0,2,1,2.0,5,Typ,0,0.0,Detchd,1996.0,1.0,2.0,624.0,3.0,2.0,0,24,0,0,192,0,NoFence,0,7,2007,WD ,Normal,132500,0,0,1,0,1,2,0,0,0,0,0,0,0,0,0,0,0
20,RL,76.0,9120,NoAlley,3.0,Lvl,Inside,2.0,NAmes,Norm,1Fam,1Story,6,6,1958,1958,Hip,MetalSd,MetalSd,None,0.0,2.0,2.0,CBlock,3.0,3.0,1.0,5.0,662.0,1.0,0.0,599.0,1261.0,4.0,Y,4.0,1261,0,0,1261,1.0,0.0,1,0,3,1,2.0,6,Typ,1,3.0,Attchd,1958.0,2.0,2.0,433.0,3.0,2.0,0,0,0,0,288,0,NoFence,1400,11,2008,WD ,Normal,163000,0,1,1,0,1,3,0,0,0,0,0,0,0,0,0,0,0
90,RL,74.0,9662,NoAlley,2.0,Lvl,Inside,2.0,Sawyer,Norm,Duplex,1Story,5,4,1977,1977,Gable,Plywood,Plywood,None,0.0,2.0,2.0,CBlock,4.0,3.0,1.0,1.0,0.0,1.0,0.0,1967.0,1967.0,2.0,Y,4.0,1967,0,0,1967,0.0,0.0,2,0,6,2,2.0,10,Typ,0,0.0,Attchd,1977.0,3.0,2.0,580.0,3.0,2.0,170,0,0,0,0,0,NoFence,0,8,2006,WD ,Normal,156500,0,0,1,0,1,2,0,0,0,0,0,0,0,0,0,0,0
20,RL,75.0,11957,NoAlley,2.0,Lvl,Inside,2.0,Somerst,RRAn,1Fam,1Story,8,5,2006,2006,Gable,VinylSd,VinylSd,BrkFace,53.0,3.0,2.0,PConc,4.0,3.0,1.0,6.0,24.0,1.0,0.0,1550.0,1574.0,4.0,Y,4.0,1574,0,0,1574,0.0,0.0,2,0,3,1,3.0,7,Typ,1,4.0,Attchd,2006.0,2.0,3.0,824.0,3.0,2.0,144,104,0,0,0,0,NoFence,0,7,2008,WD ,Normal,232000,0,1,1,0,1,3,0,0,0,0,0,0,0,0,0,0,0
160,FV,40.0,3951,Pave,3.0,Lvl,Corner,2.0,Somerst,Norm,TwnhsE,2Story,6,5,2009,2009,Gable,VinylSd,VinylSd,Stone,76.0,3.0,2.0,PConc,4.0,3.0,3.0,1.0,0.0,1.0,0.0,612.0,612.0,4.0,Y,4.0,612,612,0,1224,0.0,0.0,2,1,2,1,3.0,4,Typ,0,0.0,Detchd,2009.0,2.0,2.0,528.0,3.0,2.0,0,234,0,0,0,0,NoFence,0,6,2009,New,Partial,164500,0,0,1,0,1,2,0,0,0,0,0,0,0,0,0,0,0
60,RL,88.0,11762,NoAlley,3.0,Lvl,Inside,2.0,NoRidge,Norm,1Fam,2Story,8,5,1992,1993,Gable,VinylSd,VinylSd,BrkFace,309.0,3.0,2.0,PConc,5.0,3.0,1.0,6.0,335.0,1.0,0.0,770.0,1105.0,4.0,Y,4.0,1105,1097,0,2202,1.0,0.0,2,1,4,1,3.0,9,Typ,1,3.0,Attchd,1992.0,2.0,2.0,517.0,3.0,2.0,0,65,0,0,144,0,NoFence,0,9,2007,WD ,Normal,263000,0,1,1,0,1,3,0,0,0,0,0,0,0,0,0,0,0
60,RL,89.0,11645,NoAlley,2.0,Lvl,Corner,2.0,CollgCr,Norm,1Fam,2Story,7,5,2004,2004,Gable,VinylSd,VinylSd,None,0.0,3.0,2.0,PConc,4.0,3.0,1.0,1.0,0.0,1.0,0.0,860.0,860.0,4.0,Y,4.0,860,860,0,1720,0.0,0.0,2,1,3,1,3.0,7,Typ,0,0.0,Attchd,2004.0,2.0,2.0,565.0,3.0,2.0,0,70,0,0,0,0,NoFence,0,8,2006,WD ,Normal,196500,0,0,1,0,1,2,0,0,0,0,0,0,0,0,0,0,0
50,RM,50.0,5000,NoAlley,3.0,Lvl,Corner,2.0,BrkSide,Feedr,1Fam,1.5Fin,6,7,1947,1950,Gable,CemntBd,CmentBd,None,0.0,2.0,3.0,CBlock,3.0,3.0,1.0,5.0,399.0,1.0,0.0,605.0,1004.0,4.0,Y,4.0,1004,660,0,1664,0.0,0.0,2,0,3,1,2.0,7,Typ,2,4.0,Detchd,1950.0,1.0,2.0,420.0,3.0,2.0,0,24,36,0,0,0,NoFence,0,10,2006,WD ,Normal,159000,0,1,1,0,1,3,0,0,0,0,0,0,0,0,0,0,0
20,RL,80.0,12000,NoAlley,3.0,Lvl,Inside,2.0,Veenker,Norm,1Fam,1Story,7,6,1980,1980,Hip,VinylSd,MetalSd,BrkFace,600.0,3.0,2.0,CBlock,4.0,3.0,1.0,6.0,1732.0,1.0,0.0,270.0,2002.0,4.0,Y,4.0,2362,0,0,2362,1.0,0.0,2,1,3,1,3.0,8,Typ,1,3.0,Attchd,1980.0,2.0,2.0,546.0,4.0,2.0,180,16,0,0,0,0,NoFence,0,3,2007,WD ,Normal,255000,0,1,1,0,1,3,0,0,0,0,0,0,0,0,0,0,0
45,RM,40.0,5680,Grvl,3.0,Lvl,Inside,2.0,OldTown,Norm,1Fam,1.5Fin,5,4,1901,1950,Gable,AsbShng,AsbShng,None,0.0,2.0,2.0,CBlock,3.0,3.0,1.0,1.0,0.0,1.0,0.0,592.0,592.0,2.0,N,3.0,933,240,0,1173,0.0,0.0,2,0,3,1,2.0,7,Typ,0,0.0,Detchd,1920.0,1.0,1.0,240.0,3.0,2.0,0,25,77,0,0,0,MnPrv,0,9,2007,WD ,AdjLand,113000,0,0,0,1,1,2,0,0,0,0,0,0,0,0,0,0,0
160,FV,30.0,3182,Pave,3.0,Lvl,Inside,2.0,Somerst,Norm,TwnhsE,2Story,7,5,2004,2005,Gable,MetalSd,MetalSd,None,0.0,3.0,2.0,PConc,4.0,3.0,1.0,1.0,0.0,1.0,0.0,600.0,600.0,4.0,Y,4.0,600,600,0,1200,0.0,0.0,2,1,2,1,3.0,4,Typ,0,0.0,Detchd,2004.0,2.0,2.0,480.0,3.0,2.0,0,172,0,0,0,0,NoFence,0,6,2010,WD ,Normal,151000,0,0,1,0,1,2,0,0,0,0,0,0,0,0,0,0,0
120,RL,63.0,8849,NoAlley,2.0,Lvl,Inside,2.0,NridgHt,Norm,TwnhsE,1Story,9,5,2005,2005,Hip,MetalSd,MetalSd,BrkFace,616.0,4.0,2.0,PConc,5.0,3.0,1.0,6.0,28.0,1.0,0.0,1656.0,1684.0,4.0,Y,4.0,1684,0,0,1684,0.0,0.0,2,0,2,1,4.0,6,Typ,1,5.0,Attchd,2005.0,2.0,2.0,564.0,3.0,2.0,495,72,0,0,0,0,NoFence,0,7,2008,WD ,Normal,266000,0,1,1,0,1,3,0,0,0,0,0,0,0,0,0,0,0
60,RL,80.0,13774,NoAlley,2.0,Lvl,Inside,2.0,NWAmes,Norm,1Fam,2Story,7,7,1977,1992,Hip,HdBoard,HdBoard,BrkFace,283.0,2.0,3.0,PConc,4.0,3.0,1.0,6.0,432.0,1.0,0.0,476.0,908.0,4.0,Y,4.0,1316,972,0,2288,0.0,0.0,1,2,4,1,3.0,8,Typ,2,3.0,Attchd,1977.0,2.0,2.0,520.0,3.0,2.0,321,72,0,0,156,0,NoFence,0,11,2009,WD ,Normal,230000,0,1,1,0,1,3,0,0,0,0,0,0,0,0,0,0,0
50,RL,51.0,6171,NoAlley,3.0,Lvl,Inside,2.0,SWISU,Norm,1Fam,1.5Fin,6,6,1925,1990,Gable,WdShing,Wd Shng,None,0.0,2.0,2.0,BrkTil,3.0,3.0,1.0,4.0,264.0,1.0,0.0,712.0,976.0,4.0,Y,4.0,1160,448,0,1608,0.0,0.0,2,1,3,1,3.0,7,Typ,1,4.0,Detchd,1925.0,1.0,1.0,216.0,2.0,2.0,147,16,0,0,0,0,MnPrv,0,10,2009,WD ,Normal,137450,0,1,1,1,1,4,0,0,0,0,0,0,0,0,0,0,0
60,RL,107.0,12852,NoAlley,2.0,HLS,Corner,2.0,Timber,Norm,1Fam,2Story,8,5,2007,2007,Gable,VinylSd,VinylSd,None,0.0,3.0,2.0,PConc,4.0,3.0,3.0,6.0,770.0,1.0,0.0,150.0,920.0,4.0,Y,4.0,920,860,0,1780,1.0,0.0,2,1,3,1,3.0,6,Typ,1,4.0,Attchd,2007.0,3.0,2.0,612.0,3.0,2.0,0,192,0,0,0,0,NoFence,0,1,2008,New,Partial,264966,0,1,1,0,1,3,0,0,0,0,0,0,0,0,0,0,0
30,RM,50.0,6000,NoAlley,3.0,Lvl,Inside,2.0,OldTown,Norm,1Fam,1Story,4,4,1920,1950,Hip,MetalSd,MetalSd,None,0.0,2.0,2.0,PConc,3.0,3.0,1.0,5.0,250.0,1.0,0.0,710.0,960.0,3.0,Y,3.0,960,0,0,960,0.0,0.0,1,0,2,1,1.0,5,Typ,0,0.0,Detchd,1997.0,1.0,1.0,308.0,3.0,2.0,0,0,168,0,0,0,NoFence,0,7,2007,WD ,Normal,108500,0,0,1,0,1,2,0,0,0,0,0,0,0,0,0,0,0
120,RL,55.0,7301,NoAlley,2.0,Lvl,Inside,2.0,NridgHt,Norm,TwnhsE,1Story,7,6,2007,2008,Gable,VinylSd,VinylSd,Stone,176.0,3.0,2.0,PConc,4.0,3.0,1.0,6.0,876.0,1.0,0.0,474.0,1350.0,4.0,Y,4.0,1358,0,0,1358,1.0,0.0,2,0,2,1,3.0,6,Typ,1,4.0,Attchd,2008.0,2.0,2.0,484.0,3.0,2.0,192,26,0,0,0,0,NoFence,0,11,2008,New,Partial,217300,0,1,1,0,1,3,0,0,0,0,0,0,0,0,0,0,0
20,RL,74.0,8246,NoAlley,2.0,Lvl,Inside,2.0,Sawyer,Norm,1Fam,1Story,5,8,1968,2001,Gable,Plywood,Plywood,None,0.0,2.0,3.0,CBlock,3.0,3.0,2.0,3.0,188.0,5.0,668.0,204.0,1060.0,4.0,Y,4.0,1060,0,0,1060,1.0,0.0,1,0,3,1,3.0,6,Typ,1,3.0,Attchd,1968.0,1.0,1.0,270.0,3.0,2.0,406,90,0,0,0,0,MnPrv,0,5,2010,WD ,Normal,154000,0,1,1,1,1,4,0,0,0,0,0,0,0,0,0,0,0
160,RL,24.0,2364,NoAlley,3.0,Lvl,Inside,2.0,NPkVill,Norm,TwnhsE,2Story,6,5,1978,1978,Gable,Plywood,Brk Cmn,None,0.0,3.0,2.0,CBlock,4.0,3.0,1.0,5.0,279.0,1.0,0.0,576.0,855.0,2.0,Y,4.0,855,601,0,1456,0.0,0.0,2,1,3,1,2.0,6,Typ,1,3.0,Attchd,1978.0,3.0,2.0,440.0,3.0,2.0,147,0,0,0,0,0,NoFence,0,4,2009,WD ,Normal,138000,0,1,1,0,1,3,0,0,0,0,0,0,0,0,0,0,0
70,RL,70.0,7500,NoAlley,2.0,Bnk,Inside,2.0,Crawfor,Norm,1Fam,2Story,6,7,1942,1950,Gable,Wd Sdng,Wd Sdng,None,0.0,2.0,2.0,CBlock,3.0,3.0,1.0,4.0,547.0,1.0,0.0,224.0,771.0,1.0,Y,4.0,753,741,0,1494,0.0,0.0,1,0,3,1,3.0,7,Typ,2,4.0,Attchd,1942.0,1.0,1.0,213.0,3.0,1.0,0,0,0,0,224,0,NoFence,0,11,2009,WD ,Normal,177500,0,1,1,0,1,3,0,0,0,0,0,0,0,0,0,0,0
60,RL,110.0,14257,NoAlley,3.0,Lvl,Inside,2.0,NridgHt,PosN,1Fam,2Story,9,5,2007,2007,Hip,VinylSd,VinylSd,Stone,726.0,4.0,2.0,PConc,5.0,3.0,1.0,6.0,1360.0,1.0,0.0,416.0,1776.0,4.0,Y,4.0,1794,978,0,2772,1.0,0.0,3,1,4,1,4.0,10,Typ,3,4.0,BuiltIn,2007.0,3.0,3.0,754.0,3.0,2.0,135,64,0,0,0,0,NoFence,0,6,2009,WD ,Normal,462000,0,1,1,0,1,3,0,0,0,0,0,0,0,0,0,0,0
20,RL,70.0,8810,NoAlley,3.0,Lvl,Inside,2.0,CollgCr,Norm,1Fam,1Story,7,5,2003,2003,Gable,VinylSd,VinylSd,None,0.0,3.0,2.0,PConc,4.0,3.0,1.0,6.0,1000.0,1.0,0.0,390.0,1390.0,4.0,Y,4.0,1390,0,0,1390,1.0,0.0,2,0,3,1,3.0,7,Typ,0,0.0,Attchd,2003.0,2.0,2.0,545.0,3.0,2.0,0,68,0,0,0,0,NoFence,0,3,2006,WD ,Normal,207000,0,0,1,0,1,2,0,0,0,0,0,0,0,0,0,0,0
120,RM,43.0,3940,NoAlley,3.0,Lvl,Inside,2.0,Blmngtn,Norm,TwnhsE,1Story,7,5,2004,2004,Hip,VinylSd,VinylSd,BrkFace,24.0,3.0,2.0,PConc,4.0,3.0,1.0,6.0,1087.0,1.0,0.0,306.0,1393.0,4.0,Y,4.0,1576,0,0,1576,1.0,0.0,2,0,2,1,3.0,7,Typ,1,3.0,Attchd,2004.0,2.0,3.0,668.0,3.0,2.0,143,20,0,0,0,0,NoFence,0,5,2008,WD ,Normal,219990,0,1,1,0,1,3,0,0,0,0,0,0,0,0,0,0,0
80,RL,73.0,9802,NoAlley,3.0,Lvl,Inside,2.0,Timber,Norm,1Fam,SLvl,5,5,2006,2007,Gable,VinylSd,VinylSd,None,0.0,2.0,2.0,PConc,4.0,3.0,1.0,1.0,0.0,1.0,0.0,352.0,352.0,3.0,Y,4.0,712,730,0,1442,0.0,0.0,2,1,3,1,2.0,6,Typ,0,0.0,BuiltIn,2007.0,3.0,2.0,400.0,3.0,2.0,100,0,0,0,0,0,NoFence,0,4,2008,WD ,Normal,172500,0,0,1,0,1,2,0,0,0,0,0,0,0,0,0,0,0
20,RL,64.0,31220,NoAlley,2.0,Bnk,FR2,2.0,Gilbert,Feedr,1Fam,1Story,6,2,1952,1952,Hip,BrkFace,BrkFace,None,0.0,2.0,2.0,CBlock,3.0,3.0,1.0,1.0,0.0,1.0,0.0,1632.0,1632.0,2.0,Y,3.0,1474,0,0,1474,0.0,0.0,1,0,3,1,2.0,7,Min2,2,4.0,Attchd,1952.0,1.0,2.0,495.0,3.0,2.0,0,0,144,0,0,0,NoFence,750,5,2008,WD ,Normal,115000,0,1,1,0,1,3,0,0,0,0,0,0,0,0,0,0,0
60,RL,73.0,7472,NoAlley,2.0,Lvl,CulDSac,2.0,NAmes,Norm,1Fam,2Story,7,9,1972,2004,Gable,HdBoard,HdBoard,BrkFace,138.0,2.0,2.0,CBlock,3.0,3.0,1.0,5.0,626.0,1.0,0.0,99.0,725.0,3.0,Y,4.0,725,754,0,1479,1.0,0.0,1,1,4,1,3.0,7,Typ,0,0.0,Attchd,1972.0,3.0,2.0,484.0,3.0,2.0,0,32,0,0,0,0,NoFence,0,6,2007,WD ,Normal,184000,0,0,1,0,1,2,0,0,0,0,0,0,0,0,0,0,0
30,RM,90.0,8100,Pave,3.0,Lvl,Inside,2.0,OldTown,Norm,1Fam,1Story,5,6,1948,1973,Gable,VinylSd,VinylSd,None,0.0,2.0,2.0,BrkTil,3.0,3.0,1.0,3.0,338.0,1.0,0.0,1221.0,1559.0,3.0,Y,4.0,1559,0,0,1559,1.0,0.0,1,0,2,1,2.0,5,Min2,0,0.0,Detchd,1948.0,1.0,2.0,812.0,3.0,2.0,0,116,230,0,0,0,GdWo,0,6,2007,COD,Normal,153500,0,0,1,1,1,3,0,0,0,0,0,0,0,0,0,0,0
20,RL,85.0,7777,NoAlley,2.0,Lvl,Inside,2.0,Timber,Norm,1Fam,1Story,6,5,1996,1996,Gable,VinylSd,VinylSd,BrkFace,203.0,3.0,2.0,PConc,5.0,3.0,1.0,1.0,0.0,1.0,0.0,1491.0,1491.0,4.0,Y,4.0,1491,0,0,1491,0.0,0.0,2,0,3,1,2.0,7,Typ,1,3.0,Attchd,1996.0,3.0,2.0,571.0,3.0,2.0,0,35,0,0,0,0,NoFence,0,11,2007,WD ,Normal,178000,0,1,1,0,1,3,0,0,0,0,0,0,0,0,0,0,0
20,RL,67.0,16285,NoAlley,1.0,Lvl,Inside,2.0,CollgCr,Norm,1Fam,1Story,7,5,2001,2002,Gable,VinylSd,VinylSd,None,0.0,3.0,2.0,PConc,4.0,3.0,1.0,1.0,0.0,1.0,0.0,1413.0,1413.0,4.0,Y,4.0,1430,0,0,1430,0.0,0.0,2,0,3,1,3.0,6,Typ,0,0.0,Attchd,2001.0,2.0,2.0,605.0,3.0,2.0,0,33,0,0,0,0,NoFence,0,6,2009,WD ,Normal,187100,0,0,1,0,1,2,0,0,0,0,0,0,0,0,0,0,0
160,FV,24.0,2645,Pave,3.0,Lvl,Inside,2.0,Somerst,Norm,Twnhs,2Story,8,5,1999,2000,Gable,MetalSd,MetalSd,BrkFace,456.0,3.0,2.0,PConc,4.0,3.0,1.0,1.0,0.0,1.0,0.0,776.0,776.0,4.0,Y,4.0,764,677,0,1441,0.0,0.0,2,1,2,1,3.0,5,Typ,0,0.0,Detchd,1999.0,1.0,2.0,492.0,3.0,2.0,206,0,0,0,0,0,NoFence,0,11,2007,WD ,Normal,174000,0,0,1,0,1,2,0,0,0,0,0,0,0,0,0,0,0
20,RL,85.0,15428,NoAlley,3.0,Lvl,Inside,2.0,NAmes,Norm,1Fam,1Story,5,6,1951,1991,Hip,MetalSd,MetalSd,None,0.0,2.0,2.0,CBlock,3.0,3.0,1.0,3.0,741.0,1.0,0.0,143.0,884.0,4.0,Y,4.0,884,0,0,884,1.0,0.0,1,0,2,1,2.0,4,Typ,0,0.0,Attchd,1951.0,3.0,1.0,270.0,3.0,2.0,0,0,0,0,195,0,NoFence,0,6,2006,WD ,Normal,142000,0,0,1,0,1,2,0,0,0,0,0,0,0,0,0,0,0
60,FV,65.0,8125,NoAlley,3.0,Lvl,Inside,2.0,Somerst,Norm,1Fam,2Story,7,5,2006,2007,Gable,CemntBd,CmentBd,Stone,100.0,3.0,2.0,PConc,4.0,3.0,1.0,6.0,812.0,1.0,0.0,280.0,1092.0,4.0,Y,4.0,1112,438,0,1550,1.0,0.0,2,0,2,1,3.0,7,Typ,0,0.0,Attchd,2007.0,3.0,2.0,438.0,3.0,2.0,0,168,0,0,0,0,NoFence,0,10,2009,WD ,Normal,241000,0,0,1,0,1,2,0,0,0,0,0,0,0,0,0,0,0
20,RL,77.0,11422,NoAlley,2.0,Lvl,Inside,2.0,CollgCr,Norm,1Fam,1Story,8,5,2007,2008,Hip,VinylSd,VinylSd,Stone,352.0,3.0,2.0,PConc,5.0,3.0,3.0,6.0,1359.0,1.0,0.0,479.0,1838.0,4.0,Y,4.0,1838,0,0,1838,1.0,0.0,2,0,3,1,3.0,7,Typ,2,4.0,Attchd,2007.0,2.0,2.0,524.0,3.0,2.0,154,222,0,0,0,0,NoFence,0,4,2009,WD ,Normal,272500,0,1,1,0,1,3,0,0,0,0,0,0,0,0,0,0,0
20,RL,80.0,8000,NoAlley,3.0,Lvl,Inside,2.0,NAmes,Norm,1Fam,1Story,5,5,1960,1960,Hip,BrkFace,BrkFace,None,0.0,2.0,2.0,CBlock,3.0,3.0,1.0,4.0,1098.0,3.0,154.0,125.0,1377.0,2.0,Y,4.0,1377,0,0,1377,1.0,0.0,1,0,3,1,2.0,6,Typ,2,3.0,Attchd,1965.0,1.0,1.0,351.0,3.0,2.0,0,0,0,0,0,0,MnPrv,0,11,2007,WD ,Normal,156500,0,1,1,1,1,4,0,0,0,0,0,0,0,0,0,0,0
50,RL,72.0,10632,NoAlley,2.0,Lvl,Inside,2.0,ClearCr,Norm,1Fam,1.5Fin,5,3,1917,1950,Gable,Wd Sdng,Wd Sdng,None,0.0,2.0,2.0,BrkTil,4.0,2.0,1.0,1.0,0.0,1.0,0.0,689.0,689.0,3.0,N,4.0,725,499,0,1224,0.0,0.0,1,1,3,1,0.0,6,Mod,0,0.0,Detchd,1917.0,1.0,1.0,180.0,2.0,0.0,0,0,248,0,0,0,NoFence,0,1,2010,COD,Normal,107500,0,0,0,0,1,1,0,0,0,0,0,0,0,0,0,0,0
60,RL,64.0,13006,NoAlley,2.0,Lvl,Corner,2.0,Gilbert,Norm,1Fam,2Story,7,5,1997,1997,Gable,HdBoard,HdBoard,BrkFace,285.0,2.0,2.0,PConc,4.0,3.0,1.0,1.0,0.0,1.0,0.0,964.0,964.0,3.0,Y,4.0,993,1243,0,2236,0.0,0.0,2,1,4,1,3.0,8,Typ,1,3.0,BuiltIn,1997.0,3.0,2.0,642.0,3.0,2.0,0,0,0,0,0,0,NoFence,0,11,2006,WD ,Normal,222000,0,1,1,0,1,3,0,0,0,0,0,0,0,0,0,0,0
50,RL,53.0,5362,NoAlley,3.0,Lvl,Corner,2.0,Crawfor,Norm,1Fam,1.5Fin,5,6,1910,2003,Gable,Wd Sdng,Wd Shng,None,0.0,2.0,2.0,PConc,3.0,3.0,1.0,1.0,0.0,1.0,0.0,661.0,661.0,4.0,Y,4.0,661,589,0,1250,0.0,0.0,2,0,3,1,2.0,8,Typ,1,4.0,Detchd,1985.0,1.0,2.0,552.0,3.0,2.0,242,0,81,0,0,0,NoFence,0,11,2007,WD ,Normal,139000,0,1,1,0,1,3,0,0,0,0,0,0,0,0,0,0,0
120,RL,89.5,3136,NoAlley,2.0,Lvl,Corner,2.0,NridgHt,Norm,TwnhsE,1Story,7,5,2003,2003,Gable,VinylSd,Wd Shng,Stone,163.0,3.0,2.0,PConc,4.0,3.0,1.0,1.0,0.0,1.0,0.0,1405.0,1405.0,4.0,Y,4.0,1405,0,0,1405,0.0,0.0,2,0,2,1,3.0,6,Typ,1,4.0,Attchd,2003.0,2.0,2.0,478.0,3.0,2.0,148,36,0,0,0,0,NoFence,0,3,2006,WD ,Normal,171750,0,1,1,0,1,3,0,0,0,0,0,0,0,0,0,0,0
60,RL,80.0,8800,NoAlley,3.0,Lvl,Inside,2.0,NAmes,Norm,1Fam,2Story,6,7,1964,1997,Gable,MetalSd,MetalSd,BrkFace,306.0,2.0,3.0,CBlock,3.0,3.0,1.0,5.0,414.0,1.0,0.0,431.0,845.0,4.0,Y,4.0,845,1309,0,2154,0.0,0.0,2,1,5,1,2.0,8,Typ,1,4.0,Attchd,1964.0,2.0,2.0,539.0,3.0,2.0,0,0,0,0,161,0,MnPrv,0,7,2007,WD ,Normal,224500,0,1,1,1,1,4,0,0,0,0,0,0,0,0,0,0,0
160,RM,21.0,1680,NoAlley,3.0,Lvl,Inside,2.0,BrDale,Norm,Twnhs,2Story,6,5,1973,1973,Gable,HdBoard,HdBoard,BrkFace,504.0,2.0,2.0,CBlock,3.0,3.0,1.0,4.0,254.0,1.0,0.0,229.0,483.0,2.0,Y,4.0,483,504,0,987,1.0,0.0,1,1,2,1,2.0,5,Typ,0,0.0,Detchd,1973.0,1.0,1.0,264.0,3.0,2.0,0,0,0,0,0,0,NoFence,0,7,2009,WD ,Normal,111000,0,0,1,0,1,2,0,0,0,0,0,0,0,0,0,0,0
20,FV,60.0,7200,Pave,3.0,Lvl,Inside,2.0,Somerst,Norm,1Fam,1Story,6,5,2006,2006,Gable,VinylSd,VinylSd,Stone,68.0,3.0,2.0,PConc,4.0,3.0,1.0,6.0,905.0,1.0,0.0,357.0,1262.0,3.0,Y,4.0,1262,0,0,1262,0.0,0.0,2,0,2,1,3.0,5,Typ,0,0.0,Attchd,2006.0,3.0,2.0,572.0,3.0,2.0,0,120,0,0,0,0,NoFence,0,5,2006,New,Partial,185000,0,0,1,0,1,2,0,0,0,0,0,0,0,0,0,0,0
60,RL,74.0,8834,NoAlley,3.0,Lvl,Inside,2.0,NridgHt,Norm,1Fam,2Story,9,5,2004,2005,Hip,VinylSd,VinylSd,Stone,216.0,3.0,2.0,PConc,5.0,3.0,1.0,6.0,1170.0,1.0,0.0,292.0,1462.0,4.0,Y,4.0,1462,762,0,2224,1.0,0.0,2,1,4,1,4.0,10,Typ,1,4.0,Attchd,2004.0,3.0,3.0,738.0,3.0,2.0,184,0,0,0,0,0,NoFence,0,6,2009,WD ,Normal,350000,0,1,1,0,1,3,0,0,0,0,0,0,0,0,0,0,0
20,FV,72.0,8640,NoAlley,3.0,Lvl,Inside,2.0,Somerst,Norm,1Fam,1Story,8,5,2007,2007,Gable,VinylSd,VinylSd,None,0.0,3.0,2.0,PConc,4.0,3.0,1.0,6.0,24.0,1.0,0.0,1314.0,1338.0,4.0,Y,4.0,1338,0,0,1338,0.0,0.0,2,0,3,1,3.0,6,Typ,0,0.0,Attchd,2007.0,2.0,2.0,598.0,3.0,2.0,0,141,0,0,0,0,NoFence,0,11,2007,New,Partial,208900,0,0,1,0,1,2,0,0,0,0,0,0,0,0,0,0,0
160,RL,24.0,2289,NoAlley,3.0,Lvl,Inside,2.0,NPkVill,Norm,Twnhs,2Story,6,6,1978,1978,Gable,Plywood,Brk Cmn,None,0.0,2.0,2.0,CBlock,3.0,3.0,1.0,5.0,311.0,1.0,0.0,544.0,855.0,2.0,Y,4.0,855,586,0,1441,0.0,0.0,2,1,3,1,2.0,7,Typ,1,3.0,Attchd,1978.0,1.0,2.0,440.0,3.0,2.0,28,0,0,0,0,0,NoFence,0,4,2009,WD ,Normal,148500,0,1,1,0,1,3,0,0,0,0,0,0,0,0,0,0,0
20,RL,70.0,9800,NoAlley,3.0,Lvl,Corner,2.0,CollgCr,Norm,1Fam,1Story,5,7,1972,1972,Gable,VinylSd,VinylSd,None,0.0,2.0,2.0,PConc,3.0,3.0,1.0,5.0,894.0,1.0,0.0,0.0,894.0,2.0,Y,4.0,894,0,0,894,1.0,0.0,1,0,3,1,2.0,5,Typ,0,0.0,Attchd,1975.0,1.0,2.0,552.0,3.0,2.0,256,0,0,0,0,0,GdWo,0,7,2006,WD ,Abnorml,149900,0,0,1,1,1,3,0,0,0,0,0,0,0,0,0,0,0
60,RL,64.0,10364,NoAlley,2.0,Lvl,Inside,2.0,Gilbert,Norm,1Fam,2Story,6,5,1995,1996,Gable,MetalSd,MetalSd,None,0.0,2.0,2.0,PConc,4.0,3.0,1.0,1.0,0.0,1.0,0.0,806.0,806.0,3.0,Y,4.0,806,766,0,1572,0.0,0.0,2,1,3,1,2.0,7,Typ,1,3.0,BuiltIn,1995.0,3.0,2.0,373.0,3.0,2.0,0,40,0,0,0,0,NoFence,0,5,2007,WD ,Normal,168000,0,1,1,0,1,3,0,0,0,0,0,0,0,0,0,0,0
20,RL,73.0,12493,NoAlley,2.0,Lvl,Inside,2.0,NAmes,Norm,1Fam,1Story,4,5,1960,1960,Gable,Wd Sdng,Wd Sdng,None,0.0,2.0,2.0,PConc,3.0,3.0,1.0,5.0,419.0,3.0,306.0,375.0,1100.0,2.0,Y,4.0,1100,0,0,1100,1.0,0.0,1,0,3,1,2.0,6,Typ,1,1.0,Attchd,1960.0,2.0,1.0,312.0,3.0,2.0,355,0,0,0,0,0,GdWo,0,4,2008,WD ,Normal,141000,0,1,1,1,1,4,0,0,0,0,0,0,0,0,0,0,0
20,RL,79.0,11449,NoAlley,2.0,HLS,Inside,2.0,Timber,Norm,1Fam,1Story,8,5,2007,2007,Gable,VinylSd,VinylSd,None,0.0,3.0,2.0,PConc,4.0,3.0,3.0,6.0,1011.0,1.0,0.0,873.0,1884.0,4.0,Y,4.0,1728,0,0,1728,1.0,0.0,2,0,3,1,3.0,7,Typ,1,4.0,Attchd,2007.0,3.0,2.0,520.0,3.0,2.0,0,276,0,0,0,0,NoFence,0,1,2008,WD ,Normal,298751,0,1,1,0,1,3,0,0,0,0,0,0,0,0,0,0,0
20,RL,39.0,16300,NoAlley,2.0,Lvl,CulDSac,2.0,CollgCr,Norm,1Fam,1Story,5,4,1977,1977,Gable,HdBoard,HdBoard,None,0.0,2.0,2.0,CBlock,4.0,3.0,3.0,3.0,60.0,4.0,417.0,399.0,876.0,2.0,Y,4.0,907,0,0,907,1.0,0.0,1,0,3,1,2.0,5,Typ,0,0.0,Attchd,1977.0,2.0,1.0,308.0,3.0,2.0,0,0,0,0,0,0,MnPrv,0,1,2007,WD ,Normal,130000,0,0,1,1,1,3,0,0,0,0,0,0,0,0,0,0,0
20,RL,80.0,8700,NoAlley,3.0,Lvl,Inside,2.0,NAmes,Norm,1Fam,1Story,5,6,1963,1963,Hip,MetalSd,MetalSd,BrkFace,148.0,2.0,3.0,CBlock,3.0,3.0,2.0,5.0,776.0,1.0,0.0,344.0,1120.0,3.0,Y,4.0,1128,0,0,1128,1.0,0.0,2,0,3,1,2.0,6,Typ,0,0.0,Attchd,1963.0,2.0,2.0,525.0,3.0,2.0,192,20,123,0,0,0,MnPrv,0,12,2008,WD ,Normal,155000,0,0,1,1,1,3,0,0,0,0,0,0,0,0,0,0,0
60,RL,75.0,12192,NoAlley,2.0,Lvl,Inside,2.0,CollgCr,Norm,1Fam,2Story,7,5,2000,2001,Gable,VinylSd,VinylSd,None,0.0,3.0,2.0,PConc,4.0,3.0,1.0,6.0,663.0,1.0,0.0,265.0,928.0,4.0,Y,4.0,928,895,0,1823,1.0,0.0,2,1,3,1,3.0,6,Typ,0,0.0,Attchd,2000.0,2.0,2.0,626.0,3.0,2.0,192,36,0,0,0,0,NoFence,4500,5,2008,WD ,Normal,235000,0,0,1,0,1,2,0,0,0,0,0,0,0,0,0,0,0
60,RL,74.0,7844,NoAlley,3.0,Lvl,Inside,2.0,Sawyer,Norm,1Fam,2Story,6,7,1978,1978,Hip,HdBoard,HdBoard,BrkFace,203.0,2.0,2.0,CBlock,3.0,3.0,1.0,5.0,209.0,1.0,0.0,463.0,672.0,2.0,Y,4.0,672,728,0,1400,0.0,0.0,1,1,3,1,2.0,6,Typ,1,3.0,Attchd,1978.0,3.0,2.0,440.0,3.0,2.0,0,0,0,0,0,0,NoFence,0,3,2006,WD ,Normal,149500,0,1,1,0,1,3,0,0,0,0,0,0,0,0,0,0,0
50,RL,56.0,14720,NoAlley,2.0,Lvl,CulDSac,2.0,NoRidge,Norm,1Fam,1.5Fin,8,5,1995,1996,Hip,VinylSd,VinylSd,BrkFace,579.0,3.0,2.0,PConc,4.0,3.0,3.0,6.0,816.0,1.0,0.0,1217.0,2033.0,4.0,Y,4.0,2053,1185,0,3238,1.0,0.0,2,1,4,1,3.0,9,Typ,1,5.0,Attchd,1996.0,3.0,3.0,666.0,3.0,2.0,283,86,0,0,0,0,NoFence,0,3,2010,WD ,Normal,410000,0,1,1,0,1,3,0,0,0,0,0,0,0,0,0,0,0
80,RL,65.0,6285,NoAlley,3.0,Lvl,Inside,2.0,Edwards,Norm,1Fam,SLvl,6,6,1976,1976,Gable,HdBoard,Plywood,None,0.0,2.0,1.0,CBlock,3.0,3.0,3.0,6.0,504.0,1.0,0.0,456.0,960.0,2.0,Y,4.0,1044,0,0,1044,1.0,0.0,1,0,3,1,2.0,7,Typ,1,2.0,Detchd,1976.0,1.0,2.0,528.0,3.0,2.0,228,0,0,0,0,0,NoFence,0,4,2007,WD ,Normal,133500,0,1,1,0,1,3,0,0,0,0,0,0,0,0,0,0,0
20,RL,70.0,7763,NoAlley,3.0,Lvl,Inside,2.0,NAmes,Norm,1Fam,1Story,5,7,1962,1980,Gable,MetalSd,MetalSd,None,0.0,2.0,3.0,CBlock,3.0,3.0,1.0,3.0,504.0,4.0,108.0,319.0,931.0,2.0,Y,4.0,1283,0,0,1283,1.0,0.0,1,0,3,1,2.0,6,Typ,0,0.0,Detchd,1980.0,1.0,2.0,506.0,3.0,2.0,0,0,0,0,0,0,NoFence,0,10,2008,WD ,Normal,140000,0,0,1,0,1,2,0,0,0,0,0,0,0,0,0,0,0
20,FV,75.0,7862,NoAlley,2.0,Lvl,Inside,2.0,Somerst,Norm,1Fam,1Story,6,5,2009,2009,Gable,VinylSd,VinylSd,None,0.0,3.0,2.0,PConc,4.0,3.0,1.0,6.0,27.0,1.0,0.0,1191.0,1218.0,4.0,Y,4.0,1218,0,0,1218,0.0,0.0,2,0,2,1,3.0,4,Typ,0,0.0,Attchd,2009.0,3.0,2.0,676.0,3.0,2.0,0,102,0,0,0,0,NoFence,0,9,2009,New,Partial,208300,0,0,1,0,1,2,0,0,0,0,0,0,0,0,0,0,0
160,RM,24.0,2368,NoAlley,3.0,Lvl,Inside,2.0,BrDale,Norm,TwnhsE,2Story,5,6,1970,1970,Gable,HdBoard,HdBoard,BrkFace,312.0,2.0,2.0,CBlock,3.0,3.0,1.0,2.0,765.0,1.0,0.0,0.0,765.0,2.0,Y,4.0,765,600,0,1365,0.0,0.0,1,1,3,1,2.0,7,Min1,0,0.0,Attchd,1970.0,1.0,2.0,440.0,3.0,2.0,0,36,0,0,0,0,NoFence,0,5,2009,WD ,Normal,125000,0,0,1,0,1,2,0,0,0,0,0,0,0,0,0,0,0
160,RM,24.0,2160,NoAlley,3.0,Lvl,Inside,2.0,BrDale,Norm,TwnhsE,2Story,5,6,1973,1973,Gable,HdBoard,HdBoard,BrkFace,200.0,2.0,2.0,CBlock,3.0,3.0,1.0,2.0,402.0,1.0,0.0,363.0,765.0,3.0,Y,4.0,765,600,0,1365,0.0,0.0,1,1,3,1,3.0,7,Min1,1,2.0,Attchd,1973.0,1.0,2.0,440.0,3.0,2.0,0,36,0,0,0,0,NoFence,0,6,2006,WD ,Normal,125500,0,1,1,0,1,3,0,0,0,0,0,0,0,0,0,0,0
90,RL,64.0,7018,NoAlley,3.0,Bnk,Inside,2.0,SawyerW,Feedr,Duplex,SFoyer,5,5,1979,1979,Gable,Plywood,Plywood,Stone,275.0,2.0,2.0,CBlock,4.0,3.0,3.0,6.0,1086.0,1.0,0.0,0.0,1086.0,2.0,Y,4.0,1224,0,0,1224,2.0,0.0,0,2,2,2,2.0,6,Typ,2,3.0,Detchd,1979.0,1.0,2.0,528.0,3.0,2.0,120,0,0,0,0,0,NoFence,0,6,2009,WD ,Alloca,153337,0,1,1,0,1,3,0,0,0,0,0,0,0,0,0,0,0
20,RL,90.0,12378,NoAlley,2.0,Lvl,Inside,2.0,NridgHt,Norm,1Fam,1Story,9,5,2003,2004,Gable,VinylSd,VinylSd,None,0.0,3.0,2.0,PConc,5.0,3.0,4.0,6.0,1274.0,1.0,0.0,622.0,1896.0,4.0,Y,4.0,1944,0,0,1944,1.0,0.0,2,0,3,1,4.0,8,Typ,3,5.0,Attchd,2003.0,3.0,3.0,708.0,3.0,2.0,208,175,0,0,0,0,NoFence,0,11,2006,WD ,Normal,360000,0,1,1,0,1,3,0,0,0,0,0,0,0,0,0,0,0
20,RL,65.0,9757,NoAlley,3.0,Low,Inside,1.0,CollgCr,Norm,1Fam,1Story,5,7,1994,1994,Gable,VinylSd,VinylSd,None,0.0,2.0,3.0,PConc,3.0,3.0,1.0,5.0,755.0,1.0,0.0,235.0,990.0,4.0,Y,4.0,990,0,0,990,1.0,0.0,1,0,3,1,2.0,5,Typ,0,0.0,Attchd,1995.0,2.0,1.0,440.0,3.0,2.0,66,0,0,0,92,0,NoFence,0,10,2009,WD ,Normal,143000,0,0,1,0,1,2,0,0,0,0,0,0,0,0,0,0,0
20,FV,62.0,7500,Pave,3.0,Lvl,Inside,2.0,Somerst,Norm,1Fam,1Story,7,5,2007,2008,Gable,CemntBd,CmentBd,Stone,210.0,3.0,2.0,PConc,4.0,3.0,1.0,6.0,902.0,1.0,0.0,316.0,1218.0,4.0,Y,4.0,1218,0,0,1218,1.0,0.0,2,0,2,1,3.0,6,Typ,0,0.0,Attchd,2008.0,3.0,2.0,462.0,3.0,2.0,168,168,0,0,0,0,NoFence,0,4,2008,New,Partial,230348,0,0,1,0,1,2,0,0,0,0,0,0,0,0,0,0,0
20,RL,90.0,13339,NoAlley,2.0,Lvl,Inside,2.0,Crawfor,Norm,1Fam,1Story,6,6,1960,1960,Gable,HdBoard,Plywood,Stone,132.0,2.0,2.0,CBlock,3.0,3.0,1.0,2.0,65.0,4.0,875.0,621.0,1561.0,2.0,Y,4.0,1561,0,0,1561,1.0,0.0,2,0,3,1,2.0,6,Typ,1,4.0,Attchd,1960.0,3.0,2.0,463.0,3.0,2.0,0,148,0,0,120,0,NoFence,0,5,2009,WD ,Normal,193000,0,1,1,0,1,3,0,0,0,0,0,0,0,0,0,0,0
60,RL,64.0,9636,NoAlley,2.0,Lvl,Corner,2.0,Gilbert,Norm,1Fam,2Story,6,5,1992,1993,Gable,VinylSd,VinylSd,None,0.0,2.0,2.0,PConc,4.0,3.0,1.0,1.0,0.0,1.0,0.0,808.0,808.0,3.0,Y,4.0,808,785,0,1593,0.0,0.0,2,1,3,1,2.0,7,Typ,1,3.0,BuiltIn,1993.0,2.0,2.0,389.0,3.0,2.0,342,40,0,0,0,0,MnPrv,0,12,2009,WD ,Normal,178000,0,1,1,1,1,4,0,0,0,0,0,0,0,0,0,0,0
60,RL,74.0,7632,NoAlley,2.0,Lvl,Inside,2.0,SawyerW,Norm,1Fam,2Story,7,5,2005,2005,Gable,VinylSd,VinylSd,BrkFace,96.0,3.0,2.0,PConc,4.0,3.0,1.0,1.0,0.0,1.0,0.0,784.0,784.0,4.0,Y,4.0,831,754,0,1585,0.0,0.0,2,1,3,1,3.0,7,Typ,0,0.0,Attchd,2005.0,2.0,2.0,449.0,3.0,2.0,100,77,0,0,0,0,NoFence,0,3,2006,WD ,Normal,184900,0,0,1,0,1,2,0,0,0,0,0,0,0,0,0,0,0
120,RL,58.0,10110,NoAlley,2.0,Lvl,Inside,2.0,NridgHt,Norm,TwnhsE,1Story,9,5,2008,2008,Hip,MetalSd,MetalSd,BrkFace,492.0,4.0,2.0,PConc,4.0,3.0,1.0,6.0,372.0,1.0,0.0,1486.0,1858.0,4.0,Y,4.0,1866,0,0,1866,1.0,0.0,2,0,2,1,4.0,7,Typ,1,4.0,Attchd,2008.0,3.0,3.0,870.0,3.0,2.0,0,48,0,0,0,0,NoFence,0,11,2008,New,Partial,336860,0,1,1,0,1,3,0,0,0,0,0,0,0,0,0,0,0
20,RM,99.0,5940,NoAlley,2.0,Lvl,FR3,2.0,BrkSide,Feedr,1Fam,1Story,4,7,1946,1950,Gable,MetalSd,CBlock,None,0.0,2.0,2.0,PConc,0.0,0.0,0.0,0.0,0.0,0.0,0.0,0.0,0.0,2.0,Y,3.0,896,0,0,896,0.0,0.0,1,0,2,1,2.0,4,Typ,0,0.0,Detchd,1946.0,1.0,1.0,280.0,3.0,2.0,0,0,0,0,0,0,MnPrv,0,4,2008,ConLD,Abnorml,79000,0,0,1,1,1,3,0,0,0,0,0,0,0,1,1,0,0
60,RL,61.0,10125,NoAlley,2.0,Lvl,Inside,2.0,Gilbert,Norm,1Fam,2Story,7,5,2004,2004,Gable,VinylSd,VinylSd,None,0.0,3.0,2.0,PConc,4.0,3.0,2.0,1.0,0.0,1.0,0.0,846.0,846.0,4.0,Y,4.0,846,748,0,1594,0.0,0.0,2,1,3,1,3.0,7,Typ,1,4.0,Attchd,2004.0,3.0,2.0,434.0,3.0,2.0,300,48,0,0,0,0,MnPrv,0,7,2009,WD ,Normal,195500,0,1,1,1,1,4,0,0,0,0,0,0,0,0,0,0,0
20,RL,90.0,11664,NoAlley,3.0,Lvl,Corner,2.0,CollgCr,Norm,1Fam,1Story,7,5,2002,2002,Hip,VinylSd,VinylSd,None,0.0,3.0,2.0,PConc,4.0,3.0,3.0,6.0,1234.0,1.0,0.0,335.0,1569.0,4.0,Y,4.0,1611,0,0,1611,1.0,0.0,2,0,3,1,3.0,6,Typ,0,0.0,Attchd,2002.0,2.0,3.0,1231.0,3.0,2.0,262,93,0,0,0,0,NoFence,0,9,2009,WD ,Normal,250000,0,0,1,0,1,2,0,0,0,0,0,0,0,0,0,0,0
60,RL,93.0,12090,NoAlley,3.0,Lvl,Corner,2.0,NoRidge,Norm,1Fam,2Story,8,5,1998,1998,Hip,VinylSd,VinylSd,BrkFace,650.0,3.0,2.0,PConc,4.0,3.0,1.0,1.0,0.0,1.0,0.0,1141.0,1141.0,3.0,Y,4.0,1165,1098,0,2263,0.0,0.0,2,1,4,1,3.0,10,Typ,1,3.0,BuiltIn,1998.0,3.0,2.0,420.0,3.0,2.0,144,123,0,0,0,0,NoFence,0,7,2006,WD ,Abnorml,258000,0,1,1,0,1,3,0,0,0,0,0,0,0,0,0,0,0
120,RL,24.0,2529,NoAlley,3.0,Lvl,Inside,2.0,NPkVill,Norm,Twnhs,1Story,7,6,1977,1977,Gable,Plywood,Brk Cmn,None,0.0,2.0,2.0,CBlock,4.0,3.0,1.0,5.0,378.0,1.0,0.0,677.0,1055.0,1.0,Y,4.0,1055,0,0,1055,0.0,0.0,2,0,2,1,2.0,4,Typ,0,0.0,Attchd,1977.0,1.0,2.0,440.0,3.0,2.0,0,38,0,0,0,0,NoFence,0,9,2008,WD ,Normal,148500,0,0,1,0,1,2,0,0,0,0,0,0,0,0,0,0,0
60,RL,116.0,13474,NoAlley,3.0,Lvl,Inside,2.0,SawyerW,Feedr,1Fam,2Story,7,5,1990,1991,Gable,HdBoard,Plywood,BrkFace,246.0,3.0,2.0,CBlock,4.0,3.0,1.0,5.0,700.0,1.0,0.0,0.0,700.0,3.0,Y,4.0,1122,1121,0,2243,1.0,0.0,2,1,4,1,3.0,8,Typ,1,3.0,Attchd,1990.0,2.0,3.0,746.0,3.0,2.0,127,44,224,0,0,0,NoFence,0,6,2007,WD ,Normal,225000,0,1,1,0,1,3,0,0,0,0,0,0,0,0,0,0,0
50,RL,65.0,6001,NoAlley,2.0,Bnk,Inside,1.0,SWISU,Norm,1Fam,1.5Fin,6,5,1940,1950,Gable,VinylSd,VinylSd,None,0.0,2.0,2.0,CBlock,2.0,3.0,1.0,2.0,368.0,1.0,0.0,232.0,600.0,4.0,N,4.0,600,319,0,919,0.0,0.0,1,0,3,1,2.0,5,Typ,0,0.0,Detchd,1940.0,1.0,1.0,231.0,3.0,2.0,0,0,45,0,0,0,MnPrv,0,3,2010,WD ,Normal,95000,0,0,0,1,1,2,0,0,0,0,0,0,0,0,0,0,0
20,RL,81.0,7635,NoAlley,2.0,Lvl,Corner,2.0,NAmes,Norm,1Fam,1Story,5,6,1960,1960,Gable,BrkFace,Wd Sdng,None,0.0,2.0,2.0,CBlock,3.0,3.0,1.0,3.0,588.0,2.0,350.0,237.0,1175.0,4.0,Y,4.0,1175,0,0,1175,0.0,0.0,1,1,3,1,2.0,6,Typ,0,0.0,Detchd,1960.0,2.0,2.0,484.0,3.0,2.0,0,0,0,0,0,0,NoFence,0,6,2010,WD ,Normal,148000,0,0,1,0,1,2,0,0,0,0,0,0,0,0,0,0,0
120,RH,33.0,4113,NoAlley,2.0,Lvl,Inside,2.0,NAmes,Norm,TwnhsE,1Story,6,5,2001,2001,Gable,MetalSd,MetalSd,None,0.0,3.0,2.0,PConc,4.0,3.0,2.0,1.0,0.0,1.0,0.0,1337.0,1337.0,4.0,Y,4.0,1337,0,0,1337,0.0,0.0,2,0,2,1,3.0,5,Typ,1,3.0,Attchd,2001.0,3.0,2.0,511.0,3.0,2.0,136,68,0,0,0,0,NoFence,0,7,2007,WD ,Normal,155000,0,1,1,0,1,3,0,0,0,0,0,0,0,0,0,0,0
20,RL,66.0,12778,NoAlley,3.0,Lvl,Inside,2.0,NAmes,Norm,1Fam,1Story,5,6,1952,2003,Gable,MetalSd,MetalSd,None,0.0,2.0,2.0,CBlock,3.0,3.0,1.0,6.0,658.0,1.0,0.0,350.0,1008.0,4.0,Y,3.0,1008,0,0,1008,1.0,0.0,1,0,2,1,2.0,4,Typ,0,0.0,Attchd,1952.0,2.0,1.0,280.0,3.0,2.0,0,154,0,0,0,0,MnPrv,0,1,2006,WD ,Normal,139500,0,0,1,1,1,3,0,0,0,0,0,0,0,0,0,0,0
45,RM,50.0,6000,NoAlley,3.0,Lvl,Inside,2.0,BrkSide,Norm,1Fam,1.5Unf,6,7,1926,2004,Gable,Wd Sdng,Wd Sdng,None,0.0,3.0,2.0,PConc,3.0,3.0,1.0,1.0,0.0,1.0,0.0,884.0,884.0,3.0,Y,4.0,904,0,0,904,0.0,0.0,1,0,2,1,2.0,4,Typ,0,0.0,Detchd,1926.0,1.0,1.0,180.0,3.0,2.0,0,0,105,0,0,0,NoFence,0,1,2009,WD ,Normal,119000,0,0,1,0,1,2,0,0,0,0,0,0,0,0,0,0,0
85,RL,150.0,14137,NoAlley,3.0,Lvl,Corner,2.0,Mitchel,Norm,1Fam,SFoyer,4,5,1964,1964,Gable,HdBoard,HdBoard,BrkFace,98.0,2.0,2.0,CBlock,4.0,3.0,3.0,5.0,865.0,2.0,247.0,88.0,1200.0,3.0,Y,4.0,1200,0,0,1200,1.0,0.0,1,0,3,1,2.0,6,Typ,0,0.0,2Types,1964.0,3.0,3.0,850.0,3.0,2.0,0,119,0,0,171,0,NoFence,0,11,2008,ConLD,Normal,173000,0,0,1,0,1,2,0,0,0,0,0,0,0,0,0,0,0
60,FV,73.0,7500,NoAlley,3.0,Lvl,Inside,2.0,Somerst,Norm,1Fam,2Story,7,5,2002,2002,Gable,VinylSd,VinylSd,None,0.0,3.0,2.0,PConc,4.0,3.0,1.0,1.0,0.0,1.0,0.0,952.0,952.0,4.0,Y,4.0,952,860,0,1812,0.0,0.0,2,1,3,1,2.0,7,Typ,1,3.0,Attchd,2002.0,2.0,2.0,469.0,3.0,2.0,144,112,0,0,0,0,NoFence,0,4,2008,WD ,Normal,205000,0,1,1,0,1,3,0,0,0,0,0,0,0,0,0,0,1
20,RL,78.0,11645,NoAlley,3.0,Lvl,Inside,2.0,CollgCr,Norm,1Fam,1Story,8,5,2005,2006,Hip,VinylSd,VinylSd,BrkFace,198.0,3.0,2.0,PConc,5.0,3.0,4.0,6.0,1122.0,1.0,0.0,448.0,1570.0,4.0,Y,4.0,1590,0,0,1590,1.0,0.0,2,1,2,1,4.0,6,Typ,0,0.0,Attchd,2005.0,3.0,3.0,754.0,3.0,2.0,176,80,0,0,0,0,NoFence,0,8,2006,New,Partial,294900,0,0,1,0,1,2,0,0,0,0,0,0,0,0,0,0,0
120,RL,89.0,8232,NoAlley,2.0,Lvl,Inside,2.0,NridgHt,Norm,TwnhsE,1Story,9,5,2007,2008,Hip,MetalSd,MetalSd,BrkFace,714.0,4.0,2.0,PConc,5.0,3.0,1.0,6.0,1204.0,1.0,0.0,596.0,1800.0,4.0,Y,4.0,1800,0,0,1800,1.0,0.0,2,0,2,1,4.0,6,Typ,1,4.0,Attchd,2008.0,2.0,3.0,944.0,3.0,2.0,210,0,0,0,0,0,NoFence,0,6,2008,New,Partial,370967,0,1,1,0,1,3,0,0,0,0,0,0,0,0,0,0,0
160,RM,24.0,1920,NoAlley,3.0,Lvl,Inside,2.0,BrDale,Norm,TwnhsE,2Story,5,5,1971,1971,Gable,HdBoard,HdBoard,BrkFace,376.0,2.0,2.0,CBlock,3.0,3.0,1.0,5.0,471.0,1.0,0.0,294.0,765.0,4.0,Y,4.0,765,600,0,1365,1.0,0.0,1,1,2,1,2.0,6,Min1,0,0.0,Detchd,1971.0,1.0,2.0,440.0,3.0,2.0,240,36,0,0,0,0,NoFence,0,8,2007,WD ,Normal,122500,0,0,1,0,1,2,0,0,0,0,0,0,0,0,0,0,0
20,RL,74.0,8169,NoAlley,3.0,Lvl,Corner,2.0,Sawyer,Feedr,1Fam,1Story,5,7,1966,1966,Gable,Plywood,Plywood,None,0.0,2.0,3.0,CBlock,3.0,3.0,1.0,3.0,216.0,5.0,435.0,261.0,912.0,4.0,Y,4.0,912,0,0,912,1.0,0.0,1,0,3,1,3.0,6,Typ,0,0.0,Detchd,1966.0,1.0,1.0,315.0,3.0,2.0,204,0,0,0,0,0,MnPrv,0,7,2007,WD ,Normal,129000,0,0,1,1,1,3,0,0,0,0,0,0,0,0,0,0,0
20,RL,120.0,14780,NoAlley,2.0,HLS,Corner,1.0,NridgHt,Norm,1Fam,1Story,9,5,2005,2005,Hip,VinylSd,VinylSd,BrkFace,568.0,4.0,2.0,PConc,5.0,3.0,4.0,6.0,1505.0,1.0,0.0,363.0,1868.0,4.0,Y,4.0,1868,0,0,1868,1.0,0.0,2,0,2,1,4.0,7,Typ,1,4.0,Attchd,2005.0,3.0,3.0,1085.0,3.0,2.0,354,56,0,0,156,0,NoFence,0,6,2006,WD ,Normal,415000,0,1,1,0,1,3,0,0,0,0,0,0,0,0,0,0,0
160,RL,24.0,2280,NoAlley,3.0,Lvl,Inside,2.0,NPkVill,Norm,Twnhs,2Story,6,5,1978,1978,Gable,Plywood,Brk Cmn,None,0.0,2.0,2.0,CBlock,4.0,3.0,1.0,5.0,311.0,1.0,0.0,544.0,855.0,1.0,Y,4.0,855,601,0,1456,0.0,0.0,2,1,3,1,2.0,7,Typ,1,3.0,Attchd,1978.0,1.0,2.0,440.0,3.0,2.0,26,0,0,0,0,0,NoFence,0,7,2010,WD ,Normal,146000,0,1,1,0,1,3,0,0,0,0,0,0,0,0,0,0,0
20,RL,61.0,10226,NoAlley,2.0,Lvl,Inside,2.0,CollgCr,Norm,1Fam,1Story,8,5,2008,2008,Gable,VinylSd,VinylSd,Stone,270.0,3.0,2.0,PConc,5.0,3.0,4.0,1.0,0.0,1.0,0.0,1622.0,1622.0,4.0,Y,4.0,1630,0,0,1630,1.0,0.0,2,0,3,1,4.0,8,Typ,1,4.0,Attchd,2008.0,2.0,3.0,860.0,3.0,2.0,172,42,0,0,0,0,NoFence,0,1,2009,WD ,Normal,295493,0,1,1,0,1,3,0,0,0,0,0,0,0,0,0,0,0
80,RL,92.0,6930,NoAlley,2.0,Lvl,Inside,2.0,ClearCr,Norm,1Fam,SLvl,5,4,1958,1958,Hip,Wd Sdng,ImStucc,BrkFace,120.0,2.0,2.0,CBlock,3.0,3.0,3.0,4.0,300.0,3.0,294.0,468.0,1062.0,4.0,Y,1.0,1352,0,0,1352,0.0,1.0,1,0,3,1,3.0,6,Min2,0,0.0,BuiltIn,1958.0,1.0,1.0,288.0,3.0,2.0,168,0,294,0,0,0,NoFence,0,7,2006,WD ,Abnorml,130000,0,0,1,0,1,2,0,0,0,0,0,0,0,0,0,0,0
20,RL,74.0,9990,NoAlley,3.0,Lvl,Inside,2.0,Mitchel,Norm,1Fam,1Story,4,5,1991,1991,Gable,HdBoard,HdBoard,None,0.0,2.0,2.0,PConc,4.0,3.0,1.0,5.0,1383.0,1.0,0.0,297.0,1680.0,3.0,Y,4.0,1689,0,0,1689,1.0,0.0,2,0,3,1,2.0,6,Typ,1,3.0,Attchd,1991.0,1.0,2.0,432.0,3.0,2.0,428,120,0,0,0,0,NoFence,0,7,2008,WD ,Normal,228500,0,1,1,0,1,3,0,0,0,0,0,0,0,0,0,0,0
60,RL,72.0,7226,NoAlley,2.0,Lvl,CulDSac,2.0,CollgCr,Norm,1Fam,2Story,7,5,2003,2003,Gable,VinylSd,VinylSd,None,0.0,3.0,2.0,PConc,4.0,3.0,1.0,1.0,0.0,1.0,0.0,798.0,798.0,4.0,Y,4.0,798,842,0,1640,0.0,0.0,2,1,3,1,3.0,6,Typ,0,0.0,Attchd,2003.0,2.0,2.0,595.0,3.0,2.0,0,45,0,0,0,0,NoFence,0,6,2008,WD ,Normal,183000,0,0,1,0,1,2,0,0,0,0,0,0,0,0,0,0,0
20,RL,67.0,10656,NoAlley,2.0,HLS,Inside,2.0,Timber,Norm,1Fam,1Story,8,5,2006,2007,Gable,VinylSd,VinylSd,Stone,274.0,3.0,2.0,PConc,4.0,3.0,3.0,1.0,0.0,1.0,0.0,1638.0,1638.0,4.0,Y,4.0,1646,0,0,1646,0.0,0.0,2,0,3,1,3.0,6,Typ,1,4.0,Attchd,2007.0,2.0,3.0,870.0,3.0,2.0,192,80,0,0,0,0,NoFence,0,11,2007,New,Partial,248900,0,1,1,0,1,3,0,0,0,0,0,0,0,0,0,0,0
60,RL,57.0,8924,NoAlley,2.0,Lvl,CulDSac,2.0,CollgCr,Norm,1Fam,2Story,7,5,1998,1999,Gable,VinylSd,VinylSd,None,0.0,2.0,2.0,PConc,4.0,3.0,3.0,1.0,0.0,1.0,0.0,880.0,880.0,4.0,Y,4.0,880,844,0,1724,0.0,0.0,2,1,3,1,3.0,8,Typ,0,0.0,Attchd,1998.0,3.0,2.0,527.0,3.0,2.0,120,155,0,0,0,0,NoFence,0,7,2008,WD ,Normal,188000,0,0,1,0,1,2,0,0,0,0,0,0,0,0,0,0,0
20,RL,78.0,11645,NoAlley,3.0,Lvl,Inside,2.0,CollgCr,Norm,1Fam,1Story,7,5,2005,2005,Gable,VinylSd,VinylSd,None,0.0,3.0,2.0,PConc,4.0,3.0,3.0,6.0,1300.0,1.0,0.0,434.0,1734.0,4.0,Y,4.0,1734,0,0,1734,1.0,0.0,2,0,3,1,3.0,7,Typ,0,0.0,Attchd,2005.0,3.0,2.0,660.0,3.0,2.0,160,24,0,0,0,0,NoFence,0,1,2006,WD ,Normal,260000,0,0,1,0,1,2,0,0,0,0,0,0,0,0,0,0,0
60,RL,70.0,12728,NoAlley,3.0,Lvl,Inside,2.0,CollgCr,Norm,1Fam,2Story,8,5,2001,2001,Gable,VinylSd,VinylSd,BrkFace,256.0,3.0,2.0,PConc,4.0,3.0,2.0,6.0,1198.0,1.0,0.0,333.0,1531.0,4.0,Y,4.0,1531,908,0,2439,1.0,0.0,2,1,4,1,3.0,7,Typ,1,3.0,Attchd,2001.0,3.0,2.0,560.0,3.0,2.0,184,121,0,0,0,0,NoFence,0,1,2007,WD ,Normal,275000,0,1,1,0,1,3,0,0,0,0,0,0,0,0,0,0,0
85,RL,82.0,11105,NoAlley,3.0,Lvl,Corner,2.0,CollgCr,Norm,1Fam,SFoyer,5,5,1996,1996,Gable,VinylSd,VinylSd,None,0.0,2.0,3.0,PConc,4.0,2.0,3.0,6.0,870.0,1.0,0.0,0.0,870.0,3.0,Y,4.0,965,0,0,965,1.0,0.0,1,0,2,1,2.0,4,Typ,0,0.0,Attchd,1998.0,1.0,2.0,580.0,4.0,2.0,71,0,0,0,0,0,GdPrv,0,7,2010,WD ,Normal,159000,0,0,1,1,1,3,0,0,0,0,0,0,0,0,0,0,0
20,RL,80.0,8240,NoAlley,3.0,Lvl,Inside,2.0,Edwards,Norm,1Fam,1Story,6,6,1960,1960,Hip,HdBoard,HdBoard,Stone,198.0,2.0,2.0,CBlock,3.0,3.0,1.0,1.0,0.0,1.0,0.0,1179.0,1179.0,3.0,Y,4.0,1179,0,0,1179,0.0,0.0,1,0,2,1,2.0,5,Min2,0,0.0,Attchd,1960.0,3.0,2.0,622.0,3.0,1.0,0,0,0,0,0,0,GdPrv,0,6,2007,WD ,Normal,110000,0,0,1,1,1,3,0,0,0,0,0,0,0,0,0,0,0
20,RL,74.0,8789,NoAlley,2.0,Lvl,Inside,2.0,Sawyer,Norm,1Fam,1Story,5,6,1967,1967,Gable,VinylSd,VinylSd,None,0.0,2.0,2.0,CBlock,3.0,3.0,2.0,3.0,659.0,1.0,0.0,253.0,912.0,2.0,Y,4.0,941,0,0,941,0.0,0.0,1,0,3,1,2.0,6,Typ,1,1.0,Attchd,1967.0,1.0,1.0,288.0,3.0,2.0,64,0,0,0,0,0,NoFence,0,6,2006,WD ,Normal,129200,0,1,1,0,1,3,0,0,0,0,0,0,0,0,0,0,0
60,RL,100.0,13000,NoAlley,3.0,Lvl,Corner,2.0,NAmes,Norm,1Fam,2Story,6,6,1968,1968,Gable,VinylSd,VinylSd,BrkFace,576.0,2.0,3.0,CBlock,4.0,3.0,1.0,3.0,448.0,1.0,0.0,448.0,896.0,2.0,Y,4.0,1182,960,0,2142,0.0,0.0,2,1,4,1,3.0,8,Typ,1,4.0,Attchd,1968.0,3.0,1.0,509.0,3.0,2.0,0,72,0,0,252,0,NoFence,0,6,2009,WD ,Normal,193500,0,1,1,0,1,3,0,0,0,0,0,0,0,0,0,0,0
75,RL,174.0,25419,NoAlley,3.0,Lvl,Corner,2.0,NAmes,Artery,1Fam,2Story,8,4,1918,1990,Gable,Stucco,Stucco,None,0.0,3.0,3.0,PConc,3.0,3.0,1.0,6.0,1036.0,2.0,184.0,140.0,1360.0,3.0,Y,4.0,1360,1360,392,3112,1.0,1.0,2,0,4,1,3.0,8,Typ,1,5.0,Detchd,1918.0,1.0,2.0,795.0,3.0,2.0,0,16,552,0,0,512,GdPrv,0,3,2006,WD ,Abnorml,235000,1,1,1,1,1,5,0,0,0,0,0,0,0,0,0,0,0
30,RM,60.0,7200,NoAlley,3.0,Lvl,Corner,2.0,IDOTRR,Norm,1Fam,1Story,6,7,1925,1992,Gable,VinylSd,VinylSd,None,0.0,2.0,2.0,CBlock,3.0,3.0,1.0,1.0,0.0,1.0,0.0,1040.0,1040.0,3.0,Y,4.0,1040,0,0,1040,0.0,0.0,1,0,2,1,2.0,5,Typ,0,0.0,Detchd,1993.0,1.0,2.0,320.0,3.0,2.0,0,132,0,0,0,0,NoFence,0,7,2008,WD ,Normal,127500,0,0,1,0,1,2,0,0,0,0,0,0,0,0,0,0,0
50,RL,80.0,13837,NoAlley,2.0,Lvl,Corner,2.0,NWAmes,Norm,1Fam,1.5Fin,7,5,1988,1988,Gable,HdBoard,HdBoard,BrkFace,178.0,3.0,3.0,PConc,4.0,4.0,1.0,6.0,1002.0,2.0,202.0,0.0,1204.0,3.0,Y,4.0,1377,806,0,2183,0.0,0.0,2,1,4,1,3.0,9,Typ,0,0.0,Attchd,1988.0,1.0,3.0,786.0,3.0,2.0,0,0,0,0,0,0,NoFence,0,2,2006,WD ,Normal,229000,0,0,1,0,1,2,0,0,0,0,0,0,0,0,0,0,0
180,RM,35.0,3675,NoAlley,3.0,Lvl,Inside,2.0,Edwards,Norm,TwnhsE,SFoyer,6,5,2005,2005,Gable,VinylSd,VinylSd,Stone,76.0,2.0,2.0,PConc,4.0,3.0,4.0,6.0,467.0,1.0,0.0,80.0,547.0,4.0,Y,4.0,1072,0,0,1072,1.0,0.0,1,0,2,1,3.0,5,Typ,0,0.0,Basment,2005.0,3.0,2.0,525.0,3.0,2.0,0,44,0,0,0,0,NoFence,0,5,2007,WD ,Normal,140000,0,0,1,0,1,2,0,0,0,0,0,0,0,0,0,0,0
20,RL,80.0,9000,NoAlley,2.0,HLS,Inside,1.0,NAmes,Norm,1Fam,1Story,6,6,1958,1958,Flat,Wd Sdng,Wd Sdng,BrkFace,82.0,2.0,2.0,CBlock,4.0,3.0,4.0,1.0,0.0,1.0,0.0,160.0,160.0,1.0,Y,4.0,1142,0,0,1142,0.0,0.0,1,0,2,1,2.0,5,Typ,1,4.0,Basment,1958.0,2.0,1.0,384.0,3.0,2.0,0,28,64,0,0,0,NoFence,0,4,2009,WD ,Normal,113500,0,1,1,0,1,3,0,0,0,0,0,0,0,0,0,0,0
60,RL,64.0,8637,NoAlley,2.0,Lvl,Inside,2.0,Gilbert,Norm,1Fam,2Story,6,5,1999,2000,Gable,VinylSd,VinylSd,None,0.0,2.0,2.0,PConc,4.0,3.0,1.0,5.0,871.0,1.0,0.0,52.0,923.0,3.0,Y,4.0,947,767,0,1714,1.0,0.0,2,1,3,1,2.0,7,Typ,1,3.0,Attchd,2000.0,3.0,2.0,451.0,3.0,2.0,256,48,0,0,0,0,NoFence,0,4,2007,WD ,Abnorml,180000,0,1,1,0,1,3,0,0,0,0,0,0,0,0,0,0,0
70,RM,59.0,5870,NoAlley,3.0,Lvl,Corner,2.0,BrkSide,Feedr,1Fam,2Story,6,9,1900,2000,Gable,HdBoard,HdBoard,None,0.0,2.0,3.0,BrkTil,3.0,3.0,1.0,1.0,0.0,1.0,0.0,554.0,554.0,4.0,Y,4.0,736,554,0,1290,0.0,0.0,1,1,3,1,2.0,6,Typ,0,0.0,Detchd,1926.0,1.0,1.0,200.0,2.0,2.0,38,112,0,0,0,0,MnPrv,400,4,2008,WD ,Normal,106900,0,0,1,1,1,3,0,0,0,0,0,0,0,0,0,0,0
80,RM,76.0,11800,NoAlley,3.0,Lvl,Inside,2.0,OldTown,Norm,1Fam,SLvl,4,7,1949,2002,Gable,Stucco,Wd Sdng,None,0.0,2.0,2.0,Slab,0.0,0.0,0.0,0.0,0.0,0.0,0.0,0.0,0.0,4.0,Y,4.0,1382,0,0,1382,0.0,0.0,2,0,1,1,2.0,6,Mod,1,3.0,Attchd,1957.0,2.0,1.0,384.0,3.0,2.0,0,40,0,0,0,0,NoFence,0,5,2007,WD ,Normal,110000,0,1,1,0,1,3,0,0,0,0,0,0,0,0,0,0,0
20,RL,75.0,9000,NoAlley,3.0,Lvl,Inside,2.0,NWAmes,Feedr,1Fam,1Story,6,5,1969,1969,Gable,HdBoard,HdBoard,BrkFace,200.0,2.0,2.0,CBlock,3.0,3.0,3.0,4.0,955.0,1.0,0.0,261.0,1216.0,2.0,Y,4.0,1216,0,0,1216,1.0,0.0,1,0,3,1,2.0,5,Typ,0,0.0,Attchd,1969.0,1.0,1.0,336.0,3.0,2.0,0,0,0,0,0,0,MnPrv,0,8,2009,WD ,Abnorml,113000,0,0,1,1,1,3,0,0,0,0,0,0,0,0,0,0,0
60,RL,42.0,26178,NoAlley,2.0,Lvl,Inside,1.0,Timber,Norm,1Fam,2Story,7,5,1989,1990,Hip,MetalSd,MetalSd,BrkFace,293.0,3.0,2.0,PConc,4.0,3.0,4.0,6.0,965.0,1.0,0.0,245.0,1210.0,4.0,Y,4.0,1238,1281,0,2519,1.0,0.0,2,1,4,1,3.0,9,Typ,2,4.0,Attchd,1989.0,2.0,2.0,628.0,3.0,2.0,320,27,0,0,0,0,NoFence,0,4,2006,WD ,Normal,335000,0,1,1,0,1,3,0,0,0,0,0,0,0,0,0,0,0
50,RM,50.0,6000,NoAlley,3.0,Lvl,Inside,2.0,BrkSide,Norm,1Fam,1.5Fin,6,7,1948,1950,Gable,Wd Sdng,Wd Sdng,None,0.0,2.0,2.0,CBlock,3.0,3.0,1.0,3.0,300.0,1.0,0.0,480.0,780.0,2.0,Y,4.0,780,636,0,1416,0.0,0.0,1,1,3,1,2.0,6,Typ,0,0.0,Detchd,1948.0,1.0,1.0,312.0,3.0,1.0,221,0,48,0,0,0,NoFence,0,3,2010,WD ,Normal,139900,0,0,1,0,1,2,0,0,0,0,0,0,0,0,0,0,0
20,RL,80.0,9600,NoAlley,3.0,Lvl,Inside,2.0,NAmes,Norm,1Fam,1Story,5,6,1955,1955,Hip,HdBoard,HdBoard,BrkFace,176.0,2.0,3.0,CBlock,3.0,3.0,1.0,4.0,368.0,1.0,0.0,710.0,1078.0,4.0,Y,4.0,1150,0,0,1150,1.0,0.0,1,0,2,1,2.0,6,Typ,0,0.0,Attchd,1955.0,3.0,1.0,288.0,3.0,2.0,0,0,0,0,175,0,MnPrv,0,10,2007,WD ,Normal,144000,0,0,1,1,1,3,0,0,0,0,0,0,0,0,0,0,0
20,RL,104.0,11361,NoAlley,3.0,Lvl,Inside,2.0,NWAmes,Norm,1Fam,1Story,6,5,1976,1976,Gable,Plywood,Plywood,BrkFace,160.0,2.0,2.0,CBlock,4.0,3.0,1.0,5.0,644.0,1.0,0.0,549.0,1193.0,2.0,Y,4.0,1523,0,0,1523,0.0,1.0,2,0,3,1,2.0,7,Typ,1,3.0,Attchd,1976.0,3.0,2.0,478.0,3.0,2.0,0,0,0,0,189,0,MnPrv,0,5,2008,COD,Abnorml,180000,0,1,1,1,1,4,0,0,0,0,0,0,0,0,0,0,0
60,RL,65.0,8200,NoAlley,3.0,Lvl,Inside,2.0,CollgCr,Norm,1Fam,2Story,7,5,2003,2004,Gable,VinylSd,VinylSd,None,0.0,3.0,2.0,PConc,4.0,3.0,1.0,1.0,0.0,1.0,0.0,847.0,847.0,4.0,Y,4.0,847,1081,0,1928,0.0,0.0,2,1,4,1,3.0,8,Typ,1,4.0,BuiltIn,2003.0,3.0,2.0,434.0,3.0,2.0,100,48,0,0,0,0,NoFence,0,7,2007,WD ,Normal,219500,0,1,1,0,1,3,0,0,0,0,0,0,0,0,0,0,0
30,RL,50.0,5220,NoAlley,2.0,Lvl,Inside,2.0,SWISU,Norm,1Fam,1Story,5,3,1936,1950,Gable,Wd Sdng,Wd Shng,None,0.0,2.0,2.0,BrkTil,3.0,3.0,1.0,1.0,0.0,1.0,0.0,830.0,830.0,3.0,Y,4.0,879,0,0,879,0.0,0.0,1,0,2,1,2.0,4,Typ,0,0.0,Detchd,1936.0,1.0,1.0,180.0,3.0,1.0,0,108,0,0,0,0,NoFence,0,1,2006,WD ,Normal,80000,0,0,1,0,1,2,0,0,0,0,0,0,0,0,0,0,0
60,RL,65.0,8366,NoAlley,2.0,Lvl,Inside,2.0,SawyerW,Norm,1Fam,2Story,6,5,2004,2004,Gable,VinylSd,VinylSd,None,0.0,3.0,2.0,PConc,4.0,3.0,1.0,1.0,0.0,1.0,0.0,798.0,798.0,4.0,Y,4.0,798,842,0,1640,0.0,0.0,2,1,3,1,3.0,6,Typ,0,0.0,Attchd,2004.0,2.0,2.0,520.0,3.0,2.0,138,45,0,0,0,0,NoFence,0,12,2008,WD ,Normal,173000,0,0,1,0,1,2,0,0,0,0,0,0,0,0,0,0,0
60,RL,98.0,12203,NoAlley,2.0,Lvl,Corner,2.0,NoRidge,Norm,1Fam,2Story,8,5,1998,1999,Hip,VinylSd,VinylSd,BrkFace,975.0,3.0,2.0,PConc,4.0,3.0,1.0,6.0,854.0,1.0,0.0,371.0,1225.0,4.0,Y,4.0,1276,1336,0,2612,1.0,0.0,2,1,4,1,3.0,8,Typ,1,3.0,Attchd,1998.0,3.0,3.0,676.0,3.0,2.0,250,0,0,0,0,0,NoFence,0,7,2009,WD ,Normal,336000,0,1,1,0,1,3,0,0,0,0,0,0,0,0,0,0,0
30,RL,50.0,9340,NoAlley,3.0,Lvl,Inside,2.0,Edwards,Norm,1Fam,1Story,4,6,1941,1950,Hip,MetalSd,MetalSd,None,0.0,2.0,2.0,CBlock,3.0,3.0,1.0,3.0,344.0,1.0,0.0,328.0,672.0,2.0,Y,4.0,672,0,0,672,1.0,0.0,1,0,2,1,2.0,4,Typ,0,0.0,Attchd,1941.0,1.0,1.0,234.0,3.0,0.0,0,113,0,0,0,0,NoFence,0,8,2009,WD ,Normal,113000,0,0,1,0,1,2,0,0,0,0,0,0,0,0,0,0,0
60,RL,64.0,7861,NoAlley,2.0,Lvl,Inside,2.0,Gilbert,Norm,1Fam,2Story,6,5,2002,2003,Gable,VinylSd,VinylSd,None,0.0,3.0,2.0,PConc,4.0,3.0,1.0,6.0,457.0,1.0,0.0,326.0,783.0,4.0,Y,4.0,807,702,0,1509,1.0,0.0,2,1,3,1,3.0,7,Typ,1,4.0,Attchd,2002.0,3.0,2.0,393.0,3.0,2.0,100,75,0,0,0,0,NoFence,0,6,2006,WD ,Normal,183200,0,1,1,0,1,3,0,0,0,0,0,0,0,0,0,0,0
85,RL,85.0,10625,NoAlley,3.0,Lvl,Inside,2.0,NWAmes,Norm,1Fam,SFoyer,7,6,1974,1974,Gable,Plywood,Plywood,BrkFace,81.0,2.0,2.0,CBlock,4.0,3.0,4.0,6.0,885.0,2.0,168.0,0.0,1053.0,2.0,Y,4.0,1173,0,0,1173,1.0,0.0,2,0,3,1,3.0,6,Typ,2,3.0,Attchd,1974.0,2.0,2.0,528.0,3.0,2.0,0,120,0,0,0,0,MnPrv,0,1,2010,WD ,Family,170000,0,1,1,1,1,4,0,0,0,0,0,0,0,0,0,0,0
60,RL,64.0,8795,NoAlley,2.0,Lvl,Inside,2.0,Gilbert,Norm,1Fam,2Story,7,5,2000,2000,Gable,VinylSd,VinylSd,None,0.0,3.0,2.0,PConc,4.0,3.0,1.0,6.0,300.0,1.0,0.0,652.0,952.0,4.0,Y,4.0,980,1276,0,2256,0.0,0.0,2,1,4,1,3.0,8,Typ,1,3.0,BuiltIn,2000.0,3.0,2.0,554.0,3.0,2.0,224,54,0,0,0,0,NoFence,0,4,2009,WD ,Normal,236000,0,1,1,0,1,3,0,0,0,0,0,0,0,0,0,0,0
20,RL,90.0,13200,NoAlley,2.0,Lvl,Inside,2.0,NAmes,Feedr,1Fam,1Story,6,6,1958,1958,Gable,Wd Sdng,Wd Sdng,BrkFace,187.0,2.0,2.0,CBlock,3.0,3.0,1.0,2.0,958.0,1.0,0.0,437.0,1395.0,4.0,Y,4.0,1570,0,0,1570,1.0,0.0,1,0,3,1,2.0,5,Typ,1,3.0,Attchd,1958.0,2.0,2.0,441.0,3.0,2.0,490,0,0,0,0,0,NoFence,0,5,2008,WD ,Normal,166800,0,1,1,0,1,3,0,0,0,0,0,0,0,0,0,0,0
20,RL,49.0,15218,NoAlley,2.0,Lvl,CulDSac,2.0,Somerst,RRAn,1Fam,1Story,8,5,2006,2006,Gable,VinylSd,VinylSd,None,0.0,3.0,2.0,PConc,5.0,4.0,1.0,6.0,1562.0,1.0,0.0,108.0,1670.0,4.0,Y,4.0,1670,0,0,1670,1.0,0.0,2,1,2,1,3.0,6,Typ,1,4.0,Attchd,2006.0,2.0,3.0,928.0,3.0,2.0,0,240,200,0,0,0,NoFence,0,9,2006,New,Partial,336820,0,1,1,0,1,3,0,0,0,0,0,0,0,0,0,0,1
120,RL,40.0,4671,NoAlley,2.0,HLS,Inside,2.0,StoneBr,Norm,TwnhsE,1Story,8,5,1988,1989,Gable,HdBoard,HdBoard,None,0.0,3.0,2.0,PConc,4.0,3.0,2.0,6.0,767.0,1.0,0.0,461.0,1228.0,3.0,Y,4.0,1228,0,0,1228,1.0,0.0,2,0,2,1,3.0,5,Typ,1,4.0,Attchd,1988.0,3.0,2.0,472.0,3.0,2.0,168,120,0,0,0,0,NoFence,0,10,2008,WD ,Normal,189000,0,1,1,0,1,3,0,0,0,0,0,0,0,0,0,0,0
20,RL,70.0,7931,NoAlley,3.0,Lvl,Inside,2.0,NAmes,Norm,1Fam,1Story,5,6,1960,1960,Gable,BrkFace,Wd Sdng,None,0.0,2.0,2.0,CBlock,3.0,3.0,1.0,4.0,374.0,2.0,532.0,363.0,1269.0,2.0,Y,3.0,1269,0,0,1269,0.0,0.0,1,1,3,1,2.0,6,Typ,1,2.0,Detchd,1964.0,1.0,1.0,308.0,3.0,2.0,0,0,0,0,0,0,NoFence,0,6,2008,WD ,Normal,155000,0,1,1,0,1,3,0,0,0,0,0,0,0,0,0,0,0
60,RL,88.0,14200,NoAlley,3.0,Lvl,Corner,2.0,NAmes,Norm,1Fam,2Story,7,6,1966,1966,Gable,MetalSd,MetalSd,BrkFace,309.0,2.0,2.0,CBlock,3.0,3.0,1.0,3.0,445.0,1.0,0.0,479.0,924.0,4.0,Y,4.0,1216,941,0,2157,0.0,0.0,2,1,4,1,3.0,8,Typ,2,4.0,Attchd,1966.0,3.0,2.0,487.0,3.0,2.0,105,66,0,0,0,0,GdPrv,0,5,2006,WD ,Normal,226000,0,1,1,1,1,4,0,0,0,0,0,0,0,0,0,0,0
60,RL,72.0,11075,NoAlley,2.0,Lvl,Inside,1.0,Mitchel,Norm,1Fam,2Story,5,4,1969,1969,Gable,HdBoard,HdBoard,BrkFace,232.0,2.0,2.0,CBlock,3.0,3.0,3.0,5.0,562.0,2.0,193.0,29.0,784.0,4.0,Y,4.0,1168,800,0,1968,0.0,1.0,2,1,4,1,2.0,7,Min2,1,1.0,Attchd,1969.0,2.0,2.0,530.0,3.0,2.0,305,189,0,0,0,0,MnPrv,400,9,2008,WD ,Normal,172000,0,1,1,1,1,4,0,0,0,0,0,0,0,0,0,0,0
20,RL,80.0,20781,NoAlley,1.0,Lvl,CulDSac,2.0,NWAmes,PosN,1Fam,1Story,7,7,1968,2003,Hip,BrkFace,HdBoard,None,0.0,2.0,2.0,CBlock,3.0,3.0,1.0,4.0,297.0,3.0,68.0,1203.0,1568.0,2.0,Y,4.0,2156,0,0,2156,0.0,0.0,2,0,3,1,2.0,9,Typ,1,4.0,Attchd,1968.0,2.0,2.0,508.0,4.0,2.0,0,80,0,290,0,0,NoFence,0,6,2006,WD ,Normal,262500,0,1,1,0,1,3,0,0,0,0,0,0,0,0,0,0,0
90,RL,64.0,7007,NoAlley,3.0,Bnk,Inside,2.0,SawyerW,Norm,Duplex,1Story,5,5,1979,1979,Gable,HdBoard,HdBoard,None,0.0,2.0,2.0,Slab,0.0,0.0,0.0,0.0,0.0,0.0,0.0,0.0,0.0,2.0,Y,4.0,1513,0,0,1513,0.0,0.0,2,0,4,2,2.0,8,Typ,0,0.0,Attchd,1979.0,1.0,2.0,400.0,3.0,2.0,0,0,0,0,0,0,NoFence,0,6,2009,WD ,Alloca,113722,0,0,1,0,1,2,0,0,0,0,0,0,0,0,0,0,0
20,RL,98.0,12291,NoAlley,2.0,Lvl,Inside,2.0,Somerst,Norm,1Fam,1Story,10,5,2007,2007,Hip,CemntBd,CmentBd,BrkFace,754.0,4.0,2.0,PConc,5.0,3.0,3.0,6.0,1572.0,1.0,0.0,394.0,1966.0,4.0,Y,4.0,1966,0,0,1966,1.0,0.0,2,0,1,1,4.0,6,Typ,1,4.0,Attchd,2007.0,3.0,3.0,1092.0,3.0,2.0,76,52,0,0,0,0,NoFence,0,10,2007,New,Partial,419005,0,1,1,0,1,3,0,0,0,0,0,0,0,0,0,0,0
90,RL,80.0,11600,NoAlley,3.0,Lvl,Corner,2.0,NAmes,Feedr,Duplex,2Story,5,5,1960,1960,Gable,MetalSd,MetalSd,BrkFace,361.0,2.0,2.0,CBlock,3.0,3.0,1.0,3.0,443.0,1.0,0.0,662.0,1105.0,2.0,Y,3.0,1105,1169,0,2274,0.0,0.0,2,0,5,2,2.0,12,Typ,0,0.0,Detchd,1960.0,1.0,2.0,480.0,3.0,2.0,0,0,0,0,0,0,NoFence,0,1,2010,WD ,Normal,154300,0,0,1,0,1,2,0,0,0,0,0,0,0,0,0,0,0
20,RL,149.0,19958,NoAlley,3.0,Lvl,Inside,2.0,Timber,Norm,1Fam,1Story,6,8,1958,1995,Hip,HdBoard,HdBoard,BrkFace,1224.0,2.0,3.0,CBlock,3.0,3.0,1.0,1.0,0.0,1.0,0.0,585.0,585.0,3.0,Y,4.0,2279,0,0,2279,0.0,0.0,2,1,4,1,3.0,7,Typ,1,4.0,Attchd,1958.0,2.0,2.0,461.0,3.0,2.0,274,0,0,0,138,0,GdPrv,0,7,2007,WD ,Normal,257000,0,1,1,1,1,4,0,0,0,0,0,0,0,0,0,0,0
20,RL,74.0,11563,NoAlley,2.0,HLS,Inside,2.0,Timber,Norm,1Fam,1Story,8,5,2006,2007,Hip,VinylSd,VinylSd,Stone,258.0,3.0,2.0,PConc,5.0,3.0,4.0,6.0,1036.0,1.0,0.0,482.0,1518.0,4.0,Y,4.0,1537,0,0,1537,1.0,0.0,2,0,3,1,3.0,8,Typ,0,0.0,Attchd,2007.0,3.0,3.0,788.0,3.0,2.0,0,26,0,0,0,0,NoFence,0,4,2008,WD ,Normal,294000,0,0,1,0,1,2,0,0,0,0,0,0,0,0,0,0,0
80,RL,57.0,8923,NoAlley,2.0,Lvl,Inside,2.0,Gilbert,Norm,1Fam,SLvl,7,5,1998,1998,Gable,VinylSd,VinylSd,None,0.0,3.0,2.0,PConc,4.0,3.0,1.0,6.0,189.0,1.0,0.0,195.0,384.0,3.0,Y,4.0,751,631,0,1382,0.0,0.0,2,1,3,1,2.0,7,Typ,1,3.0,BuiltIn,1998.0,3.0,2.0,396.0,3.0,2.0,256,0,0,0,0,0,NoFence,0,2,2009,WD ,Normal,177500,0,1,1,0,1,3,0,0,0,0,0,0,0,0,0,0,0
20,RM,50.0,6000,NoAlley,3.0,Lvl,Inside,2.0,OldTown,Norm,1Fam,1Story,5,5,1948,1950,Gable,VinylSd,VinylSd,None,0.0,2.0,2.0,CBlock,3.0,3.0,1.0,5.0,104.0,4.0,169.0,516.0,789.0,4.0,Y,4.0,789,0,0,789,0.0,0.0,1,0,2,1,2.0,5,Typ,0,0.0,Detchd,1948.0,1.0,1.0,250.0,3.0,2.0,0,0,0,0,0,0,NoFence,0,4,2008,WD ,Partial,115000,0,0,1,0,1,2,0,0,0,0,0,0,0,0,0,0,0
60,RL,64.0,15896,NoAlley,1.0,Lvl,CulDSac,2.0,Gilbert,RRNn,1Fam,2Story,7,5,1999,1999,Gable,VinylSd,VinylSd,BrkFace,210.0,3.0,2.0,PConc,4.0,3.0,1.0,5.0,913.0,1.0,0.0,264.0,1177.0,4.0,Y,4.0,1223,1089,0,2312,1.0,0.0,2,1,4,1,3.0,8,Typ,1,3.0,BuiltIn,1999.0,3.0,3.0,658.0,3.0,2.0,298,0,0,0,0,0,NoFence,0,5,2009,WD ,Normal,245000,0,1,1,0,1,3,0,0,0,0,0,0,0,0,0,0,0
85,RL,54.0,7244,NoAlley,3.0,Lvl,Inside,2.0,Mitchel,Norm,1Fam,SFoyer,5,7,1970,1970,Gable,VinylSd,VinylSd,None,0.0,2.0,3.0,CBlock,4.0,3.0,3.0,5.0,619.0,1.0,0.0,149.0,768.0,4.0,Y,4.0,768,0,0,768,1.0,0.0,1,0,2,1,2.0,5,Typ,0,0.0,Detchd,1987.0,1.0,2.0,624.0,3.0,2.0,104,0,0,0,0,0,NoFence,0,4,2007,WD ,Normal,129500,0,0,1,0,1,2,0,0,0,0,0,0,0,0,0,0,0
20,RL,88.0,12216,NoAlley,2.0,Lvl,Corner,2.0,Gilbert,Norm,1Fam,1Story,6,5,2005,2005,Gable,VinylSd,VinylSd,None,0.0,2.0,2.0,PConc,4.0,3.0,3.0,6.0,918.0,1.0,0.0,408.0,1326.0,4.0,Y,4.0,1326,0,0,1326,1.0,0.0,2,0,3,1,3.0,6,Typ,0,0.0,Attchd,2005.0,3.0,2.0,388.0,3.0,2.0,120,23,0,0,0,0,NoFence,2000,6,2007,WD ,Normal,203000,0,0,1,0,1,2,0,0,0,0,0,0,0,0,0,0,0
20,RL,74.0,12968,NoAlley,1.0,Lvl,Inside,2.0,Sawyer,Norm,1Fam,1Story,5,6,1962,1962,Hip,HdBoard,Plywood,None,0.0,2.0,2.0,CBlock,3.0,3.0,1.0,5.0,737.0,1.0,0.0,175.0,912.0,2.0,Y,4.0,912,0,0,912,1.0,0.0,1,0,2,1,2.0,4,Typ,0,0.0,Detchd,1962.0,1.0,1.0,352.0,3.0,2.0,140,0,0,0,176,0,NoFence,0,9,2008,WD ,Normal,144000,0,0,1,0,1,2,0,0,0,0,0,0,0,0,0,0,0
20,RL,80.0,10400,NoAlley,3.0,Lvl,Inside,2.0,NWAmes,Norm,1Fam,1Story,7,6,1970,1970,Hip,Plywood,Plywood,BrkFace,288.0,2.0,2.0,PConc,3.0,3.0,1.0,1.0,0.0,1.0,0.0,1304.0,1304.0,3.0,Y,4.0,1682,0,0,1682,0.0,0.0,2,0,3,1,2.0,7,Typ,1,4.0,Attchd,1970.0,1.0,2.0,530.0,3.0,2.0,98,0,0,0,0,0,MnPrv,0,5,2008,WD ,Normal,174000,0,1,1,1,1,4,0,0,0,0,0,0,0,0,0,0,0
70,RM,60.0,10266,NoAlley,3.0,Lvl,Inside,2.0,IDOTRR,Norm,1Fam,2Story,6,6,1952,1952,Gable,MetalSd,MetalSd,None,0.0,2.0,2.0,CBlock,3.0,3.0,1.0,3.0,372.0,1.0,0.0,396.0,768.0,2.0,Y,3.0,768,768,0,1536,0.0,0.0,1,1,4,1,2.0,7,Typ,0,0.0,Detchd,1952.0,1.0,1.0,308.0,3.0,2.0,0,216,80,0,0,0,NoFence,0,5,2008,COD,Abnorml,136000,0,0,1,0,1,2,0,0,0,0,0,0,0,0,0,0,0
70,RL,43.0,5707,NoAlley,3.0,Bnk,Inside,2.0,SWISU,Feedr,1Fam,2Story,6,6,1935,1950,Gable,Wd Sdng,Wd Sdng,None,0.0,2.0,2.0,BrkTil,3.0,3.0,1.0,1.0,0.0,1.0,0.0,583.0,583.0,3.0,Y,1.0,647,595,0,1242,0.0,0.0,1,1,3,1,2.0,6,Typ,1,4.0,Detchd,1926.0,1.0,1.0,180.0,2.0,2.0,329,96,0,0,0,0,NoFence,0,3,2009,WD ,Normal,105000,0,1,1,0,1,3,0,0,0,0,0,0,0,0,0,0,0
